12,5,10,5,9.700000047683716,5,7.799999952316284,7.100000023841858,5,7,8.899999976158142,5,10,5,10.5,5,12.200000047683716,5,5,10.5,5,10.699999928474426,5,11.900000095367432,5,10.5,5,12.299999952316284,5,5,14.100000023841858,5,5,12.5,5,13.799999952316284,5,5,10.5,5,10.200000047683716,5,11.5,5,10.699999928474426,5,13.900000095367432,5,5,13.399999976158142,5,5,14.199999928474426,5,5,11,5,12,5,12.600000023841858,5,5,11.300000071525574,5,13.599999904632568,5,5,13,5,13.100000023841858,5,5,13.600000023841858,5,5,12,5,12.700000047683716,5,5,13.599999904632568,5,13.800000071525574,5,5,12.199999928474426,5,5,12.900000095367432,5,12.199999928474426,5,5,14.5,5,5,15,5,5,14.899999976158142,5,5,12.100000023841858,5,14.299999952316284,5,5,12.700000047683716,5,13.200000047683716,5,5,13.5,5,5,11.5,5,12.899999976158142,5,5,11.899999976158142,5,12.399999976158142,5,10.5,5,5,12.399999976158142,5,12.600000023841858,5,5,9.700000047683716,10,5,13,5,5,12,5,5,12.700000047683716,5,13.200000047683716,5,5,12.699999928474426,5,10.899999976158142,5,12.400000095367432,5,5,12.699999928474426,5,12.5,5,5,8.700000047683716,5,11.699999928474426,5,10.600000023841858,5,10.600000023841858,5,12.200000047683716,5,5,12.099999904632568,5,8.800000071525574,5,12.899999976158142,5,12.899999976158142,5,5,10.300000071525574,5,13.599999904632568,5,5,13.400000095367432,5,5,13.5,5,10.799999952316284,5,12.299999952316284,5,5,12.900000095367432,5,12.599999904632568,5,5,9.700000047683716,5,12.700000047683716,5,12.5,5,5,10.799999952316284,5,12,5,12.799999952316284,5,5,12.600000023841858,5,5,9.200000047683716,12.5,5,5,12.399999976158142,5,9.200000047683716,5,12.799999952316284,5,5,12.700000047683716,5,10.799999952316284,5,11.799999952316284,5,5,12.600000023841858,5,12.700000047683716,5,5,9.5,5,12.699999928474426,5,12.800000071525574,5,5,11,5,11.699999928474426,5,12.5,5,5,12.600000023841858,5,9.799999952316284,5,12.600000023841858,5,5,12.200000047683716,5,8.799999952316284,5,12.5,5,5,12.600000023841858,5,9,5,12.100000023841858,5,12.299999952316284,5,5,9.5,5,11.600000023841858,5,12.200000047683716,5,5,8.299999952316284,11.799999952316284,5,5,12,5,8.200000047683716,5,11.799999952316284,5,10.300000071525574,5,10.399999976158142,5,11.699999928474426,5,9.600000023841858,5,11,5,5,11.800000071525574,5,10,5,11.099999904632568,5,11.800000071525574,5,10.299999952316284,5,5,11.600000023841858,5,12.399999976158142,5,9.600000023841858,5,12.299999952316284,5,5,12.700000047683716,5,12.600000023841858,5,5,9.799999952316284,5,12.700000047683716,5,12.299999952316284,5,5,8.800000071525574,5,12.099999904632568,5,12.200000047683716,5,10.399999976158142,5,11,5,5,14,5,9.800000071525574,5,11.5,5,5,12.399999976158142,5,10.5,5,10.5,5,11.799999952316284,5,5,10.600000023841858,5,10.700000047683716,5,12.399999976158142,5,6.899999976158142,5,11.700000047683716,5,11.899999976158142,5,5,9.199999928474426,11.900000095367432,5,5,11.799999952316284,5,8.899999976158142,5,12,5,11.899999976158142,5,5,9.400000095367432,5,12,5,10,5,10.5,5,12,5,5,7.199999928474426,11.600000023841858,5,11.600000023841858,5,5,9.099999904632568,12,5,5,11.900000095367432,5,9.199999928474426,5,11.899999976158142,5,11.900000095367432,5,5,8.5,5,11.699999928474426,5,10.200000047683716,5,10.399999976158142,5,11.799999952316284,5,9.800000071525574,5,11,5,11.899999976158142,5,5,8.200000047683716,5,11.799999952316284,5,11.799999952316284,5,9.700000047683716,5,12.5,5,5,11.799999952316284,5,9.300000071525574,5,10,5,9.100000023841858,5,9,5,7.099999904632568,6,7.300000071525574,5,6.699999928474426,6.5,6.100000023841858,8.300000071525574,5,8.799999952316284,5,8.5,5,5.799999952316284,5.100000023841858,4.600000023841858,6.799999952316284,7.100000023841858,6.700000047683716,5,6,5.399999976158142,7.600000023841858,5,7.899999976158142,7.899999976158142,5,6.399999976158142,5.700000047683716,7.100000023841858,5,9.600000023841858,5,8.5,8,5,6.599999904632568,9.200000047683716,5,8.799999952316284,5,7,6.400000095367432,4.699999928474426,8.300000071525574,5,8.299999952316284,5,6.799999952316284,5.800000071525574,5.299999952316284,5.300000071525574,5.399999976158142,4.799999952316284,4.300000071525574,4.399999976158142,4.199999928474426,3.100000023841858,3.899999976158142,3.899999976158142,3.6999999284744263,4,5.100000023841858,5.399999976158142,4.300000071525574,4.299999952316284,4.200000047683716,3.6999999284744263,4.099999904632568,4.099999904632568,3.6999999284744263,4.799999952316284,3.5,3.6999999284744263,2.799999952316284,3.5999999046325684,3.899999976158142,3.299999952316284,4.099999904632568,5.099999904632568,4,4.5,3.5999999046325684,4.299999952316284,3.299999952316284,3.6999999284744263,4.199999928474426,3.5999999046325684,4,4.299999952316284,3.5999999046325684,3.5999999046325684,4.399999976158142,4.199999928474426,3.5,3.6999999284744263,4,3.5999999046325684,3.5999999046325684,4,3.799999952316284,3.399999976158142,3.5999999046325684,3.899999976158142,3.1999999284744263,3.799999952316284,4.099999904632568,3.299999952316284,3.5,3.899999976158142,3.399999976158142,3.399999976158142,3.6999999284744263,4.199999928474426,3.299999952316284,4.899999976158142,5.5,3.399999976158142,3.899999976158142,4.199999928474426,3.6999999284744263,3.299999952316284,3.799999952316284,4,3.299999952316284,3.6999999284744263,4,3.799999952316284,3.899999976158142,4.5,3.799999952316284,3.399999976158142,3.899999976158142,4.199999928474426,2.899999976158142,3.6999999284744263,4,3.1999999284744263,3.5999999046325684,3.6999999284744263,3.799999952316284,4.199999928474426,3.6999999284744263,3.6999999284744263,3.0999999046325684,3.5999999046325684,4.099999904632568,3.899999976158142,3.5999999046325684,3.799999952316284,3.5999999046325684,3.0999999046325684,3.5999999046325684,3.899999976158142,3.6999999284744263,3.6999999284744263,4,3.5,3.5999999046325684,3.799999952316284,3.6999999284744263,3.5,3.6999999284744263,3.899999976158142,3.5,3.899999976158142,4.5,3.799999952316284,3.5999999046325684,3.899999976158142,4.099999904632568,3.399999976158142,3.6999999284744263,4,3.399999976158142,3.799999952316284,4.099999904632568,3.299999952316284,3.799999952316284,4,3.399999976158142,3.5,3.5,3.899999976158142,3.399999976158142,3.799999952316284,4.099999904632568,3.399999976158142,3.5,4,3.5,3.0999999046325684,3.799999952316284,4.199999928474426,3.6999999284744263,3.799999952316284,4,3.299999952316284,3.6999999284744263,3.6999999284744263,3.799999952316284,3.5999999046325684,3.5999999046325684,4,3.5,3.799999952316284,4.099999904632568,3.399999976158142,3.5,4,3.5999999046325684,3.0999999046325684,4,4.199999928474426,3.6999999284744263,3.6999999284744263,4,3.299999952316284,3.299999952316284,3.799999952316284,3.6999999284744263,3.299999952316284,4,4.5,3.899999976158142,3.6999999284744263,4.099999904632568,3.5,3.399999976158142,4,3.5999999046325684,3.299999952316284,3.799999952316284,4.199999928474426,3.1999999284744263,3.6999999284744263,4.399999976158142,3.1999999284744263,3.6999999284744263,3.899999976158142,3.799999952316284,3.399999976158142,3.5999999046325684,4.299999952316284,4,4.099999904632568,4.299999952316284,3.799999952316284,3.5,3.799999952316284,4.099999904632568,4.399999976158142,3.299999952316284,3.5999999046325684,2.6999999284744263,3.899999976158142,4.299999952316284,3.799999952316284,3.299999952316284,3.5,3.799999952316284,3.799999952316284,5.599999904632568,6,4.400000095367432,4.099999904632568,4.300000071525574,3.5999999046325684,3.5999999046325684,4,3.6999999284744263,3.399999976158142,3.799999952316284,4.199999928474426,3.899999976158142,3.899999976158142,4.399999976158142,3.1999999284744263,3.299999952316284,3.6999999284744263,3.799999952316284,3.299999952316284,3.799999952316284,4.699999928474426,3.299999952316284,3.6999999284744263,4.099999904632568,3.5,3.299999952316284,3.5999999046325684,3.799999952316284,3.6999999284744263,3.6999999284744263,4.199999928474426,3.5999999046325684,3.5999999046325684,4,3.399999976158142,3.5,3.899999976158142,3.6999999284744263,3.299999952316284,3.5999999046325684,4.199999928474426,3.0999999046325684,4.099999904632568,4.299999952316284,3.899999976158142,3.799999952316284,3.899999976158142,4.099999904632568,4.5,5.299999952316284,5.100000023841858,4.299999952316284,4.199999928474426,4.5,4,3.799999952316284,4.099999904632568,3.6999999284744263,3.799999952316284,3.799999952316284,4.099999904632568,3.5,3.799999952316284,5.299999952316284,5.799999952316284,5,5.200000047683716,4.600000023841858,4,4.099999904632568,3.6999999284744263,3.299999952316284,4.099999904632568,4.399999976158142,3.899999976158142,3.5999999046325684,3.799999952316284,3.5,3.5,4.099999904632568,4.399999976158142,4.099999904632568,3.899999976158142,4.399999976158142,3.299999952316284,3.5999999046325684,4.099999904632568,3.399999976158142,3,3.799999952316284,4.199999928474426,3.399999976158142,3.6999999284744263,3.899999976158142,3.0999999046325684,3.5999999046325684,3.5999999046325684,3.799999952316284,3.399999976158142,4,3.6999999284744263,3.799999952316284,4.199999928474426,4,3.299999952316284,3.6999999284744263,4,3.899999976158142,3.399999976158142,3.5999999046325684,4.099999904632568,3.399999976158142,7.899999976158142,8.600000023841858,5,7.599999904632568,6.300000071525574,5,6.600000023841858,6.599999904632568,5.900000095367432,8.899999976158142,5,11.199999928474426,5,8.700000047683716,5,11.700000047683716,5,5,9.5,10.799999952316284,5,5,11.700000047683716,5,8.299999952316284,5,11.5,5,11.600000023841858,5,8.799999952316284,5,11.600000023841858,5,10,5,10.5,5,11.799999952316284,5,5,9.800000071525574,5,10.799999952316284,5,11.5,5,8.399999976158142,5,11.800000071525574,5,11.5,5,8.899999976158142,5,11.700000047683716,5,5,9.599999904632568,5,10.600000023841858,5,11.899999976158142,5,8.700000047683716,5,10.799999952316284,5,11.400000095367432,5,8.899999976158142,5,11.600000023841858,5,9.899999976158142,5,10.699999928474426,5,12,5,5,8,10.700000047683716,5,5,11.5,5,8.600000023841858,5,11.5,5,9.100000023841858,5,10.699999928474426,5,11.399999976158142,5,8.900000095367432,5,11.799999952316284,5,11.600000023841858,5,5,9,11.299999952316284,5,5,9.899999976158142,5,10.300000071525574,5,11.599999904632568,5,9.5,5,10.900000095367432,5,11.599999904632568,5,8.5,5,11.600000023841858,5,9.899999976158142,5,10.100000023841858,5,11.399999976158142,5,5,9.300000071525574,5,10.899999976158142,5,11.5,5,8.200000047683716,5,11.5,5,9.399999976158142,5,10.600000023841858,5,11.399999976158142,5,8.899999976158142,5,11,5,11.399999976158142,5,5,8.899999976158142,11.900000095367432,5,5,10.5,5,10.399999976158142,5,11.899999976158142,5,8.5,5,10.799999952316284,5,11.5,5,8.900000095367432,5,11.799999952316284,5,5,11.5,5,9,5,11.700000047683716,5,10.399999976158142,5,10.199999928474426,5,11.600000023841858,5,9.100000023841858,5,10.799999952316284,5,11.5,5,5,8.899999976158142,5,11.900000095367432,5,11.599999904632568,5,9,5,11.700000047683716,5,10.299999952316284,5,10.300000071525574,5,11.899999976158142,5,5,8.899999976158142,5,10.700000047683716,5,11.600000023841858,5,8.699999928474426,5,11.800000071525574,5,11.5,5,5,9,11.699999928474426,5,5,10.300000071525574,5,10.399999976158142,5,11.699999928474426,5,9.600000023841858,5,11.200000047683716,5,12,5,5,7.600000023841858,11.699999928474426,5,5,11.600000023841858,5,8.799999952316284,5,11.600000023841858,5,10.5,5,10.5,5,12.300000071525574,5,5,10.599999904632568,5,10.600000023841858,5,12.100000023841858,5,10.399999976158142,5,10.200000047683716,5,11.699999928474426,5,5,9.200000047683716,5,10.899999976158142,5,11.700000047683716,5,8.799999952316284,5,12,5,11.700000047683716,5,5,8.799999952316284,11.899999976158142,5,5,11.900000095367432,5,9.100000023841858,5,12,5,9.600000023841858,5,10.700000047683716,5,11.799999952316284,5,5,9.600000023841858,5,11,5,11.699999928474426,5,9.5,5,10.899999976158142,5,11.5,5,5,9,11.900000095367432,5,5,11.899999976158142,5,8.699999928474426,5,11.900000095367432,5,9.199999928474426,5,10.799999952316284,5,11.900000095367432,5,5,8.699999928474426,11,5,5,11.700000047683716,5,9,5,11.899999976158142,5,11.799999952316284,5,5,9.100000023841858,11.600000023841858,5,5,9.899999976158142,5,10.5,5,12,5,8.600000023841858,5,11.200000047683716,5,11.599999904632568,5,9,5,11.5,5,5,12,5,8.5,5,11.800000071525574,5,10.299999952316284,5,10.5,5,11.800000071525574,5,5,8.699999928474426,11.200000047683716,5,11.899999976158142,5,5,8.299999952316284,5,11.800000071525574,5,11.699999928474426,5,8.200000047683716,5,11.5,5,9.899999976158142,5,10.899999976158142,5,11.800000071525574,5,5,8.799999952316284,10.899999976158142,5,5,11.900000095367432,5,9.5,5,11.899999976158142,5,11.299999952316284,5,5,8.399999976158142,8.5,5,6.100000023841858,4.899999976158142,4.100000023841858,4.800000071525574,4.199999928474426,3.600000023841858,4.099999904632568,3.899999976158142,3.299999952316284,3.6999999284744263,4,3.5999999046325684,3,3.899999976158142,4.899999976158142,3.5999999046325684,3.899999976158142,4,3.899999976158142,3.6999999284744263,3.5999999046325684,4.099999904632568,3.799999952316284,4.099999904632568,4.099999904632568,3.5,4.5,4.099999904632568,3.6999999284744263,3.0999999046325684,4.299999952316284,3.6999999284744263,3,3.899999976158142,4.599999904632568,3.1999999284744263,3.5,3.899999976158142,3.799999952316284,3.5999999046325684,3.799999952316284,4.299999952316284,3.799999952316284,3.899999976158142,3.799999952316284,3.6999999284744263,3.5999999046325684,3.799999952316284,3.299999952316284,3.0999999046325684,4,3.6999999284744263,3.299999952316284,3.5999999046325684,3.899999976158142,3.1999999284744263,3.6999999284744263,4.199999928474426,3.5999999046325684,3.299999952316284,3.5999999046325684,6,5.199999928474426,5.300000071525574,4.799999952316284,4,4.100000023841858,4.199999928474426,3.6999999284744263,4.299999952316284,4.699999928474426,4.899999976158142,3.5,4,4.299999952316284,3.299999952316284,3.5,3.6999999284744263,3.899999976158142,3.1999999284744263,3.6999999284744263,3.899999976158142,3.6999999284744263,3.6999999284744263,4,3.799999952316284,4.199999928474426,3.799999952316284,3.6999999284744263,3.5,3.5,3.899999976158142,3.299999952316284,3.799999952316284,3.899999976158142,3.299999952316284,3.799999952316284,4,3.5,3.5,3.6999999284744263,4,3.299999952316284,4.5,3.799999952316284,2.899999976158142,4.399999976158142,3.899999976158142,3.399999976158142,3.0999999046325684,3.799999952316284,4,3.299999952316284,3.6999999284744263,3.799999952316284,3.1999999284744263,3.5999999046325684,3.899999976158142,4,2.799999952316284,3.5,4,3.1999999284744263,3.5999999046325684,4,3.899999976158142,4,3.6999999284744263,3.5,3.1999999284744263,3.399999976158142,3.5999999046325684,3.6999999284744263,3.6999999284744263,4,3.1999999284744263,3.5999999046325684,6.799999952316284,7.299999952316284,5.800000071525574,4.5,3.600000023841858,3.899999976158142,4,3.799999952316284,3,3.6999999284744263,4.199999928474426,3.6999999284744263,3.299999952316284,3.799999952316284,4.099999904632568,3.0999999046325684,3.899999976158142,4.099999904632568,3.299999952316284,3.5999999046325684,3.899999976158142,3.5,2.899999976158142,3.799999952316284,4,3.299999952316284,3.5999999046325684,3.899999976158142,3.5,3.5,3.6999999284744263,3.399999976158142,3.5,3.6999999284744263,3.5999999046325684,3.0999999046325684,3.5,3.799999952316284,3.5999999046325684,3.399999976158142,3.799999952316284,3.799999952316284,3.399999976158142,3.5,3.799999952316284,3.5999999046325684,3.6999999284744263,4,3.5999999046325684,3.5999999046325684,3.899999976158142,3.5999999046325684,3.299999952316284,3.899999976158142,4,3.6999999284744263,4.699999928474426,5,4,3.799999952316284,3.5,3.6999999284744263,3.299999952316284,3.799999952316284,4,3.5999999046325684,3.5999999046325684,3.899999976158142,3.399999976158142,3.5,3.899999976158142,3.899999976158142,3.5,3.799999952316284,3.5999999046325684,2.899999976158142,3.799999952316284,4,3.299999952316284,3.399999976158142,3.799999952316284,3.899999976158142,3.399999976158142,3.799999952316284,3.899999976158142,3.6999999284744263,3.5999999046325684,4,3.1999999284744263,3.399999976158142,4.199999928474426,3.0999999046325684,3.6999999284744263,3.5,3.6999999284744263,3.1999999284744263,3.5999999046325684,3.799999952316284,3,3.399999976158142,3.5999999046325684,3.5999999046325684,3.5,3.5999999046325684,3.799999952316284,4,3.799999952316284,4.299999952316284,3.0999999046325684,3.5,3.6999999284744263,3.5,3.799999952316284,4.099999904632568,3.799999952316284,3.0999999046325684,4.299999952316284,4.599999904632568,3.0999999046325684,3.5,6.399999976158142,6.899999976158142,6.200000047683716,5.199999928474426,4,3.8000000715255737,4.400000095367432,4.199999928474426,3.700000047683716,4.199999928474426,3.799999952316284,3.5,3.1999999284744263,4.699999928474426,4.199999928474426,4.099999904632568,4.5,4.699999928474426,3.799999952316284,3.5999999046325684,4.099999904632568,3.899999976158142,3.1999999284744263,3.6999999284744263,4.099999904632568,3.5,3.899999976158142,3.899999976158142,3.6999999284744263,3.799999952316284,3.399999976158142,3.6999999284744263,3.0999999046325684,4.399999976158142,4.099999904632568,3,3.899999976158142,3.899999976158142,3.1999999284744263,3.1999999284744263,3.5999999046325684,4,3.1999999284744263,4.099999904632568,3.899999976158142,3.1999999284744263,3.5999999046325684,4,3.5,3.299999952316284,3.799999952316284,3.899999976158142,3.1999999284744263,3.6999999284744263,4.099999904632568,3.399999976158142,3.6999999284744263,4.199999928474426,3.5999999046325684,3.299999952316284,3.6999999284744263,3.799999952316284,3.299999952316284,3.799999952316284,4.099999904632568,3.5,3.6999999284744263,4,3.1999999284744263,3.5999999046325684,3.899999976158142,3.399999976158142,3.5999999046325684,4,3.899999976158142,3,3.6999999284744263,4,3.5999999046325684,3.6999999284744263,3.899999976158142,3.5999999046325684,3.1999999284744263,3.5999999046325684,4.099999904632568,2.799999952316284,3.899999976158142,4.299999952316284,3.6999999284744263,3.899999976158142,3.6999999284744263,3.5,3,4.299999952316284,4.699999928474426,3.6999999284744263,4.099999904632568,4.099999904632568,3.399999976158142,3.299999952316284,3.6999999284744263,3.799999952316284,3.5,3.6999999284744263,4,3.299999952316284,3.5999999046325684,4,3.6999999284744263,3.6999999284744263,3.5999999046325684,3.899999976158142,3.0999999046325684,7.799999952316284,8,5,8.100000023841858,5.100000023841858,3.5,4,4.399999976158142,3.399999976158142,3.1999999284744263,3.6999999284744263,4.099999904632568,3.5999999046325684,4,4.599999904632568,3.299999952316284,4.599999904632568,4.299999952316284,4.199999928474426,4.599999904632568,8.899999976158142,11.600000023841858,5,5,9.099999904632568,11.400000095367432,5,5,11.799999952316284,5,9,5,12.100000023841858,5,11.5,5,5,8.699999928474426,11.900000095367432,5,5,10.199999928474426,5,10.100000023841858,5,11.700000047683716,5,8.799999952316284,5,11.200000047683716,5,11.899999976158142,5,7.399999976158142,5,11.899999976158142,5,12.200000047683716,5,5,9.199999928474426,5,11.800000071525574,5,9.299999952316284,5,11.200000047683716,5,11.799999952316284,5,10.700000047683716,5,5,11.199999928474426,5,12.100000023841858,5,10.600000023841858,5,10.700000047683716,5,5,12,5,8.899999976158142,5,11.299999952316284,5,11.899999976158142,5,9.5,5,11.399999976158142,5,5,11.900000095367432,5,10,5,11.899999976158142,5,11.799999952316284,5,5,8.200000047683716,11.699999928474426,5,5,11.800000071525574,5,9.399999976158142,5,12,5,11,5,8.799999952316284,5,11.800000071525574,5,5,12.399999976158142,5,10,5,12.399999976158142,5,5,12.100000023841858,5,9.299999952316284,5,11.900000095367432,5,11.899999976158142,5,5,8.699999928474426,11.800000071525574,5,5,11.899999976158142,5,8.899999976158142,5,12,5,8.100000023841858,5,11.399999976158142,5,11.899999976158142,5,5,10,5,11,5,11.900000095367432,5,8.699999928474426,5,11.700000047683716,5,11.399999976158142,5,9,5,12.200000047683716,5,5,7.599999904632568,10.800000071525574,5,11.5,5,5,7.899999976158142,11.600000023841858,5,5,8.699999928474426,11,5,5,11.899999976158142,5,10.200000047683716,5,11.700000047683716,5,12.399999976158142,5,5,9.799999952316284,5,11.300000071525574,5,12.199999928474426,5,8.700000047683716,5,11.199999928474426,5,11.900000095367432,5,5,8.5,5,11.799999952316284,5,11.700000047683716,5,8.299999952316284,5,11.899999976158142,5,10.800000071525574,5,10.799999952316284,5,5,12,5,10,5,10.200000047683716,5,11.799999952316284,5,9.799999952316284,5,11,5,5,12,5,8.100000023841858,5,12,5,11.600000023841858,5,8.799999952316284,5,11.900000095367432,5,11.799999952316284,5,5,9.100000023841858,5,11.699999928474426,5,10.400000095367432,5,10.399999976158142,5,11.899999976158142,5,8.799999952316284,5,11.100000023841858,5,11.899999976158142,5,5,8.200000047683716,11.799999952316284,5,5,11.800000071525574,5,8.600000023841858,5,11.699999928474426,5,10.399999976158142,5,10.600000023841858,5,11.700000047683716,5,5,9.899999976158142,5,11.299999952316284,5,12,5,8.300000071525574,5,11,5,11.899999976158142,5,5,8.600000023841858,11.899999976158142,5,5,12,5,8.699999928474426,5,11.900000095367432,5,12.099999904632568,5,5,9.300000071525574,5,11.799999952316284,5,11.100000023841858,5,9.899999976158142,5,12,5,5,8.800000071525574,11.299999952316284,5,5,11.799999952316284,5,8.5,5,11.700000047683716,5,11.899999976158142,5,8.600000023841858,5,11.700000047683716,5,10.299999952316284,5,10.200000047683716,5,5,12,5,9.599999904632568,5,11.100000023841858,5,11.899999976158142,5,9.900000095367432,5,11,5,5,11.799999952316284,5,8.100000023841858,5,11.899999976158142,5,11.700000047683716,5,8.799999952316284,5,11.700000047683716,5,11.399999976158142,5,5,8.899999976158142,11.700000047683716,5,5,8.699999928474426,5,10.899999976158142,5,11.700000047683716,5,8.600000023841858,5,11.799999952316284,5,11.700000047683716,5,8.699999928474426,5,11.400000095367432,5,5,10.099999904632568,5,10.400000095367432,5,11.799999952316284,5,7.700000047683716,5,11.799999952316284,5,11.600000023841858,5,8.600000023841858,5,11.699999928474426,5,9.200000047683716,5,10.799999952316284,5,12.300000071525574,5,5,10.799999952316284,5,11.299999952316284,5,12.400000095367432,5,5,10.599999904632568,5,10.700000047683716,5,11,5,7.200000047683716,5,7.799999952316284,6,5.600000023841858,5.299999952316284,5.800000071525574,5,4.299999952316284,4.799999952316284,3.899999976158142,3.0999999046325684,3.5,3.799999952316284,4.5,3.299999952316284,3.799999952316284,4.5,4,3.899999976158142,4.099999904632568,3.5,5,10,5,9.899999976158142,9.699999928474426,5,9.5,5,6.800000071525574,5,5.199999928474426,5.5,5.600000023841858,4.899999976158142,5.100000023841858,4.700000047683716,4.399999976158142,4.200000047683716,4.699999928474426,3.399999976158142,3.799999952316284,3.5999999046325684,4,4,3.899999976158142,4.399999976158142,3.0999999046325684,4.099999904632568,3.899999976158142,4.299999952316284,3.6999999284744263,4.099999904632568,3.799999952316284,3.299999952316284,3.899999976158142,4.5,3.299999952316284,3.899999976158142,4.199999928474426,3.799999952316284,3.5999999046325684,4.299999952316284,6.399999976158142,5.5,5.699999928474426,4.900000095367432,4.299999952316284,4.299999952316284,4.800000071525574,3.299999952316284,4.5,4.299999952316284,4.199999928474426,3.6999999284744263,4.099999904632568,4.199999928474426,3.5999999046325684,3.6999999284744263,4.199999928474426,4,3.399999976158142,3.6999999284744263,4.099999904632568,3.1999999284744263,4.799999952316284,4.099999904632568,3.1999999284744263,3.799999952316284,4.099999904632568,3.5,3.1999999284744263,3.6999999284744263,4,3.399999976158142,3.6999999284744263,4.099999904632568,4,3.899999976158142,4.299999952316284,3.899999976158142,3.5999999046325684,4,4.099999904632568,3.799999952316284,3.6999999284744263,4,3.5,3.799999952316284,4.199999928474426,3.5,3.5999999046325684,3.799999952316284,3.799999952316284,3,3.899999976158142,3.899999976158142,3.5,3.799999952316284,4.199999928474426,3.1999999284744263,3.1999999284744263,3.6999999284744263,4.099999904632568,3.5999999046325684,3.899999976158142,4.199999928474426,3.5999999046325684,3.5999999046325684,4,3.799999952316284,3.1999999284744263,4.099999904632568,3.6999999284744263,3.299999952316284,3.6999999284744263,4.399999976158142,3.299999952316284,3.899999976158142,4.5,3.799999952316284,3.6999999284744263,3.6999999284744263,3.899999976158142,3.6999999284744263,3.6999999284744263,4.299999952316284,3.5,4.599999904632568,3.899999976158142,3.0999999046325684,4.099999904632568,3.5999999046325684,4.199999928474426,2.899999976158142,3.899999976158142,4,3.1999999284744263,3.799999952316284,4.199999928474426,3.6999999284744263,2.799999952316284,3.5999999046325684,4,3.5999999046325684,3.899999976158142,4.199999928474426,3.399999976158142,3.399999976158142,3.6999999284744263,3.799999952316284,4.199999928474426,3.799999952316284,3.6999999284744263,3.399999976158142,3.899999976158142,4.099999904632568,3.6999999284744263,3.6999999284744263,4.199999928474426,3.5999999046325684,3.399999976158142,4.399999976158142,4,2.799999952316284,3.799999952316284,4.099999904632568,3.5,4,4.199999928474426,3.6999999284744263,3.1999999284744263,4,4.299999952316284,3.0999999046325684,4.099999904632568,3.899999976158142,3.0999999046325684,3.6999999284744263,3.899999976158142,3.399999976158142,3.399999976158142,3.5999999046325684,4,3.299999952316284,3.6999999284744263,4.399999976158142,3.5,3.799999952316284,4.099999904632568,3.6999999284744263,3.399999976158142,3.6999999284744263,4,3.399999976158142,4,3.899999976158142,3.299999952316284,3.799999952316284,4,4,3.5,3.6999999284744263,4.199999928474426,3.6999999284744263,3.6999999284744263,4.099999904632568,3.799999952316284,3.6999999284744263,3.899999976158142,4.099999904632568,3.899999976158142,3.6999999284744263,4,3.399999976158142,3.899999976158142,4,3.6999999284744263,3.399999976158142,3.799999952316284,3.799999952316284,3.1999999284744263,3.799999952316284,4.199999928474426,3.299999952316284,3.799999952316284,4.099999904632568,3.5,4.099999904632568,3.799999952316284,3.5,3.1999999284744263,4.199999928474426,3.6999999284744263,2.899999976158142,3.899999976158142,3.899999976158142,3.1999999284744263,3.5999999046325684,4.399999976158142,3.5,3.1999999284744263,3.6999999284744263,3.899999976158142,3.399999976158142,3.6999999284744263,4.099999904632568,3.6999999284744263,3.399999976158142,3.5999999046325684,3.799999952316284,3.399999976158142,4.299999952316284,3.899999976158142,3,4.199999928474426,4.099999904632568,3.1999999284744263,3.5999999046325684,4,4,3.0999999046325684,3.799999952316284,4.199999928474426,3.6999999284744263,3.799999952316284,4.399999976158142,3,3.5,3.899999976158142,4.299999952316284,3.899999976158142,3.5999999046325684,3.899999976158142,3.5,3.899999976158142,4.099999904632568,6.599999904632568,9.600000023841858,5,8.600000023841858,6.799999952316284,5,6.400000095367432,5.299999952316284,4.700000047683716,3.899999976158142,3.299999952316284,3.899999976158142,4.199999928474426,3.6999999284744263,3.899999976158142,4,4.299999952316284,3.399999976158142,3.799999952316284,4.099999904632568,3.399999976158142,3.399999976158142,3.799999952316284,3.6999999284744263,3.299999952316284,3.6999999284744263,4,3.399999976158142,3.6999999284744263,3.899999976158142,3.6999999284744263,3.5999999046325684,3.899999976158142,3.899999976158142,3.299999952316284,3.6999999284744263,3.899999976158142,4.199999928474426,4,4,3.299999952316284,3.5,4,3.5999999046325684,3.1999999284744263,3.6999999284744263,4.099999904632568,3.299999952316284,3.799999952316284,4.099999904632568,3.299999952316284,3.5,3.799999952316284,3.6999999284744263,3.0999999046325684,4.099999904632568,3.6999999284744263,3,4.899999976158142,5.199999928474426,3.8000000715255737,3.799999952316284,4.199999928474426,3.5,3.299999952316284,3.6999999284744263,4.299999952316284,4,3.5999999046325684,4,3.5999999046325684,3.5,3.899999976158142,3.899999976158142,3.299999952316284,4.099999904632568,4.199999928474426,3,4.199999928474426,4,3.399999976158142,3.1999999284744263,3.6999999284744263,4.199999928474426,3.5,3.899999976158142,4.299999952316284,3.0999999046325684,3.6999999284744263,3.899999976158142,3.799999952316284,4.799999952316284,4.099999904632568,4.299999952316284,3.1999999284744263,8.599999904632568,10.900000095367432,5,9,5,11.899999976158142,5,5,11.600000023841858,5,8.799999952316284,5,11.799999952316284,5,9.800000071525574,5,10.600000023841858,5,11.899999976158142,5,9.100000023841858,5,11,5,5,11.799999952316284,5,9.299999952316284,5,11.100000023841858,5,11.399999976158142,5,8.900000095367432,5,11.599999904632568,5,10,5,10.700000047683716,5,11.799999952316284,5,5,9.600000023841858,5,11.100000023841858,5,11.799999952316284,5,7.400000095367432,5,11.599999904632568,5,11.5,5,9,5,11.600000023841858,5,5,9.700000047683716,10.899999976158142,5,5,11.899999976158142,5,7.399999976158142,5,11.5,5,11.5,5,8.700000047683716,5,11.700000047683716,5,8.899999976158142,5,11,5,11.600000023841858,5,5,8.299999952316284,11.700000047683716,5,5,11.699999928474426,5,8.899999976158142,5,11.800000071525574,5,9,5,10.699999928474426,5,11.5,5,8.100000023841858,5,11.600000023841858,5,11.600000023841858,5,8.699999928474426,5,11.700000047683716,5,5,9.5,11,5,5,11.5,5,9,5,11,5,11.5,5,8.600000023841858,5,11.799999952316284,5,9.300000071525574,5,10.899999976158142,5,11.699999928474426,5,5,9.200000047683716,5,11.100000023841858,5,11.699999928474426,5,8.300000071525574,5,11.699999928474426,5,11.400000095367432,5,8.5,5,11.599999904632568,5,9.300000071525574,5,10.899999976158142,5,11.600000023841858,5,5,7.699999928474426,11.5,5,5,9.100000023841858,10.899999976158142,5,5,11.900000095367432,5,8.599999904632568,5,11.100000023841858,5,11.700000047683716,5,9,5,11.600000023841858,5,11.299999952316284,5,5,8.700000047683716,11.599999904632568,5,5,8.600000023841858,10.899999976158142,5,5,11.600000023841858,5,8.300000071525574,5,11.199999928474426,5,9.700000047683716,5,10.399999976158142,5,11.600000023841858,5,9.5,5,11,5,11.699999928474426,5,5,8.200000047683716,11.600000023841858,5,5,9.399999976158142,10.799999952316284,5,5,11.600000023841858,5,7.700000047683716,11.5,5,5,11.5,5,8.799999952316284,5,11.700000047683716,5,9.5,5,11,5,11.600000023841858,5,5,8.099999904632568,11.800000071525574,5,5,11.399999976158142,5,8.700000047683716,5,11.5,5,8.599999904632568,5,11,5,11.800000071525574,5,7.5,5,11.299999952316284,5,9.700000047683716,5,10.399999976158142,5,11.399999976158142,5,9.399999976158142,5,11,5,11.600000023841858,5,5,8.300000071525574,11.599999904632568,5,5,9.700000047683716,5,10.5,5,11.5,5,8.899999976158142,5,11.100000023841858,5,11.600000023841858,5,8.5,5,11.600000023841858,5,9.399999976158142,5,10.600000023841858,5,11.699999928474426,5,5,8.800000071525574,10.899999976158142,5,5,11.699999928474426,5,8.100000023841858,5,11.399999976158142,5,8.700000047683716,5,11.299999952316284,5,12,5,7.800000071525574,5,11.600000023841858,5,11.599999904632568,5,8.400000095367432,5,11.599999904632568,5,8.600000023841858,5,10.800000071525574,5,11.5,5,5,8.799999952316284,11.600000023841858,5,5,10.600000023841858,5,9.799999952316284,5,11.700000047683716,5,8.799999952316284,5,11,5,11.799999952316284,5,8.300000071525574,5,11.699999928474426,5,11.800000071525574,5,5,8.399999976158142,11.399999976158142,5,5,9.300000071525574,5,10.799999952316284,5,11.399999976158142,5,7.700000047683716,5,11.599999904632568,5,9.900000095367432,5,10.299999952316284,5,11.600000023841858,5,7.799999952316284,5,11.700000047683716,5,11.199999928474426,5,8.800000071525574,5,11.600000023841858,5,5,8.699999928474426,11.100000023841858,5,11.5,5,5,8,11.600000023841858,5,5,9.899999976158142,5,10.299999952316284,5,11.800000071525574,5,8.699999928474426,5,11.400000095367432,5,11.799999952316284,5,8.299999952316284,5,10.600000023841858,5,6.899999976158142,5,6.700000047683716,5.700000047683716,5.699999928474426,5.700000047683716,4.199999928474426,3.5,3.100000023841858,4.600000023841858,3.799999952316284,3.399999976158142,3,4.099999904632568,4.299999952316284,3.799999952316284,4.099999904632568,4.199999928474426,3.5,3.899999976158142,4,4.099999904632568,3.399999976158142,4,4.899999976158142,4.699999928474426,3.6999999284744263,3.899999976158142,3.899999976158142,4.599999904632568,4,3.1999999284744263,3.1999999284744263,4.5,4.5,3.299999952316284,3.899999976158142,4.5,3.0999999046325684,3.6999999284744263,4,3.799999952316284,3.0999999046325684,3.6999999284744263,3.899999976158142,4.199999928474426,3.799999952316284,4,3.5,4.599999904632568,3.899999976158142,3.1999999284744263,3,3.899999976158142,4.5,3.0999999046325684,4,3.899999976158142,3.0999999046325684,3.6999999284744263,3.899999976158142,3.799999952316284,3.299999952316284,4.199999928474426,5.899999976158142,5.199999928474426,5.700000047683716,4.700000047683716,4.099999904632568,4.300000071525574,4.5,3.799999952316284,3.5999999046325684,4.199999928474426,4.299999952316284,3.5999999046325684,4.099999904632568,4.299999952316284,3.6999999284744263,3.799999952316284,4.199999928474426,3.5999999046325684,3.5999999046325684,3.899999976158142,4.099999904632568,3.299999952316284,3.799999952316284,4.099999904632568,3.5999999046325684,4.199999928474426,3.799999952316284,3.299999952316284,3.1999999284744263,3.6999999284744263,4.5,2.899999976158142,4,4.399999976158142,3,3.799999952316284,4.199999928474426,3.5,3.5999999046325684,3.6999999284744263,4,3.5,4,4.5,3.1999999284744263,3.6999999284744263,4.199999928474426,3.5999999046325684,3.0999999046325684,4,4.299999952316284,3,3.6999999284744263,4.199999928474426,3.5999999046325684,3.5999999046325684,4,3.799999952316284,3,3.5999999046325684,3.799999952316284,4,3.799999952316284,4.399999976158142,3.0999999046325684,4,3.6999999284744263,3.399999976158142,3.399999976158142,4,4.199999928474426,2.899999976158142,4,4,3.1999999284744263,3.799999952316284,4.099999904632568,3.899999976158142,3.5999999046325684,3.6999999284744263,4,3.6999999284744263,3.6999999284744263,4.099999904632568,3.5,4,4.199999928474426,3.6999999284744263,3.0999999046325684,4,3.799999952316284,2.799999952316284,4,4.199999928474426,3.5,3.5999999046325684,4,3.799999952316284,3.1999999284744263,3.6999999284744263,4.199999928474426,2.899999976158142,3.799999952316284,4.099999904632568,3.399999976158142,3.899999976158142,4.099999904632568,3.5999999046325684,3.1999999284744263,3.6999999284744263,4.099999904632568,3.5,3.799999952316284,4.099999904632568,3.6999999284744263,3.799999952316284,4.199999928474426,3.399999976158142,3.399999976158142,3.6999999284744263,3.899999976158142,3.399999976158142,3.799999952316284,4.099999904632568,3.299999952316284,3.799999952316284,4.099999904632568,3.6999999284744263,3.399999976158142,3.899999976158142,4,3.5,4,4.599999904632568,3.1999999284744263,3.5999999046325684,4,4,3.299999952316284,3.6999999284744263,4.399999976158142,3.1999999284744263,3.799999952316284,4.5,3.1999999284744263,4.099999904632568,4.299999952316284,3.299999952316284,2.899999976158142,3.899999976158142,4,3.1999999284744263,4.099999904632568,4.299999952316284,3.0999999046325684,3.399999976158142,3.799999952316284,3.899999976158142,3.399999976158142,3.5999999046325684,4.099999904632568,3,3.6999999284744263,4,3.899999976158142,3.399999976158142,3.899999976158142,3.6999999284744263,3.399999976158142,4.099999904632568,4.299999952316284,3.799999952316284,4.5,5.399999976158142,4.100000023841858,3.899999976158142,4,3.6999999284744263,3.0999999046325684,3.5999999046325684,4.199999928474426,3,4,4.299999952316284,3.6999999284744263,4.699999928474426,3.799999952316284,3.1999999284744263,3.5999999046325684,4,3.6999999284744263,3.299999952316284,4,4.099999904632568,3.399999976158142,3.6999999284744263,4.199999928474426,3.6999999284744263,3.5,3.799999952316284,4.399999976158142,3.899999976158142,3.799999952316284,4.399999976158142,3.0999999046325684,4.399999976158142,3.899999976158142,3.1999999284744263,3.5999999046325684,4,5.099999904632568,5.600000023841858,4.5,4.800000071525574,4.099999904632568,3.899999976158142,4.299999952316284,4.199999928474426,3.799999952316284,3.6999999284744263,3.899999976158142,3.299999952316284,4,4.099999904632568,3.399999976158142,3.899999976158142,3.6999999284744263,3.899999976158142,3.799999952316284,3.899999976158142,4,3.299999952316284,3.6999999284744263,4,3.399999976158142,3.6999999284744263,3.799999952316284,3.799999952316284,4,3.5999999046325684,4.099999904632568,3.5,3.899999976158142,4.399999976158142,3,3.5,3.799999952316284,3.899999976158142,3.6999999284744263,4.199999928474426,3.899999976158142,2.899999976158142,4,4.099999904632568,3.5999999046325684,3.399999976158142,3.799999952316284,3.6999999284744263,3,3.799999952316284,4.199999928474426,3.899999976158142,4.199999928474426,4,3.0999999046325684,3.1999999284744263,3.5,3.799999952316284,3.5999999046325684,4.199999928474426,3.899999976158142,3.0999999046325684,3.799999952316284,4,3.5,3.899999976158142,4.299999952316284,3.5999999046325684,3.5999999046325684,3.5999999046325684,4.099999904632568,3.0999999046325684,4,4,3.6999999284744263,4,3.899999976158142,3.5999999046325684,3.5,3.6999999284744263,4.299999952316284,3,3.899999976158142,4.199999928474426,3.6999999284744263,3.799999952316284,4.399999976158142,4.199999928474426,3.6999999284744263,3.6999999284744263,4,3.299999952316284,4.099999904632568,4,3.1999999284744263,3.5,3.5999999046325684,3.399999976158142,3.1999999284744263,4.099999904632568,3.6999999284744263,3.299999952316284,4,3.899999976158142,3.1999999284744263,3.5999999046325684,4.099999904632568,3.799999952316284,3.0999999046325684,3.799999952316284,4.199999928474426,3.6999999284744263,4.099999904632568,4.5,3,4.5,4.5,4.099999904632568,3,7.899999976158142,9.600000023841858,5,10.199999928474426,5,12.100000023841858,5,11.899999976158142,5,5,8.5,5,11.700000047683716,5,11.399999976158142,5,9.899999976158142,5,11.399999976158142,5,8.600000023841858,5,11,5,11.899999976158142,5,5,8.200000047683716,11.899999976158142,5,5,11.899999976158142,5,8.600000023841858,5,11.399999976158142,5,9.600000023841858,5,10.899999976158142,5,11.399999976158142,5,5,8.100000023841858,11.899999976158142,5,5,11.800000071525574,5,8.5,5,11.399999976158142,5,10,5,10.5,5,11.5,5,8.100000023841858,5,11.799999952316284,5,11.600000023841858,5,5,9.100000023841858,11.899999976158142,5,5,7.899999976158142,10.899999976158142,5,5,11.800000071525574,5,7.699999928474426,11.700000047683716,5,5,11.600000023841858,5,8.600000023841858,5,11.199999928474426,5,8.600000023841858,5,11.100000023841858,5,11.799999952316284,5,8.100000023841858,5,11.700000047683716,5,10,5,10.399999976158142,5,11.600000023841858,5,5,8.799999952316284,11.100000023841858,5,5,10.699999928474426,5,9.100000023841858,5,11.700000047683716,5,9.399999976158142,5,10.5,5,11.5,5,8.799999952316284,5,11.100000023841858,5,11.600000023841858,5,5,9,11.799999952316284,5,5,11.899999976158142,5,8.800000071525574,5,11.699999928474426,5,10.300000071525574,5,10.199999928474426,5,12,5,5,9,5,10.900000095367432,5,11.799999952316284,5,8.5,5,11.799999952316284,5,11.800000071525574,5,9.100000023841858,5,11.799999952316284,5,5,11.299999952316284,5,9.400000095367432,5,11.799999952316284,5,9.600000023841858,5,11.100000023841858,5,11.899999976158142,5,5,8.5,11,5,5,11.699999928474426,5,8.399999976158142,5,11.800000071525574,5,10.100000023841858,5,10,5,11.799999952316284,5,8.600000023841858,5,11.100000023841858,5,11.099999904632568,5,5,8.900000095367432,11.699999928474426,5,5,10.300000071525574,5,10.099999904632568,5,11.700000047683716,5,9.5,5,11.100000023841858,5,11.5,5,9.600000023841858,5,11,5,5,11.899999976158142,5,8.699999928474426,5,11.700000047683716,5,10.5,5,10.200000047683716,5,11.799999952316284,5,5,9.899999976158142,5,10.399999976158142,5,11.700000047683716,5,9.799999952316284,5,11,5,11.800000071525574,5,8.699999928474426,5,11.800000071525574,5,5,12,5,9.199999928474426,5,11.700000047683716,5,11.700000047683716,5,5,8.599999904632568,11.600000023841858,5,5,9.700000047683716,10.600000023841858,5,5,11.899999976158142,5,10,5,11.299999952316284,5,12.100000023841858,5,5,9.200000047683716,5,11.199999928474426,5,12,5,8.100000023841858,5,12,5,11.799999952316284,5,5,8.900000095367432,12.199999928474426,5,5,12.100000023841858,5,8.899999976158142,5,11.800000071525574,5,10.399999976158142,5,10.600000023841858,5,5,11.899999976158142,5,10.699999928474426,5,10.600000023841858,5,12,5,5,10.700000047683716,5,10.5,5,12,5,9.5,5,11.100000023841858,5,12.099999904632568,5,5,8.800000071525574,11.199999928474426,5,5,12.100000023841858,5,9.899999976158142,5,11.300000071525574,5,12.199999928474426,5,5,8.400000095367432,5,11.899999976158142,5,12.100000023841858,5,8.699999928474426,5,12,5,11.899999976158142,5,5,9.300000071525574,5,12,5,11.600000023841858,5,8.599999904632568,5,11.700000047683716,5,9,5,11.200000047683716,5,5,11.5,5,8.5,5,11.799999952316284,5,11.700000047683716,5,8.799999952316284,5,11.700000047683716,5,10.399999976158142,5,10.600000023841858,5,5,12,5,10.099999904632568,5,11.200000047683716,5,12.200000047683716,5,5,10.599999904632568,5,10.5,5,12.100000023841858,5,10.5,5,10.200000047683716,5,11.899999976158142,5,5,9.200000047683716,5,10.099999904632568,5,6.700000047683716,5.5,5.299999952316284,4.300000071525574,4.5,4.699999928474426,4.400000095367432,3.899999976158142,4.199999928474426,3.6999999284744263,3.399999976158142,3.1999999284744263,3.6999999284744263,4.199999928474426,3.1999999284744263,3.5,4,3.1999999284744263,3.799999952316284,4,3.5999999046325684,3.399999976158142,3.799999952316284,3.899999976158142,3.5,3.5999999046325684,3.899999976158142,3.5,3.899999976158142,3.6999999284744263,3.1999999284744263,3.299999952316284,3.6999999284744263,4,3,3.799999952316284,4,3.1999999284744263,3.799999952316284,3.799999952316284,3.1999999284744263,3.299999952316284,3.799999952316284,9.399999976158142,10.199999928474426,5,8.200000047683716,5,6,4.799999952316284,3.8000000715255737,3.899999976158142,4.399999976158142,3.600000023841858,3.299999952316284,3.899999976158142,4.099999904632568,3.799999952316284,3.6999999284744263,4.099999904632568,4,3.5999999046325684,3.6999999284744263,5.899999976158142,5.100000023841858,5.399999976158142,4.600000023841858,3.799999952316284,4.099999904632568,3.799999952316284,3.399999976158142,3.399999976158142,3.899999976158142,4.599999904632568,3.5,3.6999999284744263,3.899999976158142,3.0999999046325684,3.5999999046325684,3.899999976158142,3.399999976158142,3.399999976158142,3.5,3.799999952316284,3.0999999046325684,3.899999976158142,4.399999976158142,3.1999999284744263,3.5999999046325684,3.899999976158142,3.5999999046325684,3.299999952316284,3.5999999046325684,3.799999952316284,3.1999999284744263,3.799999952316284,4.099999904632568,3.5999999046325684,3.5,4.299999952316284,3.5,3.299999952316284,3.799999952316284,4.099999904632568,3.1999999284744263,3.799999952316284,3.6999999284744263,3.0999999046325684,3.799999952316284,4.299999952316284,3.5,2.899999976158142,3.5,3.899999976158142,3.1999999284744263,3.6999999284744263,4,3.299999952316284,3.5,4,3.299999952316284,3.1999999284744263,4.099999904632568,3.899999976158142,3,3.5999999046325684,4,3.5999999046325684,3.5999999046325684,4,3.399999976158142,3.0999999046325684,3.5999999046325684,3.899999976158142,3.299999952316284,3.6999999284744263,4.099999904632568,3.399999976158142,3.6999999284744263,4.099999904632568,3.5999999046325684,3.1999999284744263,3.6999999284744263,4.099999904632568,3.1999999284744263,3.799999952316284,4.099999904632568,3.5999999046325684,3.899999976158142,3.6999999284744263,3.399999976158142,4,3.399999976158142,3.799999952316284,3.1999999284744263,3.5999999046325684,3.899999976158142,3.399999976158142,3.399999976158142,3.5999999046325684,3.799999952316284,3.5999999046325684,3.5,4.099999904632568,3,8.799999952316284,8.799999952316284,5,8.600000023841858,5,6,5.200000047683716,5.399999976158142,4.799999952316284,4.800000071525574,5,5.199999928474426,4,4.800000071525574,4.600000023841858,3.0999999046325684,3.5,3.799999952316284,4.099999904632568,3.1999999284744263,3.5,4,3.5,3.5999999046325684,3.799999952316284,3.6999999284744263,3.399999976158142,3.799999952316284,4.199999928474426,3.6999999284744263,3.799999952316284,4.199999928474426,3.5999999046325684,3.799999952316284,4.199999928474426,3.5999999046325684,3.0999999046325684,3.5999999046325684,4,3.6999999284744263,3.799999952316284,4,3.399999976158142,3.5999999046325684,4,3.5999999046325684,3.1999999284744263,4.199999928474426,4.299999952316284,3.0999999046325684,3.5999999046325684,4.099999904632568,3.1999999284744263,3.6999999284744263,3.899999976158142,3.5,3.299999952316284,3.5999999046325684,4.199999928474426,3.0999999046325684,3.6999999284744263,3.899999976158142,3.6999999284744263,3.5999999046325684,3.899999976158142,3.6999999284744263,3.399999976158142,3.6999999284744263,4,3.5999999046325684,4,4,3.299999952316284,3.399999976158142,3.6999999284744263,3.6999999284744263,3.399999976158142,4.399999976158142,3.899999976158142,3.0999999046325684,3.6999999284744263,4.099999904632568,3.299999952316284,4.099999904632568,3.5999999046325684,3.6999999284744263,3.299999952316284,3.5,3.899999976158142,3.399999976158142,3.6999999284744263,4,3.6999999284744263,3.5999999046325684,4,3.799999952316284,3.1999999284744263,3.5,3.899999976158142,3.1999999284744263,3.799999952316284,4.299999952316284,3.299999952316284,4,3.6999999284744263,3.5999999046325684,3.1999999284744263,3.899999976158142,4,3.399999976158142,3.6999999284744263,4,3.399999976158142,3.5,3.899999976158142,4,2.899999976158142,3.5999999046325684,4.099999904632568,3.5,3.6999999284744263,3.899999976158142,3.799999952316284,3.5,4,4,3.399999976158142,3.6999999284744263,3.899999976158142,3.5,3.899999976158142,4.199999928474426,3.5,3.0999999046325684,3.5999999046325684,3.899999976158142,3.5999999046325684,3.799999952316284,4.099999904632568,3.6999999284744263,3.799999952316284,4.299999952316284,2.899999976158142,4.099999904632568,3.6999999284744263,4,3.1999999284744263,4.099999904632568,3.799999952316284,3.1999999284744263,3.5999999046325684,4.099999904632568,3.299999952316284,3.6999999284744263,4.099999904632568,3.5999999046325684,3.299999952316284,3.5999999046325684,4.099999904632568,3.1999999284744263,3.799999952316284,4.099999904632568,3.799999952316284,3.6999999284744263,3.899999976158142,3.799999952316284,3.0999999046325684,4.199999928474426,4.299999952316284,2.899999976158142,3.799999952316284,4.099999904632568,3.5,3.399999976158142,3.799999952316284,3.799999952316284,3.399999976158142,3.6999999284744263,4.099999904632568,3.5999999046325684,3.6999999284744263,4.099999904632568,3.5999999046325684,3.6999999284744263,3.5,3.899999976158142,3.899999976158142,3.799999952316284,4.5,3.1999999284744263,4,4,3.1999999284744263,3.5,4.199999928474426,3.799999952316284,3.299999952316284,4.399999976158142,4.699999928474426,3.5999999046325684,3.6999999284744263,4.299999952316284,3.6999999284744263,3.899999976158142,4.099999904632568,3.6999999284744263,3.1999999284744263,4.099999904632568,3.799999952316284,3.0999999046325684,3.899999976158142,4.399999976158142,3.0999999046325684,3.1999999284744263,3.899999976158142,3.5999999046325684,3.399999976158142,3.799999952316284,4,3.6999999284744263,3.6999999284744263,4,3.5999999046325684,3.5999999046325684,3.399999976158142,3.6999999284744263,3.1999999284744263,8.799999952316284,11.5,5,5,9.5,11.5,5,5,12.100000023841858,5,8.399999976158142,5,12,5,11.899999976158142,5,5,9,12,5,5,11.899999976158142,5,9.100000023841858,5,12.100000023841858,5,11.899999976158142,5,5,9.100000023841858,5,12.200000047683716,5,9,5,10.799999952316284,5,12,5,10.100000023841858,5,11,5,5,12.100000023841858,5,10.599999904632568,5,11,5,12.200000047683716,5,5,11.100000023841858,5,10.5,5,11.899999976158142,5,5,10.899999976158142,5,10.600000023841858,5,11.899999976158142,5,10.5,5,10.399999976158142,5,12,5,5,8,11,5,5,11.800000071525574,5,8.899999976158142,5,12,5,12.100000023841858,5,5,9.099999904632568,12,5,5,11.800000071525574,5,9.299999952316284,5,12,5,11.700000047683716,5,5,9.199999928474426,5,11.900000095367432,5,10.399999976158142,5,10.399999976158142,5,11.799999952316284,5,5,10,5,11.100000023841858,5,11.899999976158142,5,9.600000023841858,5,11,5,11.899999976158142,5,5,8.100000023841858,11.800000071525574,5,5,11.799999952316284,5,9.200000047683716,5,11.899999976158142,5,12,5,5,8.799999952316284,11.899999976158142,5,5,11.900000095367432,5,9,5,11.799999952316284,5,10.200000047683716,5,10.5,5,11.899999976158142,5,5,9.799999952316284,5,11.200000047683716,5,12.100000023841858,5,9,5,11.099999904632568,5,11.700000047683716,5,5,8.600000023841858,12,5,5,11,5,9.199999928474426,5,11.900000095367432,5,10.899999976158142,5,9.899999976158142,5,11.799999952316284,5,5,9.700000047683716,5,11.299999952316284,5,12.200000047683716,5,8.100000023841858,5,11,5,11.699999928474426,5,5,9.100000023841858,12,5,5,11.799999952316284,5,8.900000095367432,5,12.099999904632568,5,11.900000095367432,5,5,8.699999928474426,5,11.899999976158142,5,10.300000071525574,5,10.399999976158142,5,12,5,9.700000047683716,5,11,5,5,12,5,9.399999976158142,5,11.100000023841858,5,11.799999952316284,5,8.200000047683716,5,11.799999952316284,5,12,5,5,8.700000047683716,5,11.699999928474426,5,10.300000071525574,5,10.299999952316284,5,12.100000023841858,5,9.699999928474426,5,11,5,5,11.900000095367432,5,8.799999952316284,5,11,5,11.799999952316284,5,8.700000047683716,5,11.799999952316284,5,11.800000071525574,5,5,8.899999976158142,5,11.899999976158142,5,10.399999976158142,5,10.300000071525574,5,12,5,10.600000023841858,5,5,10.799999952316284,5,11.899999976158142,5,9.899999976158142,5,11,5,11.900000095367432,5,5,8.799999952316284,11.299999952316284,5,5,11.900000095367432,5,8.299999952316284,5,11.799999952316284,5,11.5,5,8.5,5,11.800000071525574,5,9,5,10.899999976158142,5,11.899999976158142,5,5,7.899999976158142,11.600000023841858,5,5,11.600000023841858,5,8.700000047683716,5,11.399999976158142,5,8.699999928474426,5,11.200000047683716,5,11.600000023841858,5,8.699999928474426,5,11.700000047683716,5,11.299999952316284,5,5,8.900000095367432,5,11.799999952316284,5,9.5,5,11,5,11.600000023841858,5,8.199999928474426,5,11.600000023841858,5,11.899999976158142,5,5,8.300000071525574,11.699999928474426,5,5,10.100000023841858,5,10.100000023841858,5,11.899999976158142,5,7.600000023841858,5,11.899999976158142,5,11.700000047683716,5,8.799999952316284,5,11.899999976158142,5,11.5,5,5,8.700000047683716,11.799999952316284,5,5,8.899999976158142,5,11.200000047683716,5,11.799999952316284,5,7.900000095367432,5,11.799999952316284,5,12,5,5,8.700000047683716,11.599999904632568,5,5,9.700000047683716,5,10.200000047683716,5,10.599999904632568,5,6.800000071525574,7.100000023841858,5,6.199999928474426,6.300000071525574,5.5,5.699999928474426,5.600000023841858,5.5,5.100000023841858,5,4.699999928474426,4.800000071525574,5.299999952316284,4.700000047683716,4.899999976158142,5.399999976158142,3.5,3.8000000715255737,4.099999904632568,3.9000000953674316,3.299999952316284,3.5,3.6999999284744263,4.099999904632568,3.1999999284744263,3.899999976158142,4.099999904632568,3.799999952316284,3.399999976158142,3.6999999284744263,3.5,3.1999999284744263,3.6999999284744263,4,3.6999999284744263,3.6999999284744263,4,3.399999976158142,3.6999999284744263,4.299999952316284,3.5999999046325684,3.299999952316284,3.799999952316284,4.299999952316284,3.5,3.899999976158142,4.399999976158142,3.399999976158142,8,7.599999904632568,5,6.300000071525574,5.100000023841858,5.299999952316284,4.5,4.200000047683716,4.299999952316284,3.600000023841858,4.299999952316284,4.799999952316284,4.5,3.799999952316284,4.099999904632568,5.699999928474426,5.5,5.200000047683716,5,4.100000023841858,4.299999952316284,4.199999928474426,3.399999976158142,3.5,4.399999976158142,4.599999904632568,4,4.099999904632568,4.099999904632568,4,4.099999904632568,4.5,3.899999976158142,3.5999999046325684,3.5999999046325684,4.299999952316284,3.299999952316284,4,4.099999904632568,3.299999952316284,3.899999976158142,3.6999999284744263,3.5,3.5,3.799999952316284,4.399999976158142,3.299999952316284,4,4.199999928474426,3.899999976158142,3.899999976158142,4,3.6999999284744263,3.799999952316284,3.5,4,4.099999904632568,3.799999952316284,4.099999904632568,3.399999976158142,3.799999952316284,3.799999952316284,3.5,3.399999976158142,4.299999952316284,3.6999999284744263,3,4,3.899999976158142,3.1999999284744263,3.899999976158142,4.299999952316284,3.299999952316284,3.1999999284744263,3.5999999046325684,4.199999928474426,3.799999952316284,3.6999999284744263,3.899999976158142,3.5,3.899999976158142,4,3.399999976158142,3.299999952316284,3.5,3.799999952316284,3.799999952316284,3.899999976158142,4.399999976158142,3.1999999284744263,3.6999999284744263,3.6999999284744263,3.799999952316284,3.5999999046325684,3.5999999046325684,4.099999904632568,3.5,3.899999976158142,3.899999976158142,3.299999952316284,3.6999999284744263,3.6999999284744263,3.5999999046325684,3.399999976158142,4.099999904632568,3.799999952316284,3.299999952316284,3.899999976158142,4.099999904632568,3.5999999046325684,3.799999952316284,4.099999904632568,4,3,3.899999976158142,3.799999952316284,3.1999999284744263,3.5999999046325684,4.099999904632568,3.799999952316284,3.399999976158142,3.799999952316284,3.6999999284744263,3.299999952316284,3.6999999284744263,4.099999904632568,3.399999976158142,3.799999952316284,3.899999976158142,3.1999999284744263,3.5,3.6999999284744263,4,3.0999999046325684,3.5999999046325684,4.399999976158142,3.899999976158142,3.6999999284744263,4.099999904632568,3.299999952316284,3.799999952316284,3.6999999284744263,3.6999999284744263,3.5999999046325684,3.5999999046325684,3.899999976158142,3.5,4,4.299999952316284,3.5,3.5,3.799999952316284,3.899999976158142,3.299999952316284,3.799999952316284,4.199999928474426,3.899999976158142,3.6999999284744263,4.099999904632568,3.5,3.5,3.5999999046325684,3.6999999284744263,3.1999999284744263,4.099999904632568,4,3.5999999046325684,3.899999976158142,3.899999976158142,3.0999999046325684,3.5,3.899999976158142,3.899999976158142,4.299999952316284,3.5999999046325684,3.899999976158142,3.1999999284744263,3.6999999284744263,4.099999904632568,4.099999904632568,4.299999952316284,4.399999976158142,3.399999976158142,3.1999999284744263,4.299999952316284,3.799999952316284,3,3.6999999284744263,4.399999976158142,3.1999999284744263,3.399999976158142,3.799999952316284,3.799999952316284,3.399999976158142,3.5999999046325684,4.199999928474426,3.5999999046325684,3.6999999284744263,4.099999904632568,3.5999999046325684,3.5,3.899999976158142,3.5999999046325684,3.6999999284744263,3.899999976158142,4.199999928474426,3.5999999046325684,3.899999976158142,4.099999904632568,3.5,3.5,3.799999952316284,3.899999976158142,3.5,3.6999999284744263,4.299999952316284,3.1999999284744263,3.899999976158142,4.199999928474426,4,4.399999976158142,3.799999952316284,3.5,3.299999952316284,3.899999976158142,4.299999952316284,3,3.799999952316284,4.099999904632568,3.5,3.5999999046325684,4.199999928474426,3.799999952316284,3.299999952316284,3.799999952316284,4.099999904632568,3.399999976158142,3.6999999284744263,4.099999904632568,3.799999952316284,3.6999999284744263,4.299999952316284,4,3.0999999046325684,4.599999904632568,3.799999952316284,2.899999976158142,3.899999976158142,4.5,3.0999999046325684,3.799999952316284,4.399999976158142,3.5999999046325684,3.299999952316284,3.5999999046325684,4,3.0999999046325684,3.5999999046325684,4,3.5999999046325684,3.799999952316284,3.899999976158142,3.5999999046325684,3.5999999046325684,3.799999952316284,3.6999999284744263,2.899999976158142,4.199999928474426,4,3.399999976158142,3.1999999284744263,3.5,3.799999952316284,4,3.799999952316284,4,3.799999952316284,3.6999999284744263,4.099999904632568,3.399999976158142,3.5999999046325684,4,4,3,4.399999976158142,3.6999999284744263,3,3.6999999284744263,4,3.6999999284744263,3.399999976158142,3.5999999046325684,3.899999976158142,3.6999999284744263,3.6999999284744263,4.399999976158142,2.899999976158142,3.6999999284744263,4.099999904632568,3.6999999284744263,3.5999999046325684,4.099999904632568,4.099999904632568,3.399999976158142,3.899999976158142,4,3.1999999284744263,3.6999999284744263,4.199999928474426,3.0999999046325684,3.6999999284744263,4.099999904632568,3.5999999046325684,3.5,3.6999999284744263,4.299999952316284,3.5,4.199999928474426,4.5,3.799999952316284,3.6999999284744263,4,4.099999904632568,3.799999952316284,4.099999904632568,3.799999952316284,3.0999999046325684,3.799999952316284,4.099999904632568,3.5999999046325684,3.5999999046325684,4.299999952316284,3.5999999046325684,3,3.899999976158142,4.5,3.799999952316284,4,4.199999928474426,3.399999976158142,3.399999976158142,3.799999952316284,4.099999904632568,4.199999928474426,7.699999928474426,8.700000047683716,5,10.699999928474426,5,11.700000047683716,5,8.799999952316284,5,11.100000023841858,5,11.800000071525574,5,5,8.099999904632568,11.800000071525574,5,5,11.600000023841858,5,8.5,5,11.799999952316284,5,9.799999952316284,5,10.600000023841858,5,11.800000071525574,5,8.799999952316284,5,11,5,11.899999976158142,5,5,7.600000023841858,11.899999976158142,5,5,10.200000047683716,5,10.399999976158142,5,12.100000023841858,5,8.600000023841858,5,11,5,11.899999976158142,5,7.600000023841858,5,11.599999904632568,5,10,5,10.300000071525574,5,11.699999928474426,5,5,8.200000047683716,11.399999976158142,5,5,11.899999976158142,5,8.5,5,11.800000071525574,5,11.699999928474426,5,9,5,11.800000071525574,5,5,9.899999976158142,5,10.600000023841858,5,12.100000023841858,5,7.099999904632568,5,11.700000047683716,5,11.5,5,9.200000047683716,5,11.799999952316284,5,11.700000047683716,5,5,9,5,11.799999952316284,5,8.799999952316284,5,11.200000047683716,5,11.899999976158142,5,8.200000047683716,5,12.199999928474426,5,10.900000095367432,5,5,8.5,11.799999952316284,5,5,9.700000047683716,5,10.599999904632568,5,11.900000095367432,5,8.799999952316284,5,11.100000023841858,5,11.799999952316284,5,8.5,5,11.5,5,11.799999952316284,5,5,9.200000047683716,5,12,5,9.799999952316284,5,10.100000023841858,5,11.800000071525574,5,9.699999928474426,5,11,5,11.800000071525574,5,5,9.899999976158142,5,11.299999952316284,5,11.800000071525574,5,8.399999976158142,5,11.699999928474426,5,11.800000071525574,5,5,9,5,11.799999952316284,5,10.300000071525574,5,10.399999976158142,5,12,5,6.899999976158142,5,11.700000047683716,5,11.599999904632568,5,5,9.200000047683716,11.700000047683716,5,5,11.800000071525574,5,9.100000023841858,5,11.899999976158142,5,10.399999976158142,5,10.600000023841858,5,11.899999976158142,5,5,8,11,5,5,11.700000047683716,5,8.299999952316284,5,11.5,5,10.399999976158142,5,10.5,5,11.800000071525574,5,5,10.399999976158142,5,10.5,5,11.699999928474426,5,9.5,5,11.200000047683716,5,11.899999976158142,5,5,7.800000071525574,11.899999976158142,5,11.899999976158142,5,5,8.700000047683716,5,11.799999952316284,5,10.299999952316284,5,10.400000095367432,5,11.899999976158142,5,9.5,5,11,5,5,11.699999928474426,5,10,5,11.100000023841858,5,12,5,5,7.700000047683716,11.799999952316284,5,11.700000047683716,5,5,8.5,11.5,5,5,9.5,5,11,5,11.699999928474426,5,8.100000023841858,5,11.600000023841858,5,11.700000047683716,5,5,9,11.799999952316284,5,5,10.399999976158142,5,10.399999976158142,5,12,5,9.5,5,10.700000047683716,5,11.899999976158142,5,5,9.300000071525574,5,10.199999928474426,5,14.200000047683716,5,11.199999928474426,5,5,11.300000071525574,5,12.199999928474426,5,12.200000047683716,5,5,9.799999952316284,5,11.900000095367432,5,11.900000095367432,5,5,8.5,11.699999928474426,5,5,10.200000047683716,5,10.600000023841858,5,11.799999952316284,5,8.899999976158142,5,11.200000047683716,5,11.600000023841858,5,8.599999904632568,5,11.700000047683716,5,11.799999952316284,5,5,8.400000095367432,5,11.599999904632568,5,9.100000023841858,5,11.100000023841858,5,11.600000023841858,5,8.399999976158142,5,11.799999952316284,5,11.700000047683716,5,5,9,11.799999952316284,5,5,10.200000047683716,5,10.100000023841858,5,11.699999928474426,5,8.800000071525574,5,10.699999928474426,5,11.5,5,9.200000047683716,5,11.799999952316284,5,5,11.800000071525574,5,9.399999976158142,5,11.899999976158142,5,11.899999976158142,5,5,9.200000047683716,11.799999952316284,5,5,10.300000071525574,5,10.600000023841858,5,10.599999904632568,5,7.300000071525574,7.5,5,5.399999976158142,5,5,5.299999952316284,4.900000095367432,5,3.899999976158142,4,3.5,3.799999952316284,3.899999976158142,4.099999904632568,3.6999999284744263,3.899999976158142,4,3.299999952316284,3.899999976158142,4.399999976158142,3.5,3.799999952316284,4.099999904632568,4,3.5999999046325684,3.6999999284744263,4.299999952316284,3,4.5,4,3.5,3.399999976158142,3.6999999284744263,3.799999952316284,3.0999999046325684,3.799999952316284,3.899999976158142,3.299999952316284,3.5999999046325684,3.899999976158142,3.5,3.299999952316284,3.5999999046325684,4,3.299999952316284,3.6999999284744263,4.299999952316284,3,4,3.6999999284744263,3.899999976158142,3.399999976158142,3.799999952316284,4.099999904632568,3.299999952316284,3.799999952316284,3.799999952316284,3.5999999046325684,3.6999999284744263,4.099999904632568,3.899999976158142,4.5,3.399999976158142,5.399999976158142,5.299999952316284,5,4.200000047683716,3.5,3.5999999046325684,3.899999976158142,3.799999952316284,3.5999999046325684,4.299999952316284,4.5,3.899999976158142,3.899999976158142,4.299999952316284,3.5999999046325684,3.6999999284744263,4.299999952316284,4.399999976158142,4.199999928474426,4.099999904632568,4.399999976158142,3.6999999284744263,3.799999952316284,4.299999952316284,3.1999999284744263,4.5,4,3.399999976158142,3.799999952316284,3.5999999046325684,3.899999976158142,3.299999952316284,3.799999952316284,4,3.799999952316284,3.899999976158142,4.199999928474426,3.5999999046325684,3.799999952316284,4.399999976158142,3.799999952316284,3.299999952316284,3.899999976158142,4.199999928474426,3.5,4.099999904632568,3.799999952316284,3.6999999284744263,3.5,3.6999999284744263,4.299999952316284,3,3.799999952316284,4,3.799999952316284,3.5,3.799999952316284,3.5999999046325684,3.5,3.6999999284744263,4,3.399999976158142,3.799999952316284,4,3.5999999046325684,3.5,3.899999976158142,3.399999976158142,3.0999999046325684,3.899999976158142,4.099999904632568,3.399999976158142,3.6999999284744263,4,3.5,3.799999952316284,4,3.899999976158142,3.299999952316284,3.5999999046325684,4.099999904632568,3.5999999046325684,3.799999952316284,4.099999904632568,3.1999999284744263,3.5,3.5999999046325684,3.5999999046325684,3.5999999046325684,3.5999999046325684,4,3.5,3.899999976158142,3.899999976158142,3.5,3.6999999284744263,4.099999904632568,3.299999952316284,3.0999999046325684,3.899999976158142,4.5,3.899999976158142,3.799999952316284,4.5,3.6999999284744263,3.799999952316284,4.399999976158142,3.899999976158142,3.1999999284744263,3.799999952316284,4,3.1999999284744263,3.6999999284744263,4,3.399999976158142,3.5999999046325684,4.099999904632568,3.6999999284744263,3.299999952316284,3.6999999284744263,4.199999928474426,3.299999952316284,3.799999952316284,4.199999928474426,3.899999976158142,3.399999976158142,3.799999952316284,3.5999999046325684,3.299999952316284,3.6999999284744263,4,4.099999904632568,3.899999976158142,4.099999904632568,3.299999952316284,3.6999999284744263,4.099999904632568,3.5999999046325684,3.0999999046325684,3.6999999284744263,4.299999952316284,3.299999952316284,3.6999999284744263,3.899999976158142,3.299999952316284,3.5,3.899999976158142,3.799999952316284,3.899999976158142,3.5999999046325684,4.199999928474426,3.6999999284744263,4.099999904632568,4.099999904632568,3.5999999046325684,3.399999976158142,3.799999952316284,4,3.5,3.6999999284744263,4.099999904632568,3.5999999046325684,3.799999952316284,4.099999904632568,3.899999976158142,3.799999952316284,4.299999952316284,3.1999999284744263,3,4.099999904632568,4.399999976158142,3,3.799999952316284,4,3.1999999284744263,3.5,4,3.399999976158142,3.0999999046325684,3.5999999046325684,4.299999952316284,3.5,3.899999976158142,4.699999928474426,3.399999976158142,3.5,3.899999976158142,3.799999952316284,3.299999952316284,3.799999952316284,4.299999952316284,4,3.799999952316284,4,3.299999952316284,4,4.199999928474426,3.5999999046325684,3.399999976158142,3.6999999284744263,4,3.5,3.899999976158142,4.299999952316284,3.6999999284744263,3.5999999046325684,3.899999976158142,3.5999999046325684,3.299999952316284,5.199999928474426,5.800000071525574,5.5,4.699999928474426,5.399999976158142,3.5,3.9000000953674316,3.899999976158142,3.799999952316284,3.399999976158142,3.799999952316284,4.199999928474426,3.399999976158142,3.899999976158142,4.099999904632568,3.399999976158142,3.6999999284744263,4.099999904632568,3.899999976158142,3.299999952316284,3.799999952316284,4.099999904632568,2.899999976158142,4,4.199999928474426,3.5,3.299999952316284,3.799999952316284,3.6999999284744263,3.399999976158142,3.5999999046325684,4,3.799999952316284,4,4.699999928474426,3.399999976158142,3.5,4,3.5999999046325684,3.0999999046325684,3.799999952316284,4.199999928474426,4,3.6999999284744263,4,3.299999952316284,3.5,3.6999999284744263,4.099999904632568,3.399999976158142,3.6999999284744263,4.099999904632568,3.6999999284744263,3.899999976158142,4.199999928474426,3.5,3.5,3.799999952316284,3.899999976158142,3.299999952316284,4.099999904632568,4.299999952316284,3,3.9000000953674316,4.199999928474426,3.399999976158142,3.5999999046325684,3.899999976158142,3.5,3.1999999284744263,3.5999999046325684,4,3.6999999284744263,3.799999952316284,4,3.299999952316284,3.399999976158142,3.799999952316284,3.899999976158142,3.799999952316284,3.6999999284744263,4.099999904632568,3,3.799999952316284,4.099999904632568,3.399999976158142,3.399999976158142,4.099999904632568,3.399999976158142,2.899999976158142,3.6999999284744263,4,3.399999976158142,4.399999976158142,4.699999928474426,3.799999952316284,3.799999952316284,4,3.6999999284744263,3.299999952316284,3.6999999284744263,4.199999928474426,3.5999999046325684,3.899999976158142,4,3,3.6999999284744263,4,3.799999952316284,3.399999976158142,3.6999999284744263,4.399999976158142,2.899999976158142,3.6999999284744263,4.099999904632568,3.5,4.099999904632568,3.6999999284744263,3.299999952316284,3.6999999284744263,8.099999904632568,11.300000071525574,5,8.899999976158142,5,11.899999976158142,5,5,11.800000071525574,5,8.699999928474426,5,11.700000047683716,5,10.100000023841858,5,10.099999904632568,5,11.600000023841858,5,9.600000023841858,5,10.899999976158142,5,11.300000071525574,5,5,8.699999928474426,11.5,5,5,10.200000047683716,5,10.199999928474426,5,11.600000023841858,5,9.100000023841858,5,10.799999952316284,5,11.600000023841858,5,8.200000047683716,5,11.5,5,10.299999952316284,5,10.299999952316284,5,5,11.700000047683716,5,9.200000047683716,5,11,5,11.799999952316284,5,9.100000023841858,5,11,5,11.5,5,5,9,11.600000023841858,5,5,10,5,10.5,5,11.700000047683716,5,10,5,10.799999952316284,5,11.700000047683716,5,5,9.700000047683716,5,11,5,11.599999904632568,5,8.900000095367432,5,11.599999904632568,5,11.200000047683716,5,8.799999952316284,5,11.5,5,5,9.300000071525574,10.799999952316284,5,5,11.399999976158142,5,8.700000047683716,5,11.799999952316284,5,11.700000047683716,5,9,5,11.899999976158142,5,12.100000023841858,5,5,8.700000047683716,5,12.299999952316284,5,8.299999952316284,5,11.400000095367432,5,12.199999928474426,5,8.700000047683716,5,11.399999976158142,5,12.200000047683716,5,5,9.199999928474426,5,11.399999976158142,5,12.100000023841858,5,8.299999952316284,5,12,5,5,11.700000047683716,5,9.200000047683716,5,12,5,11.699999928474426,5,9.200000047683716,5,12.100000023841858,5,5,9.699999928474426,5,10.600000023841858,5,12,5,8.399999976158142,5,11.200000047683716,5,11.899999976158142,5,8.299999952316284,5,11.700000047683716,5,11.399999976158142,5,5,9.399999976158142,5,11.800000071525574,5,11.799999952316284,5,9,5,12.100000023841858,5,5,7.899999976158142,11.100000023841858,5,11.600000023841858,5,5,8.199999928474426,11.800000071525574,5,5,10.299999952316284,5,10.200000047683716,5,12,5,9.699999928474426,5,11,5,11.899999976158142,5,5,9,5,10.900000095367432,5,12,5,8,5,12.099999904632568,5,7.800000071525574,5,10.899999976158142,5,11.799999952316284,5,9.600000023841858,5,11.300000071525574,5,12.099999904632568,5,5,8,11.800000071525574,5,5,9.799999952316284,5,10.200000047683716,5,11.799999952316284,5,9.5,5,11,5,11.899999976158142,5,5,8.900000095367432,11.099999904632568,5,5,11.700000047683716,5,8.600000023841858,5,11.899999976158142,5,7.700000047683716,5,11.099999904632568,5,11.800000071525574,5,8,5,12,5,11.799999952316284,5,5,8.700000047683716,11.899999976158142,5,5,10.299999952316284,5,10.100000023841858,5,11.899999976158142,5,8.200000047683716,5,11.100000023841858,5,11.899999976158142,5,8.299999952316284,5,11.800000071525574,5,11.799999952316284,5,5,9.200000047683716,5,12.199999928474426,5,7.900000095367432,5,11,5,11.799999952316284,5,8.100000023841858,5,11.799999952316284,5,11.700000047683716,5,9.199999928474426,5,12,5,5,11.900000095367432,5,8.799999952316284,5,12.200000047683716,5,8.099999904632568,5,11,5,11.700000047683716,5,9.899999976158142,5,11.300000071525574,5,5,12,5,8.199999928474426,5,12.100000023841858,5,8.200000047683716,5,11.100000023841858,5,12.100000023841858,5,9.600000023841858,5,11.299999952316284,5,5,12.100000023841858,5,9.100000023841858,5,11.199999928474426,5,12