9.622814349640768,9.775561511411007,9.252159570126471,10.005062995363632,8.925773012532531,9.635002975861218,9.457086212641235,9.526022071239215,9.604858466514061,9.45993859960386,8.565897489894791,10.136717927368965,8.369582444687053,10.316736435272405,8.800061718324809,9.71742507210621,9.069614201985907,10.139855765743787,9.387590985667567,9.593405273916806,9.54808689247505,8.868762915103375,10.012635831336166,8.652924428374185,10.826778617293252,7.898949207679049,10.727830991211027,8.65660718862587,9.975606732747194,8.91149126099111,10.071835334186117,9.651991321879114,8.535472424884006,10.936988793794676,8.943854940875111,9.863378736979003,9.509092852954428,9.389946725253624,10.08297470036582,8.637934829217059,10.932770804741098,8.572029655833406,9.645924673505736,9.502531184597549,10.031789475834604,9.306967151059446,8.994422830964115,10.344944104651598,8.683694799837333,9.947867111569877,9.341665822422739,9.313472714812171,9.490746304855358,9.50532857935564,9.049485478761284,9.414219762270015,9.651214857657116,9.940833959874372,9.155913736640152,10.720328895129871,8.450635035994145,11.235850941060724,8.002450008649992,11.127310073298084,9.132426204147427,10.342117148867482,10.28990251775519,9.595882787952805,10.51820749989399,9.348301179387283,10.702625673680243,8.885333670942721,11.435540280748775,9.361386489399385,10.890218044674636,8.674622497005998,10.968478546539934,10.229122026801717,9.757436278710749,10.630334557952967,10.538037873661755,9.488504261427233,10.557656131188065,10.335637700433518,9.8259587864826,10.608199543381717,9.09628884840445,10.250678783791745,9.84150418988117,10.8718705562471,8.881980571194228,11.12326274430999,9.206874039067564,11.379831912421304,9.489414978461946,8.823550695848327,10.617400019268183,10.568540905412892,10.272951305701074,8.855035916666179,10.557504705774274,10.615086495835943,9.10965270851427,9.52691945967884,11.299768955629935,8.68056060729237,10.98877377652252,9.175590033053098,9.984901243584837,10.0629866660262,9.181342630783703,10.254894048177311,9.162123519290846,10.754095503200459,8.70409464209029,10.034606403779843,9.379872247117248,9.854183472103113,9.236857405068962,9.86567723788009,10.014108801378544,8.580079229796915,9.783788645106043,9.54032356682853,9.729209900309009,9.270321389629181,9.556339497889068,9.25408571559624,9.037735146020218,9.980037518941472,9.64677809471884,9.13655062807412,9.349868149214101,9.488211870618771,9.52608428997607,9.04585827968703,10.110624860158795,9.70514040312418,8.728345151307671,9.636859577602383,9.791931820369,8.703339756351575,9.3841231016411,9.682387300903585,9.596362695169312,8.311618037518725,10.359266541857881,8.787296223115785,9.642403865267198,8.839786286704852,9.407801084850592,9.05914330813722,9.442916410869595,9.874722745350237,9.192643493084846,8.65263835851723,10.000967064226652,8.73888973560804,9.43127980090366,8.823755206518483,10.021909191502864,8.328066699408605,9.499391258607295,9.728429465681922,8.998352645297212,8.705208775984733,9.87786583557413,9.501629698170955,8.453033779254174,9.86352565135495,9.808065895528209,8.275379784029589,9.861259561913695,9.074153999692436,9.519806851797414,8.3161012700914,10.111380417260015,8.497918595743045,9.125511824057114,8.807549469421296,10.186722535553063,8.050438246146456,9.629602414552728,9.049712121427667,8.90764665640579,8.860543182712657,9.491160158586364,9.241250612648813,8.966693803236497,8.525854267502815,9.927564427793632,8.778393709581955,8.865763744718073,9.77893847509907,8.858350163872032,9.02734018934579,9.595026750961926,8.963050648278234,8.639919387201457,9.562424975658443,8.816060563499716,10.357483183291418,7.8599353480680465,10.765479916936396,8.595645207852733,9.225257158676772,9.284808109613744,9.66068502750867,8.872462373242392,8.928988932023435,9.871069803579386,9.050544807833298,9.762203629060323,9.068940118240803,9.444959759094429,8.902900666647268,9.511550399220225,9.711176040141519,8.772563832678511,9.812016313855212,9.157136762083185,9.50491243214966,8.543652324086665,10.201406703383336,9.08768188231313,9.370264933050287,8.633292673441257,10.054123904673991,9.026546191644533,9.433881357597794,9.468150401466202,9.366698513400417,9.089118005164575,9.64784463543133,9.392256501574678,9.079204185806823,8.621542874767124,10.201924737446616,8.873250466758996,9.38063922444978,9.469039850678904,9.110484027309953,9.56951772439913,9.398523158465188,8.851548983060434,9.253097622242432,9.275914090505477,9.184304911155861,9.876109496547516,8.412910805043445,10.308352948610345,8.378811391318829,9.718279545220222,8.896491401136531,9.535612683712179,8.566474473380163,9.67098696464361,9.098752176665378,9.057145099077983,8.162982831426575,10.476829031339523,8.21714844077514,8.965701983847334,9.133922447577728,8.933384766044703,8.426817550162463,9.215486853035776,8.800399113052203,8.91700196393454,7.898631817322834,8.912365311055122,8.13494754928784,7.868428632697702,7.941280158419776,7.463613285428526,7.3652313508248515,7.33769921053821,7.022995199756692,7.087961155927425,7.098191892718892,6.839872237599141,7.443641743992138,6.674663455067201,6.904738328075032,6.842923392802473,6.590218108277765,6.8714266843628105,6.631484302912525,6.6023907686118015,6.304736063998812,6.648439087107153,6.2226757207606,6.583644020433223,6.031396069504945,5.9759593139216305,6.5064512976041655,5.760570815531538,6.106983748907225,5.842653003015247,5.626893631604813,5.868327249595897,5.58895502613547,5.7975331401918115,5.153579797546075,5.776557042769471,5.202544383738816,5.351118321930994,5.806839695793267,5.241270097851139,5.496584865553309,5.416245011997725,5.206541158401725,5.178518835774939,5.913710557958111,5.029569492917514,5.8150901051828034,4.60190246356031,6.3870855045691135,4.7948877358902315,5.869148030557361,5.18166080829067,5.576389236667508,5.234481047444672,5.773674193027742,6.193359364721304,5.307475866929946,6.480003332312528,5.761519140911601,5.738146318693959,5.401740429277226,6.019746668643008,5.6807240583406164,5.810247504319998,5.519093347536402,6.269163049645721,5.299269356603429,5.597622910486538,5.348257272215565,5.684042282504963,5.217252066001924,5.4317632106194935,5.611428887198373,5.542187407556924,5.130992150076983,4.988535296690346,5.408651933614168,5.344706405342253,5.020875661242759,5.288756138120473,5.515178059345735,5.055842268116159,5.809079952156172,4.682020224689822,5.71117723021346,4.875231480315955,5.247227444223444,5.782693607341501,4.71903857424235,5.605847561055177,4.98654818835048,5.24647195258489,5.223344667426626,4.956267081011714,5.653725752728064,5.12405448695335,5.355653823763137,5.203206144816558,5.198982631877693,5.631578389440355,4.940870041127012,5.348081201075892,5.123015180074925,5.118296681391082,5.223009180684269,4.571639147909985,5.750032469866178,4.633433542512363,5.37160366032894,5.88456748895968,4.598096188570688,5.23715597389577,5.163479754611236,4.996712413957968,5.610245655343562,4.614352115911128,5.362573607151091,4.9399016012530845,5.253996012875195,4.899047380664083,5.281832847396538,5.252872139497976,5.067063351732997,4.874537476897245,5.185748717083291,5.419747885462522,5.278715844868377,5.47168607318464,5.723510773836948,5.472886169186487,5.219058831501758,5.318966235375658,5.107113054826242,5.50696826116182,4.667530646004409,5.585950893471019,4.736243593562401,5.460990195646887,5.191512534522148,4.931985685893653,5.449597272447623,5.0040407364598245,5.542077009575445,5.184250347036875,5.176067511808756,5.6752083175970895,5.125754414157327,4.929656226132072,5.175656759568186,5.269568438657253,5.254744835194828,5.4236155382078195,5.891621196164441,5.156212843225034,5.068818472372375,5.312648723951236,5.642115611300496,5.086134757321957,5.932467432003469,4.706301067968216,5.6308702560359025,5.359183047569051,5.59810685573767,5.061463274834684,5.472922634184366,5.59275338151803,5.284853050718089,5.112861069257689,5.614359230880318,5.366085241294161,5.824174963211022,5.344752446996672,6.108926590628304,5.635111516555773,5.705389489814023,5.69584721587909,5.926522521733618,5.897942369754118,5.790387310904141,5.303074699891737,5.913241896620021,5.637027353287368,5.685783322739109,5.787865015510472,5.426408280851324,6.103209830907485,5.681455046162013,5.984901870861648,6.147978309718891,5.993709696723771,6.264594221683218,6.412688241110492,6.777119391902036,6.413757483148946,6.022581370873377,6.5996568899787915,5.9257335118359595,7.120336264964808,6.808705731546503,6.088289230087151,7.086664029732342,6.4644094978490205,6.756546574511251,6.356624968564137,6.680859702164305,6.034857855743418,6.592330653779206,6.181842687518024,6.367112533521526,5.335679449491828,6.384369652839377,5.6655842515950425,6.349279541065915,5.3272785732646835,6.287602027583245,5.543071937073647,5.525540721975269,5.856076673179246,5.6426985660598925,5.951451569655912,5.519214364814885,6.13531686551869,5.514180303399143,5.818641843510173,5.596127552489443,5.765457382050033,5.395984367402275,5.778623810658852,5.440314278081065,5.308060875044519,5.692604263254135,5.512234147591519,5.64765593210546,5.224291781478878,5.295167932243402,5.524913241121302,5.012933271282049,5.983117118251199,5.1335072546266085,5.703383040018382,5.53128189635774,5.511392044043172,5.589907036833469,5.356224614841247,5.563128117878616,5.592528992174197,5.604251894274109,5.990584598832454,5.3746134599080975,6.192807664101322,4.739504273952923,6.312290401893355,5.041736947853747,5.75376875089792,5.925609984900803,5.850099391434344,5.854208240242056,5.690393515334778,5.628137120259929,6.45445711340755,5.1994247957722655,6.118768086917698,5.886133273228384,5.869918424825496,5.6440424340652955,6.027805858179927,5.837139734861753,5.452106282490622,6.0329962133212645,5.758670596840484,5.8622511206784615,5.779513705791908,5.75444955439307,5.997614770305034,5.549340653028342,5.74073516141934,5.934229946620763,5.987603612970562,6.032603299245239,5.79129786792522,5.764361408886812,6.229354164038472,6.060691223048296,6.029015766183536,6.030474570604663,6.105392597510168,6.130804534954951,5.960370849516866,6.178490047473459,5.949696125099438,5.725548103547967,6.120335710399474,6.1133997687480095,5.629767561204115,6.614505095022416,5.882914911437162,6.571629829434675,6.146413291658583,6.3485700695061436,6.44927186593413,6.041671583422771,6.84403516427303,5.878038178353259,6.320840166555717,6.129149114514389,6.405699275269484,6.003553657882535,6.49772409970872,6.484677937570957,6.3756437907150625,6.284355702959002,6.586841866085304,6.826248069843274,6.600917306430634,7.113993317071964,7.207911133288089,6.697328773417196,7.328658605978507,7.004150083900113,6.905666097234931,7.0557901353171655,7.116609161971132,7.126082756497582,6.995957545243819,7.251046944033971,7.1616801677178525,7.0217040307292065,7.3722366304012565,7.46657354203673,7.055379510397707,7.021060446162395,7.136981508644913,6.767577375527468,7.093666091316064,6.832772234731041,7.039607249861578,6.935430586791283,7.277529025543475,6.823832226727775,7.164832676785682,6.65586609498287,7.00544347050289,6.632755660439528,6.683932380362722,6.539991827008001,6.518597203399984,6.272275783720736,7.028323244058213,6.548472027654448,6.59303112980599,6.947660716582707,6.479515277228006,6.749549836550525,6.44896980434656,6.803628082719317,6.306415983736514,6.748483295996359,6.507328985432782,6.711637131199236,6.337910113303613,6.592542385036744,6.349409327923009,6.304852285316834,6.341861764965578,6.6095146546295505,6.4087444976406776,6.778279665485022,5.931554052351662,6.813688675938172,5.94252380513586,6.784141571518653,6.847867393226667,6.2752604235770795,6.966491599517558,6.33063330401356,6.924421255957951,6.301565144533912,6.867151978944114,6.577716309083623,6.072044303795945,6.785935486738256,5.990073083462195,6.902762780568248,6.191855294123911,7.0067804155374525,6.564655383570738,6.464767841730886,6.737311827527978,6.393028272508332,6.6574667062765585,6.511311096564555,6.901704963712639,6.365000026194998,7.139895709026599,6.7525616907483546,6.756601735564567,6.764604124051204,7.095876383657252,6.915103017293533,7.017492152123398,7.266627869556341,6.9836511588810595,7.607338656407465,7.007266787883509,7.2794461788206,7.341632922605295,7.297023128556703,7.6694216093669265,7.3901180368071975,7.722788515413794,7.26899705181829,7.526992728632556,7.299274733454604,7.502534826674182,7.536868426247183,7.115416297009209,7.392776605623457,7.369103573213015,7.53678383450644,7.099958828898763,7.2180273909121695,7.14058947276013,6.9805601595776725,6.984951348388563,6.976427074434851,7.055886474546661,6.791858336000388,6.871042118544376,7.167895236962158,6.595811285373441,6.886430828456453,6.984281529979775,6.875773704924306,6.761315199766926,6.685238316028066,6.868657470885661,6.632939592755085,6.80988501062306,6.606448183069003,6.911823676914593,6.509509319324666,6.712487689905487,6.675794309989236,6.857860411532841,6.7153497122849,6.586222731135783,6.565373632991684,6.736794763027377,6.764031309330212,6.578000378568344,6.66615060909651,6.972370140133421,6.551337714772671,6.829734423539288,6.678573340435199,6.729342181831595,6.185837109011287,6.991752157534157,6.688157960899792,6.53672861251359,6.330435264194383,6.5456558819673925,6.63169140944878,6.454398547348876,6.469627690492197,6.851536858497804,6.075243744452795,6.707537719203778,6.486599296626323,5.994275131026903,6.850784577323741,5.984909834299857,6.413438738926003,5.842011476568878,5.997943110770238,6.208212586930021,5.95340892661363,6.33697989695395,6.142820450213427,6.02907071885653,6.009627384198831,5.8862014064348,6.075426784936959,5.7465243801722945,6.134895012776058,6.156525192686046,6.027034003334121,5.655763579762232,6.411939429265135,5.90041959658886,6.119862454819184,6.29371075149315,6.217990560947607,6.541572364391758,6.304437820433326,6.878743315177656,6.242642092285677,6.2565680750707795,6.560258885302266,6.283300859384858,6.299856247824306,6.137804315279547,6.277022424216072,6.290143054934837,6.304284390785421,6.064766642665489,6.342565872703368,6.450495293081426,6.17951293399247,6.51336649601037,6.349006712110712,6.462316709142177,6.313008699920026,6.441664146824428,6.0274062552178895,6.735928826803959,6.282112372812503,6.624525324348358,6.570577103594935,6.717300042544178,6.543635396081952,6.59562651773604,6.5844955248447725,6.760368743349484,6.658545539813734,7.040337866187712,6.52266400305554,6.796310236432276,6.835574125104269,6.55272053908246,6.615971474169441,6.198743715227271,6.802608787193891,6.085236562285572,7.113431855092441,6.662682860797889,6.628100694275148,7.130396369794998,6.7347046570821325,6.9531387605859525,6.736442371327428,6.605824887740112,6.950916922471172,6.539095082717634,6.874195718420665,6.57270396561051,7.116839602046331,6.773372087801492,6.78757365178006,7.168607000267748,6.59856101127962,7.057846150947728,6.612698255001254,6.9910768222405215,6.621675534580521,7.047904708848019,6.775894366788365,6.983617236089577,6.923749449082336,6.904320782832797,6.860035932917765,7.083721830813829,6.790065452965593,7.028235423962269,6.524875958922007,7.324230255518723,6.439970544256889,7.248776997510959,7.0499419311030405,7.006680907222127,7.3806297829995495,7.257774124114458,8.052001456643133,7.443450344620888,8.009654832311586,8.283470607620345,7.9437019619128275,8.520765372334658,7.863865600513907,8.18718278923692,7.749381624224278,7.97025672714846,7.575922310284021,7.957832226247208,7.769528725209328,8.015565219769867,7.6000122398665715,7.294010949569439,7.650022201432529,7.5302921670644185,7.544626601009312,7.259149027808254,7.265919374019522,6.888907656126341,6.936336737588664,6.904756774321814,7.048719859179105,7.270745179659371,7.138483320791269,6.923245943977183,7.054863700770458,6.751317491528264,6.923053905895594,6.424924661998325,7.032538465444614,6.861052679975201,6.4823373903209935,7.076337024585027,6.932206957784166,6.897491931930801,6.415644430086636,6.687177446770168,6.720265680914741,6.820850741273409,6.901138981847709,7.04171030758569,6.8965919211755145,6.908553308015686,7.228529753486311,6.605926543219635,6.751453452423832,6.679767139411219,7.085319960049037,6.440770664677644,6.8097050369872365,6.500183575541402,6.327334156045689,6.572196489141009,6.2567827000344804,6.659830157204217,6.204993347075458,6.845987307407579,6.338319630526626,6.36092060614998,6.284413836977133,6.69551241242016,5.982149630179629,6.624415093452357,6.651342818165815,6.507033625065036,6.576256730963163,6.390236700680105,6.834310353199637,6.248073996469999,6.486364691654839,6.420624807697408,6.562826380270221,6.345676482186341,6.46329653685602,6.440059912186114,6.322947160663704,6.764342933675892,6.576601951482392,6.644328469165288,6.377503631409877,6.4870876650388025,6.5532610817129395,6.444270483401292,7.02338908713,6.1750476199109094,6.544080203908184,6.429939506488538,6.586381217014664,6.6002624692736775,6.682151396206267,6.874148069831229,6.128821752990284,6.93608221578101,6.056573993029693,7.041298986344284,6.2333046941334995,6.7014614138534885,6.798494773736841,6.250213565463199,7.017382218027482,6.536583048108342,6.869022248589118,6.632766295038161,6.762252572976671,6.663223622782773,6.575367286127679,6.878955504866313,6.596748416032638,7.172333773101363,6.398313893831023,7.043871965367963,6.51266591314847,7.03662914368013,6.701433862165235,6.8825121616913565,6.7281207226744515,6.687635079330451,7.232156131739412,6.371811876591913,7.270747720242163,6.777257634137443,6.861412755061557,6.812191810921451,7.028348145370057,7.002907416305188,6.910963871867081,7.140334186494965,6.952134736484533,6.96153538851688,6.760585252592957,6.8009176511193274,6.89539787048163,6.706229847871385,6.838356207441535,6.30854564604039,6.712020957572382,6.493835055778422,6.7626003760534,6.407560254444056,6.386057886031145,6.690937857084593,5.885932390820237,6.713868492587157,6.4599797349205845,6.764546765216312,6.300492820149907,6.747072983176132,6.7135702709729435,6.0152827938615046,6.9596044262933185,6.142351650362834,6.773173811935505,6.349401853919648,6.7731701196699055,6.460104260851316,6.342087531561651,6.6107915205384264,6.563501614915827,6.537619949268796,6.417595679756874,7.015682621846591,6.493282307265325,6.635252748920269,6.646802231163405,6.954043677259854,6.51417727602335,6.531890003603571,6.870191825783496,6.332198478688175,6.802639049893863,6.690468447140104,6.55079423900383,6.774941412374995,6.603401725795118,6.2601409230070795,6.828707521464672,6.842457099889091,6.334663876440995,6.776846291987843,6.867770298418275,6.99188253688315,6.501219390851133,7.038019688517471,6.817305733092747,6.755548776580638,6.55433451642903,6.7593668231057595,6.7859374031114035,6.753151398121066,6.8882112125555635,6.932610312464331,6.787121852800867,6.846120705592131,6.813408318019159,6.9332192796623895,6.509790388528877,7.3397363261102315,6.985889519769694,7.053562827991938,7.211202949962262,6.913544623792789,7.305132284068186,7.158029154154155,7.348272404974941,7.048108888945227,6.882800182305893,7.209339035457616,6.8884980238943,7.386921906002479,6.766620057669155,7.334117960870881,6.869486234824479,7.1411470569918505,7.049516047431772,7.211831812780966,7.398614345078039,7.396436170541366,7.499599843953418,7.262556083180626,7.433548790828008,7.469350457598138,7.113956736527999,7.312534340821822,7.238497609576825,7.32501004025029,7.043612392383312,7.26015058736006,6.954767402575036,7.790877032183724,7.419536693512145,7.6139690441979635,7.576867142204809,7.806236370454224,7.649874787746611,7.433696950382235,7.60820660208972,7.928819865134226,7.831518351982029,7.970292469856009,7.985852435507493,8.134055642566324,7.863537739670517,8.37201231186898,7.951141210511939,8.588358551782235,8.150211510720345,8.130574432738737,8.503946155911922,7.92239265054153,8.420667919066414,8.029219537672269,8.46124852222079,8.107197690379488,8.217895553891227,7.842574120384324,7.65870438380787,7.937225388900057,7.478844486062099,7.799318700178208,7.607792562336344,7.803407519344853,7.684433539851251,7.830608925741778,7.6519184769565785,7.305196088223401,7.358575549495091,7.371446636157724,7.670560124252606,7.450431454951558,7.507633148968833,7.300724572620038,7.5895729732016655,7.807008756107332,7.379696100686361,7.331531276662518,7.741982058507071,7.302477826621998,7.413890902434159,7.253024537969996,7.418475831473861,7.5857571705772155,7.36626351155961,7.310792482259368,7.571781351069602,7.232064597519731,7.043175408706685,7.5164458369525695,7.341873766851295,7.5568358862648335,6.966733013611903,7.7694349932546345,7.171112564966697,7.8764132546602355,7.4683357156595775,7.4023369559335155,7.699958000096175,7.218077704270055,7.721539418647678,7.4181493310040425,7.776146160994338,7.445747300541642,7.549319895716998,7.9405284622839245,7.4253907631027145,7.671851915844397,7.647922177255766,7.927794817794726,7.27412651723871,7.420651228937004,7.4461627973678155,7.591164728092643,7.703910134729613,7.52260598072471,7.459850134865064,7.642680810873079,7.464518823983763,7.371208984224739,7.524310200714188,7.358280682849381,7.913219956799091,7.630791358441728,7.55224556156123,7.782078480568397,7.645121203415709,7.587070336674023,7.86898277046779,7.528430956775936,7.789761577431726,7.759488616489488,7.930832304932789,7.867043190362544,7.706776173502818,8.423905880438776,7.767451123992593,8.12586101190807,7.710428128230068,8.220862821607529,7.944391817950325,8.068242828824237,8.166699235799403,8.10472411477627,8.108447657988087,7.9073755097823755,7.9583454770098045,7.7200266389052015,7.814191936400402,7.963633906288685,7.634187138859796,8.149527458638564,7.50683023404019,7.888547590139003,7.501752847560365,7.998435290247813,7.660189769702647,7.635988958167526,7.747664815398547,7.453009537660201,7.70824641074674,7.560045564124974,7.699246862741802,7.707647486521544,7.4428998107711415,7.717947410016003,7.427482135609406,7.574412183311451,7.480023665751013,7.485228443524484,7.411487411015349,7.248485519389306,7.814619955929609,7.189177328419556,7.38723107382344,7.313853536999469,7.414866599055621,7.150026803777238,7.200838057907913,7.1762086181497775,7.31049029634023,7.070414866727463,7.385818991145733,7.254432977611812,7.127694015360123,7.00669559335025,7.648643456303197,7.263172048457583,7.235968179889017,7.5540527199177605,7.031934902683516,7.17808659833545,6.896200989081209,6.939238022190205,7.252082201854008,6.8996697072467414,7.518320802158358,6.965140130044889,7.279673975404966,7.112729530843589,6.985617296003422,7.061953338586411,7.568021542063596,7.406363442378731,7.062157275133451,7.3731330165142746,7.158988260139396,7.184585647505392,6.833664990809432,7.404122414027024,6.865177696083357,7.501711722320561,7.104168068819364,7.361816781988981,7.15249712750936,7.338155248050262,7.176986457748954,6.990550687179585,7.426842444806043,7.305458574273306,7.471166160410885,7.040512756376212,7.572409408061449,7.42545393693881,7.377181161331627,7.627578030979874,7.226728997069094,7.133275069228057,7.259383192916085,7.242011340592671,7.099647448488195,7.210855512606596,7.023287934949617,7.339173381837699,7.075905711315567,7.168331558170413,7.230071749190484,7.174555335945133,7.0579321922703295,7.228331560051682,7.076632120513042,7.037054446206112,7.416766253920887,7.075038708687443,7.3670382108228845,7.230788537847493,7.301246128898729,7.251692308342699,6.9824694196507275,7.673863513047488,7.017719780780991,7.544979048656914,6.739873186011485,7.531244873475898,7.050590755442772,7.214877239279445,7.214610528831054,7.1414832701130395,7.295195306294281,7.218529745951909,7.1077209138373485,6.866790337637062,7.326694354914744,7.218979828916483,6.8203189449260595,7.467997592339905,7.186741532233227,7.201570680166278,6.925017224267743,7.292512392960482,6.96078354485022,7.142998926999663,6.873481130215024,7.258881921681259,6.677478626106551,6.988142735368258,6.7383074979763435,6.846991461177042,6.982057236578932,6.966701549502705,6.6726836699588805,6.905820660094415,6.921583287228515,6.8892396978909725,6.599893731540066,6.712825721145294,6.805002272600925,6.436860967061169,6.835314162668457,6.532145073506979,6.755981702376152,6.535732255664962,6.6704679592854,6.76871107787204,6.305853643907851,6.830720619326453,6.345136073321722,6.4984702671164,6.320295805598916,6.793930085065462,6.24632318137524,6.303762607049816,6.207806960747887,6.271853954562294,6.072072112075985,5.905542730201657,6.451355610415337,5.95813750321977,6.19969520303731,6.126132064055031,6.2055640223311865,5.544419185031829,6.114515457864228,6.322578712763884,5.7151698544776695,6.3253696000048265,6.078551230790714,6.226614853100228,5.688442181258774,5.87173302937299,6.233488852977752,5.24901856111984,6.091632118045043,5.517382099190732,5.665414561607568,5.815737710390241,5.460711337514225,6.266777813748146,5.297500799745327,5.550474254411338,5.649556334875528,5.190261180400854,6.059819198539482,4.980975702181465,6.04284745427159,5.592125705809646,5.420067364561065,6.137184196400146,5.445937610339999,6.441660206470017,6.711489094241205,6.3543071207373085,6.60380037640221,6.0375543806267284,6.210917547326534,6.176560307818773,5.9232589121939005,5.922647130585586,5.271500280226278,5.850997984018178,5.726020500203598,5.806542963106189,5.935150342006238,5.2606512124681295,6.135161257199942,5.124941967834416,6.328711114603403,5.569480960282188,5.890024480630335,5.860847249031069,5.340823009973397,5.941524381656203,5.5608498025219895,5.966152278883386,5.205182760606216,6.045139019889759,6.0443729666496315,5.639966249683255,5.7173311978795915,5.96050500591596,5.604018295047188,5.913758651477596,5.559777015081299,6.047139028276627,5.557944650879754,6.016418609314909,6.315976616603631,5.64308118905562,5.956562335006892,6.2567026238609085,5.966700426315268,5.922153570052858,6.029684428550925,6.110907894155631,6.091739635809015,5.963231004470339,6.483445710241793,5.687102601658556,6.628492834965384,6.108075689223284,6.667138204059251,6.377202450893817,6.038898903733741,6.873399567222217,5.761274951330077,6.500624436009673,6.543848865640658,6.323622419312594,6.251659900825469,6.434339440579834,6.511223278585818,6.370494761758793,6.880918120384833,6.741913996130845,6.442170291095971,6.578297637151552,6.599869887419043,6.313743731062858,6.81433484118121,6.25150510895066,6.855778166201583,6.427186059504746,6.770974795985963,6.500857242243363,6.471291756685821,6.606995315247524,6.423055734708904,6.530167482070001,6.246052498199666,6.609339938219635,6.497308842279015,6.039412600897875,6.770932193255669,5.9765480184927595,6.431076934098575,6.399435568501551,6.590101215618971,6.488228908277425,6.290163607473173,6.6788332585866215,6.412320155821119,6.5648831924019975,6.385584595305844,6.495471631139513,6.548613483980295,6.56320126414609,6.433643679656087,6.57362404799399,6.1788334051519636,6.91669449845018,6.282190212383865,6.732780866886796,6.563806417975574,6.575653133029116,6.8589025868164955,6.253851237579559,6.792798968224473,6.673161963522432,6.399227865083764,6.842100773227085,6.30857007902426,6.779744180832055,6.569656608750422,6.614593969595927,6.859761005993928,6.630167338913305,7.243207134657223,6.272245919816195,6.742170021894075,6.563328945121416,6.9568698459584235,7.329462013157699,7.1565904826081,7.270073950250317,7.186848039065172,7.076620916817332,7.327757825764511,7.425232566368449,7.1009145115936745,7.497890876146649,7.3248616967319125,7.090601157592606,7.259623307591919,7.2956118711611815,7.242154282943029,6.7970683951955255,7.260973865091797,7.242992160196098,6.9622956777364,7.208062285712604,7.052052723361796,7.019464906190206,6.939292451726889,7.145444839956855,7.0339322332354834,7.059939569036161,7.502901862530652,7.028721732152621,7.508079331877323,7.594988210170212,7.317691686094421,7.175288275616858,7.3626303252639795,7.152959921701495,7.439261014905441,7.231720191423465,7.626797199351705,7.477362480523678,7.056165270584942,7.335654013973344,7.262396303201089,7.471296535857635,7.403691422051432,7.383533541612942,7.367083236590642,7.467185385121646,7.655503723487871,7.545980406707765,7.303239121396709,7.305607902404535,7.193046346250916,7.422823277354854,7.162849211624507,7.223041803815086,7.255790195617197,7.245452463673422,7.49974929277474,7.3816652106090075,6.968728021203226,7.582070612848419,7.273122034498173,7.480495481546963,7.578292075513544,7.20083123586761,7.468549841428168,7.418533747565616,7.199839723991844,7.369718393422656,6.869131093431881,7.450988430889937,7.095848867349942,7.066606673281635,7.196181947890043,7.288198322793462,7.180694795992841,6.923149732981495,7.32494257586697,7.049027528182288,7.294631382866445,6.905218029953534,7.301780630713321,6.688769607913367,7.258316593073923,7.622917992469536,7.107805864286295,8.140818219060689,7.2037881678311715,7.72320333473073,7.463947322300317,7.57896947613606,7.7148228015626374,7.600785178967434,8.022613279304148,7.304554060396421,7.821103027208388,7.54400919341171,7.4279408220077485,7.542642568430546,7.102120840928201,7.454796112921702,6.995100244038423,7.3067490652358735,7.688467759095745,7.379008021835854,7.75956312034899,7.673901250713187,8.010461111801357,7.64840634870963,7.939625687037275,7.8407097576154925,7.703945184169952,8.336197586438297,7.717188351505119,7.823923026003556,7.63919607868107,7.657652487742397,7.691817530045898,7.8907607401503785,8.494277605383337,7.947205339750887,7.683778420813995,7.503418709194901,7.92645641699122,7.858560105223821,7.917902550591768,8.165273701545463,7.862072227826953,7.940301464941964,7.820686424157263,8.079332507994637,7.657774532210694,7.888393350994827,8.115082503805548,8.036671543127538,7.930322426684812,7.843105446749048,8.138241207093612,7.943324114183577,8.415255027233302,8.002178873491156,8.489205107620597,8.057145936430112,8.54336993876533,7.990408136822896,8.442152833395317,8.32698490235643,8.224576548539714,8.23919697665298,7.990936965436356,8.337972287038953,7.98898640773879,7.973617218943925,8.659847025421126,7.94464004085088,8.366241581399604,8.068435710805149,8.19582008783394,7.947745751735436,8.064353116961808,8.278866842618822,8.001730765408517,8.061546195928619,8.067895839620993,8.08641855329895,8.249758757042377,8.20281143707843,8.234858307835326,7.993818524299801,8.366911656238749,8.100288811592996,8.347184691854432,8.356636620458826,8.635447646655752,8.361054078961402,8.512534640269964,8.692274611412225,8.184487249829486,8.808610631773858,8.246570077339797,8.743712278769031,7.938960242659465,8.810906670034543,8.18306136846231,8.47529535998279,8.045713448819383,8.41608404301727,8.098133739416168,8.33937356699878,8.387096235665172,8.023374372885243,8.156052983241768,7.9522235397218335,8.288232827081025,7.832751482349502,8.162301685192302,8.149929747066142,7.59091680375548,7.755067929184678,7.24453301185431,7.788074782785641,6.881829722306375,7.51028309572177,7.163107163865734,7.133467582287262,7.17631122873785,7.188631743766983,6.934609252872561,7.2853385104580415,7.030982018892338,7.320417912794892,6.906867213152965,7.166634073645492,7.00067199356543,6.81678589537429,6.964989905773345,6.785300442228711,7.088002301637698,6.571233852279061,6.900079773810378,6.740464202777169,6.947635904466729,6.756104964182398,6.938643656903874,7.222661683016139,6.853777521063259,7.244549070723968,6.959474507297074,6.908660299244022,6.956758645223449,7.222399379579965,6.952528991146629,7.104927244164665,7.036187276697402,7.1154167480363135,6.822956322319801,6.816610417307039,6.818704700755571,7.1710476440439574,7.826925530849637,7.58440228978792,7.328262388647219,6.928058741974329,6.874081699332839,7.136955271242179,6.881373372124504,7.114564579833915,6.518425982945286,6.925747322017943,6.793659945900236,6.8891319115987635,7.056827990959082,6.683218431584534,6.996841271556908,6.644645983024186,7.037306565769631,6.571500694037723,7.112986262297873,6.673478545146059,7.019794921974335,7.313974242142085,7.166741400162373,7.357827298954744,7.304756410584469,7.465677794997263,6.941294708081205,7.582832626315446,7.095469738456106,7.254294496343155,7.213149688156936,7.362588882787768,7.497373682452979,7.132072645664831,7.684506682331355,7.3086887706971355,7.258056018312145,7.461428973103555,7.3951926364346035,7.0527133603859635,7.2505296033776,7.310661038837078,7.666747362983094,7.039103301527595,7.4231426500591065,7.299867019026224,7.278974934505913,7.183976729835067,7.6865753340503735,7.180383384302254,7.227969113771487,7.576951576160879,7.357032225045059,7.232525325321276,7.453407657220953,7.3765433634507085,7.512248900818321,7.344220380174611,7.216620560117679,7.227583710756147,7.2993767738807875,7.339498580840099,7.223638692364711,7.544747422269228,7.307370304983725,7.530749337074028,7.183401209206004,7.511818301702532,7.445445463048908,7.082803421846275,7.365163904183228,7.277437334504594,7.247242875182995,7.314334162163231,7.470689220443983,7.096857813286278,7.220381602222715,7.035191141000634,6.959038706726079,6.98869225258628,7.032765477631858,6.8657907700135015,6.605899400586881,6.820583441217115,6.556363438467184,6.883794844737273,6.559408208836488,6.943579233043513,6.755356721344089,7.0679418386581,6.555762683857849,7.018254141217715,6.852098169267793,6.639554836718983,6.969533784758916,6.961727079364155,7.056997526033467,6.895064339597394,7.059586768557003,6.629522134667881,6.878068680080271,7.071360387715195,7.146267426532379,7.139238169599938,6.960083937595284,7.185514080884551,6.8872660736894815,7.157867972270269,7.087173397463431,6.937925526751202,7.0849827612812275,7.121825691151117,7.18794567820305,6.877412884092576,6.914696452530719,7.444623125993329,6.743566058554373,7.395074137576538,6.8904069889119475,7.233230538290609,6.689162023027114,7.17441624919573,6.8832588619707735,7.131216512133052,7.037413182087859,7.266071661893893,7.097976158500334,7.240991276620572,7.426596340124178,7.080071321303641,7.0103462671736825,6.999912417788676,7.235948375180978,7.139070371572545,7.058322992740815,7.7645028757179695,7.095489657881354,7.573555573473367,7.485123127332574,7.182614461394642,7.141174913905556,7.312087727968264,7.581608338762689,6.808697509365153,7.843062697347866,7.142228882281724,7.535825719709191,7.21908020440178,7.449845663436372,7.278965164531636,7.257767858104773,7.2197837842411,7.373074792986729,6.975413808745018,7.138895337988306,7.03258241259182,7.309561707877236,6.85716858825646,7.794941952647633,6.996802033949638,7.45981015169061,7.199375335096066,7.216235838457936,6.805333371758458,7.239947553944457,7.208336619874457,7.1221852416700315,7.380278945459668,7.388274381129685,7.363049124625195,7.148261471201349,7.123909376567846,7.031846013056731,7.113858320635428,7.262915388016645,7.26754617501981,7.151229624661301,7.5221160391500765,7.339743938368429,7.29333672470102,6.935298989225796,7.2172637357252265,7.24049182926925,6.7041319334258604,6.990562269749737,7.111698428556939,6.9199211558295985,6.933169885581976,6.999619685988868,6.8156225014012275,7.166897033570949,6.984519481637201,7.188912585644666,6.783311412741116,7.049092710545903,6.966486844966804,6.665026413823163,7.300841293238718,6.583333133660876,7.114538154524435,6.710772506107262,7.140780177038778,6.8920584029580105,6.216319868840897,7.156180995504055,6.338712266276899,6.464977241835244,6.478297554478048,6.682559032809608,6.773979701033479,6.503699844119447,6.676629022629929,6.48012108514085,6.624239801835888,6.442707721702753,6.458401979381838,6.516342154412218,6.589013659382857,7.06491551969821,6.212147882515564,6.486588461482897,6.63941770887623,6.894143529801315,6.54524738539631,6.951718639299891,6.82675618943758,6.81283437986237,6.821205017032721,6.692935482248039,6.712383085672431,6.3419707293032355,7.019336343218257,6.364194799975182,6.535976280073321,6.814823726151758,6.7599988091985335,6.6221021798967055,6.447338576829059,6.854444538416958,6.746008781834191,6.526043127505107,6.6868667806467625,6.7763292988638035,6.676475332388652,6.823964401688422,6.644723186728853,6.494329975818593,6.938650601735955,6.9462684814011,6.5989513130579125,6.632070560700567,6.84402868547166,6.779163861035677,6.849977407396457,6.9751842540285205,7.191701841332633,6.919904721664881,6.895033553099877,7.2753121208834095,6.800446763209375,7.266199202050139,7.397850134248528,6.970012132587527,7.037875126041468,7.1330895329639254,7.227637106856947,6.555621013194321,7.417748273803536,7.066144046792756,7.181136822222416,7.0119917787766655,7.289130023407433,7.179660679418588,6.767323570592946,7.340002297262345,7.001360024139281,7.335203844085329,7.0652423597034035,7.459165297026428,7.289818004174152,6.927432766196624,7.6024058675455475,6.8455804518579155,7.293408079277718,7.109367255136987,7.215590115217486,7.129594137535114,7.127581481942903,7.21469302124964,6.818292914461341,7.32447948922092,7.112352844762301,7.292438448748235,6.969684287958464,7.254972170225028,7.342805391798411,6.99174557534667,7.307288923185935,7.2527970252154965,7.398838899657124,7.309391198127214,7.5819076642176695,7.908318004446716,7.246460303623845,7.9364173278274555,7.429230248915648,8.047702675253765,7.585770949699597,7.863799940645687,7.691403077064694,7.778499775814507,7.799114179179685,7.654276696608084,7.8832304319615085,7.470118482119087,7.814440376888952,7.501938368255886,7.402913574144859,7.704703271730484,7.492039613664765,7.490563218897822,7.62002978760438,7.31603314632239,7.037674267670756,7.280446526917313,6.870345689250773,6.850608011248207,7.103775636550655,7.112518939391395,6.9759849781511925,6.666022265364104,7.374283997506518,6.727450507876149,6.9788688892095,6.867622459890938,6.998729143493494,7.174434514014666,7.247753614798803,7.799964566460493,7.343282243367278,7.974450055534633,7.590519106813388,8.723587674998356,7.654895183515416,8.587896347024158,8.849323342718792,8.420592813349009,8.823535382232306,8.850774504604427,8.78976315161833,8.884184428543463,9.44108268393823,9.252033584990217,10.204296263630177,9.839614400813963,10.177306376878779,9.540716566589337,10.073431240996952,10.342631433798608,10.316992923614244,10.149810026201093,10.390751546813783,9.897988511423256,10.866819773583352,9.90477389380024,11.289128899459408,10.488098873483626,11.211499015695098,11.061690629019083,10.501726158509639,10.989583189400525,10.481491623405976,10.369627305908734,10.971673070850464,10.99784504207471,11.245522539100293,10.67055163475373,11.195330584455895,11.083485609075668,10.906648932934418,11.0469189472186,10.620725066565585,11.12589506900558,10.664247025471791,10.831300763466075,10.984685620299222,10.905306994837387,11.168622713542227,10.988018484447762,11.290723316060992,10.599687548593295,11.354912613338474,11.00435334807882,11.158288606066868,11.463329329850767,11.464593641652408,10.662669137387214,12.092765895357974,10.877593223868548,11.305284952071174,10.789717692794888,11.308236390526087,10.78502212949717,11.202243398108202,10.503075891357524,12.139421449058377,10.302623971334333,11.85794130083794,10.62616599599519,11.024577697149157,10.615214874676106,11.225811331678797,10.657566158163037,11.052020888260245,10.742227355443552,11.413598523583879,10.570881424431366,11.69198849427203,10.79500220051655,10.625906519365174,10.875932789255543,10.881166923042999,10.889277669300004,10.375251781844208,11.88759241535949,10.764553975534302,10.923436103320363,10.706354627941414,11.361712754691634,10.168298268855224,11.388720958062134,10.591792035900664,10.994138624609128,10.348564202717181,11.582669024836889,10.658451523768392,10.791169486489757,11.62968024298238,10.57940351713137,10.78133587785685,10.816513351236148,10.610177151110632,10.693395348961143,10.175570306281234,10.306373596542189,10.547585784286868,10.032349709502096,10.145755661899829,10.420947143907336,10.243878308186913,10.351481994582945,10.263071953222761,9.841099010386179,10.39499238717058,10.066738886671747,10.254987978764484,9.677505327618356,10.464591689609598,10.588119656086576,9.76512099120454,11.130411893750223,10.13732870472283,10.468855884425947,10.121363598868857,11.071488263911247,10.106258172007882,10.7199762816696,10.555249480108408,11.027805117104815,10.159296386127034,11.108741465887668,10.339501463786373,10.180236050110915,10.737473127782954,10.64022798957923,10.516563147480277,10.255564962156722,10.887387951823564,10.698254920008269,11.028348342354091,10.395253289692711,11.605625891542678,10.779653254017845,10.591405740162966,11.975164993262538,10.201070565587516,11.01416129341969,10.72525719785751,11.677285610099009,10.386809623219678,11.356847793093566,10.784343800178409,11.182804718005151,10.417085108083349,11.604821116883924,11.183051283281909,10.665771525815739,11.489393383941298,10.065431387868385,11.33353327653991,10.463855193524298,10.790047862563892,10.233140916756028,11.167192437105495,10.471772891391677,10.578087939803165,10.595737865955245,11.283548617629949,10.92613724266799,10.030653183932092,11.012666660693155,10.48318197101043,11.222949031690751,10.466884475682539,11.251592991311718,10.747102164138719,10.830162061170354,10.326736285189773,11.945926095877462,9.991039148761566,11.419394630749393,10.478191760449347,10.777602013514056,10.134691847280273,11.28309604595104,10.835326520443573,10.714924710082501,11.129532226442043,11.394131360376868,10.448790080963311,11.466856379552429,11.128095677277686,10.84262971051657,10.532957718266783,11.257773827031869,11.530429650234675,10.626485560272497,11.527436283544324,10.854505580837518,11.088926462658362,11.131254624711962,10.980631148709595,10.963319967777148,10.506917555301127,11.49678823414879,10.714901915031165,10.334142750759284,12.037221719237664,10.981866280004995,10.698749521585789,11.074488401353975,10.939777506353943,10.980006892147152,11.208572634120152,10.87895211306089,11.26558145657802,10.4585080947137,11.185967464844378,11.196270958405602,10.505405004906144,10.837787847031517,10.982662387366087,10.850846963810413,10.084900486792112,11.325319771707672,10.119835457277157,10.117538911743694,10.412295681514452,10.990688507488608,10.213068671074371,10.560719791871172,10.788200018300353,10.373190169806266,10.198190950291837,10.983939609515161,9.989785109382728,10.399162580432977,10.619570726665344,10.343300359599898,10.12750439840057,9.913595478382568,10.75804275980839,10.076464754032578,10.564590410121394,10.514152843380955,10.87452661405006,10.348436023170736,11.098108917173612,11.209618287493155,10.246851149961959,10.63109193404825,10.818378110319987,10.005249553654949,10.56844257441969,10.317015601616959,10.141908463338996,9.310926716762271,9.189043780683217,10.011693511928108,8.724277712355047,9.150433771495385,8.80222378671789,9.065562388875199,8.390351480791956,8.706409525737776,8.236630053386703,8.126747107046336,8.012283834895731,7.925601849515605,7.557447866859527,7.342835104102263,7.537578922693301,6.687492802465951,7.071667080220451,7.395024098018179,7.199145046295591,7.049123201159135,6.723422521992274,6.832195112106077,6.577666259619094,6.680840279494098,6.664118800892802,6.3657552986685175,6.377781920765216,6.156610161184021,6.500021913430341,6.083672034684569,6.864641439877447,6.4295248246751715,6.231216176276405,6.337258797812586,6.048337078693632,6.294425626751035,5.425605888745441,6.181007476585607,6.244724771057565,5.842150305497151,5.919506556807708,5.656053352452196,6.057140037054196,5.381591072464366,5.949325149146221,5.7225127937023865,5.6947549277761365,6.333558124763269,5.435764565706879,6.482524222445983,5.271427701556441,6.429728796519336,5.439578939263402,5.811108210626992,5.8823089029671,6.013268231585003,5.650643296033768,6.075727924254414,5.779156572393452,6.3454420191732535,5.907834417686488,6.298754915896182,5.995159889304391,5.736207969359434,5.996431630225853,6.072570716477928,6.364487957432865,5.919422179255636,6.33684565510911,5.991069294571258,5.977685680038605,6.298379003554583,6.3189770817259925,6.396383510461694,6.247780769659825,6.752281117085362,6.462728868735333,6.495156305320559,6.406934135910123,6.2355735598038855,6.399854020063454,6.312656094580888,6.019798027301829,6.352530421363188,6.135272678996745,6.3345037943031635,6.081191860924784,6.330227770159642,6.274624218599248,5.9023587986764845,6.539338980053238,5.92643911744468,6.616155606750396,5.9951486866114045,6.305231722559158,6.418481355899321,6.051180302404489,6.626369855838515,6.4689664649001,6.228662771998593,6.567111620903013,6.397575283360976,6.754912608762579,6.218970510112122,6.906792831455042,6.5721608334220925,6.506239114900428,6.748661846732719,6.729239123379809,7.007656431434051,7.115962621184681,6.766628413094826,6.798707612004747,6.294275747009863,7.219709609836955,6.393669235960889,6.757648551538583,6.801924480364343,6.812390543995422,6.934632693314921,7.058384371791029,6.875394047709801,6.694789870164044,6.906524031978718,6.82829224612874,6.270218777333696,6.835614890785263,6.459427939498174,7.08247323517687,6.379092787622162,7.108449550187211,6.667572756962228,6.896505832690741,6.731073574572799,6.608745499585442,7.034413506366929,6.285427660181498,7.472145119340463,6.790418780436735,6.993605922435717,6.962866395087909,7.113933075877522,6.981528946698328,6.809149421332401,7.333325414617228,6.855088006593283,6.967010057549919,7.011089010350402,7.177179370770846,6.935223573154456,6.695189658881474,6.99442116445551,6.952364159996307,6.780988271928701,7.415007861588764,6.670071524757269,7.052770328052958,7.316771377452333,7.076392648691927,6.998465855155757,6.872677286524943,7.392732577836134,7.0435655391340415,6.913297568193323,7.281617863823964,6.819712765756991,7.303133721348513,6.985477626255398,7.171848775778581,6.778939353876434,7.334825679315248,7.289970561712974,6.771368512107676,7.066936603483429,6.747301099970935,7.0071116137752885,7.0990437030668,6.804774531880391,7.5247814816484775,6.766820676345374,7.413259199947734,7.018174665948991,7.547672211142871,7.057036800449709,7.295518443050478,7.0706978263674864,7.087692512730132,7.300947802529355,7.061486953624208,7.047583739251513,7.18869897410894,7.287057835931574,7.120463137996066,7.312868226077402,7.298882094311211,7.1057573818943105,7.239471644895766,7.143184919354189,7.4762013382061,7.172563551922012,7.151132733970875,7.406231458621713,7.108778675673525,7.01149486431541,7.2744114575690215,6.89429212319354,6.888965924621245,6.607537950174881,7.237519447809701,6.75416559450949,6.837745003737506,7.030971698711312,6.900447569756454,7.304652614990865,7.156238273108993,7.172228609916438,6.72371801465439,7.069527152931933,7.016520894036314,6.641587178306651,7.291629768374061,6.95166547192881,7.019090649556985,6.778729105896003,7.204348256137838,7.121064496875425,6.972645142599937,7.1015173859397525,7.220572723342721,7.130782297281544,7.126537775384878,7.375298221092664,6.981442057440673,7.419700111762303,6.905121468100694,7.349188518837708,6.994307323383783,7.224729442136977,7.41139393039668,7.043933465468382,7.305514521036913,7.372331982646131,7.453168656319995,7.397844034653771,7.399180389456445,7.399264431359861,7.571471189955863,7.43889472101504,8.154406995183468,7.6756869243426795,8.114336628296094,7.5068876681073196,8.02351126566218,7.80322595982501,7.426902117679511,7.918409310278163,7.645526719034333,8.206254899368302,7.649157383345681,7.886191935042531,7.801805411266777,7.799678136796372,8.110597753363342,7.651360908929872,8.092061679853737,7.890222934583814,8.261280128906161,7.615669213344026,8.158182120338694,7.895759143323318,8.059951166097687,7.818217785346003,7.944173047539458,8.089518097850174,7.680672550608087,8.134159091978013,7.672841793519129,7.95079307876216,7.891594597237798,8.004073361872376,7.826940433491635,8.000748739192876,7.976675438821928,7.893891814096512,8.142331955858186,7.6811520499518675,8.222595534731314,7.611017727308589,8.205454140553861,7.758374088207872,8.096504207566992,8.080793774404244,7.5913699177248954,8.116958461801202,7.903855022840815,8.048437790898596,7.763511280957602,8.14902530093366,7.963457727280127,7.9109396623509545,8.097175350195409,7.957636064520717,8.227208117411152,7.8358180942169,8.05721966590421,7.930568198111521,8.171520849537714,8.077986189775782,7.9344728335148265,8.186200583918632,7.785791933440285,8.2394483050766,7.762050104566531,8.234432142653183,7.683124582689869,8.155109085027739,7.558784628758819,7.975823243043067,7.944100813415514,7.549794199500846,7.915773130335526,7.457163210694362,7.684014752783494,7.747390538106355,7.360846395880599,7.488867595621067,7.484034121936802,7.699940284273269,7.412393379524965,7.508033248369264,7.527892249530795,7.835210721396522,7.517374904562401,7.972625049964205,7.845185734235363,7.746992044902088,7.675248750584813,7.4809544047961545,7.728081908083202,7.785274218904465,8.296466602214291,7.964237722797931,8.05540162035884,8.251842287514968,8.0139374927959,8.16558345741281,8.112914037161186,8.009475945342945,8.079362706669286,8.031326788381355,7.999600705929713,8.111930611456424,7.611977660112697,8.214345577086002,7.967760920456292,7.802982647453116,7.957670551144199,7.867976049209626,8.029785237290577,7.841151140049712,7.759214395514371,8.008315833012254,7.514806333898249,7.637815180734414,7.380157051977385,7.497022789862621,7.549294564590472,7.588210061971711,7.667455926338825,7.753393435447159,7.653137857324127,7.7156003421793296,7.523282874027881,7.394700988742207,7.520520763956003,7.54987332288796,7.656742171362656,7.526469509598482,7.415460822616386,7.479146645457167,7.517740387562656,7.516996995471411,7.477779904330763,7.531603638545293,7.493253723690279,7.6500373730497975,7.508533563163747,7.7763511193791945,7.497709113458785,7.63931851999523,7.6254675874548585,7.561194708403192,7.40595978871608,7.571748851366955,7.856935921634228,7.313875681326408,7.600919040131063,7.711404985810312,7.434894622890271,7.534255227992925,7.462404443683717,7.554031049717832,7.5711083212091195,7.693879863663259,7.487513902053849,7.725339647686723,7.477607729795071,7.693839515792198,7.94089176598625,7.236109378846977,7.830188582036636,7.5469808314430145,7.564247742115201,7.654591001390162,7.806539064344631,7.518060623562577,7.597593582986535,7.608667040352392,7.567409816166999,7.7534501318788696,7.498334393963833,7.76615455092551,7.652181262482571,7.557011416309197,7.751623372059928,7.407111955552044,7.694158669371771,7.594383580113443,7.808690857288109,7.469428209724519,7.648178045821058,7.536116640527418,7.614185615914555,7.69394385911213,7.6395973353056785,7.497709358191731,7.368130508419119,7.706996081719788,7.472111247495431,7.811597110290693,7.7417925151778935,7.170983297235017,7.6885699944167,7.051113660372789,7.545076505119595,6.956355515892302,7.497982300209497,7.281687172834445,7.360002557203788,7.021977574840804,7.267776263204087,7.218231281746793,7.37421167883711,7.05453661435904,7.399781080667545,6.932756516427418,7.449444944752994,6.845469332520536,7.128303303650264,6.889590292933082,7.323930870421845,7.272280733517055,7.293553268347549,7.379949599706252,7.2451808122421255,7.432474419508744,7.423415331744272,7.483866908388827,7.429532910293582,7.5509812578434685,7.210664375803117,7.76827200065987,7.243669968505073,7.4714198183982266,7.450045110198353,7.525797626913207,7.314793876555433,7.663972357135878,7.404518179548899,7.330680298774187,7.4130032676613515,7.332097861763703,7.75007937185155,7.403100234937537,7.460087350156773,7.362812108003218,7.635604292430597,7.565918746829648,7.367967974577714,7.674050247572975,7.3985439218177085,7.660712493887785,7.436046369920167,7.5245760969413995,7.7470703906907294,7.373667952983324,7.530383204442132,7.600695559491085,7.85678074352132,7.774663014362248,7.748847286129984,8.030453160728008,7.469387426289412,7.832342866972701,7.718683771134036,7.868515863949425,7.888558425835015,7.682135717828442,7.938600856686622,7.916000449579822,7.808679899057986,7.859626271181421,7.786591751069443,7.9737676824877575,7.73519429592415,7.767861896033081,7.7123473796589845,8.017343564952405,7.687573924536498,7.806278266894313,7.783146200670543,7.997204342285783,7.68623206650527,8.018700599583479,8.103919550428778,7.82749133002633,7.939647041230144,7.994001834352181,7.878673735956343,7.715909471387656,7.862791224035115,7.953367805384711,7.718103800766783,7.944455513829976,8.005656299178169,7.803265365983041,7.7877722757744205,7.876310034782306,7.90843952358389,7.8402143491866605,7.889388462441655,7.730742543122412,7.901454475388544,8.06208125733459,8.111655834630744,8.004728153670818,7.983202469261975,8.139520177335157,7.977799158931391,8.065706016017735,8.237876719941065,8.192714929531007,8.235861099200935,8.050881225957216,8.270026093029097,8.04157226597579,7.799968944933878,8.257185932068765,7.91209803103158,8.246537467005341,7.675422434207666,8.17754138559723,7.859957651558013,8.058410793213785,7.774977284275608,7.753156075921522,7.743019966535884,7.685844842322784,7.685615299666913,7.360226122882832,7.759568561480063,7.603598227935525,7.60922366387831,7.591773559494558,7.600404884756225,7.542206595341356,7.455543937130513,7.293750038544331,7.491708916161823,7.415691374211255,7.417370407568905,7.592190177409592,7.304077522239331,7.68851845201725,7.471424458042401,7.483631339992079,7.436264546380061,7.331664209679385,7.956501522461564,7.385777518699562,7.617476761757079,7.448392365869748,7.401729580784831,7.411332947701831,7.5568277077345725,7.426106081806738,7.6776922649859065,7.849392787429185,7.4003292493211665,7.656316433387491,7.525376949120926,7.57600684299754,7.567701219075042,7.279841766708214,8.032827920267971,7.679304688905048,7.661135806559267,7.971398142796621,7.877937804671617,7.8349149345761715,7.816087959666418,7.63873468142623,7.811254316714273,7.85576578565562,7.831188206641616,7.554244375104698,7.823815225508676,7.970329135979207,7.767020764329152,7.796770305462794,7.783834829783681,7.895727693062888,7.944361530269178,7.689871657301353,7.880376884477825,8.018461001791671,7.689638731318208,7.952346077819036,7.929817971174285,7.918340255791934,8.081234180933476,7.789025583599376,7.901559726620706,8.065847292418272,7.64051848350713,8.081244341783837,7.791165594054999,8.078724082872883,7.971019142080711,7.971134248261021,8.13103512132229,7.9450735877516285,8.020643914180487,7.862615935277806,8.010716434397414,7.942800781686471,8.110358323544876,8.13633425282003,8.053802783858643,8.023483726435021,7.992133185851068,8.023563275240972,7.792431222364919,7.995815161137523,7.953311929634453,7.775872448307143,8.050457993901015,7.748122260064499,7.944544825429709,7.875441000886873,7.9635317086490405,8.034523515586422,8.005072262228147,7.8142514409652515,7.919109528983625,7.869140260169895,7.982055946743729,8.146927245163038,8.056329982175171,8.135778247692302,8.138039000943914,7.970815264123172,8.308062675862253,7.872652489549162,8.262964999179035,7.875806817493083,8.01726210874194,8.037744780030714,8.16318586537303,7.9955372699877785,7.95635359463902,7.787301095981762,7.657154978650304,7.594757909175622,7.813727377892153,7.659216842536497,7.632068501381817,7.603309784360845,7.781237264123426,7.313790102458243,7.784633151913676,7.4684241207844195,7.701239622995871,7.794959516913312,7.781557648625838,7.431389667900894,7.649892101694512,7.485970231971386,7.704302553158866,7.523821973192187,7.65203755181903,7.589838417532536,7.428306299109627,7.5039917014787525,7.315791616334264,7.516074355101827,7.365514622523133,7.800805491839217,7.577720027432459,7.749933214156571,7.481063361500072,7.883804996839407,7.559910923444348,7.735933470611143,7.777592780465873,7.902271925831826,7.600187707279491,8.014446604649216,7.627492879234868,7.91161249015169,7.2701590603558905,7.8169200640047505,7.469676861638817,7.677977055485043,7.61776862034263,7.594506941201779,7.755128639681878,7.646238346478583,7.714867266581075,7.657724363828691,7.702412897010016,7.876327542706074,7.65904767919952,7.697918396458642,7.9737215461364555,7.788767492702842,7.844400386267023,7.707252449837195,8.07483361765431,7.862256494962293,8.198064080585404,8.080825755108759,8.223971868415042,8.127416767987103,8.348778462332353,8.203839231484249,8.099010623774172,8.42749028534317,8.575749766283348,8.56886205377677,8.702139578225701,8.508440005673705,8.42834908008264,8.497588074073805,8.5371059469475,8.594608706353842,8.614987605993315,8.795810825653984,8.598363170629977,8.602663880285485,8.549201547509668,8.635123581343011,8.495389939143001,8.78655912767784,8.89086081253053,8.821350115236504,8.728493890656768,8.915070495108752,8.908774154527721,8.748687219169602,9.064549463239175,8.644852861786871,8.974983467484503,8.617628182868152,8.965347935973345,8.629608852767065,8.705468618382378,8.800340871304883,8.441841108209132,8.853594237730515,8.86002077718885,8.883100975013017,8.375080317991465,9.016461274034022,8.80417513409318,8.618200954326108,8.779608639140292,8.69365989540392,8.430124195578188,8.728365451830117,8.80259726090045,8.6501227511155,8.639466895998135,8.938118975625052,8.550883401284604,8.539000387114152,8.755691716565428,8.925756680813295,8.71262329292172,8.57621790739396,8.628630253669485,8.250643274753035,8.482999558464304,8.257639490903035,8.433947865792229,8.091948631710054,8.339467424411938,8.346606553007527,8.07745988747725,7.881047092328461,8.382238283508137,7.996959365798772,8.07633080007197,8.204314791519806,8.036617499763757,8.002108711643755,8.092581632991001,8.023775595619023,7.699675186031179,7.922177432930709,7.939369068142639,7.670717789546266,7.985151273092867,7.787428505371006,8.022898294913263,7.5443867254039825,7.962801799184324,7.998864660679043,7.994961099379376,8.004719827144088,8.172719582930819,8.219936262943461,7.949492276605831,8.472089316348224,8.305427104715868,8.134095238034295,8.268386832090705,8.569897562942147,8.158690066697687,8.207978965618327,8.2648526759042,8.556237193966895,7.764035717310998,8.205297472865,8.34587972490737,8.10380118266368,8.379405013478042,8.316970015444472,8.547134840438753,8.39308737173365,8.656594199088081,8.416655967539787,8.22763941045539,8.604182426460698,8.086282072054834,8.419181696862593,8.028695302919164,8.530100276848911,8.212502603024854,8.18149625437954,8.15030733284229,8.448137659120052,8.092744596010686,8.034465776874363,8.18974740928659,8.265388457241148,8.091883255528899,8.405743162992088,8.141489671717077,8.172660283499077,7.9329867638523295,7.957801217005268,7.742586284146324,7.831130017672348,7.880201283932345,7.942710732898356,7.5441283893460955,8.053551270865517,7.814135008693354,8.03618505752334,7.721060052790361,8.212202354377746,7.893791292530166,8.00415582329034,7.96206367967339,7.814015326925235,7.8780343584312655,8.01008994144076,7.970497288719431,7.920325883828715,7.854241737329082,7.891561107092217,8.015264622659103,7.8098869733574405,8.024489965398477,7.831696440639587,7.995179053243861,7.786934866361934,7.998942622706905,7.690598895025121,7.7905941704257,7.780978377216177,7.512543866128343,7.801833146043736,7.850615193803476,7.793246793185042,7.700775851296875,7.7019030594328965,8.084355230738089,7.757642498385774,8.217491963344306,7.918637617516013,7.902627167642728,7.7236889332594885,8.009531363459917,7.516211004207523,7.8429418004831835,7.858706907654793,7.721226916645336,7.811192575019464,7.472517897520829,7.7428174828520575,7.460877952470128,7.578447999923172,7.194253442219142,7.375599862399195,7.234642100368311,7.250689409651477,7.571012193157019,7.146582868952919,7.460511660405117,7.336112201098967,7.591793355379867,7.105057549855355,7.743672812484817,7.312260389222445,7.318284918150547,7.109994524788727,7.233392243512588,7.1851576055741475,7.193905532738809,7.02679209609205,7.08098859793506,7.435285695611182,7.032689406434068,7.14263832319217,7.260118994141611,7.316820818815996,7.43295894661607,7.17389512769567,7.519137832090872,7.410529095033797,7.375505601797866,7.4535668095915195,7.167039733861256,7.265574534234273,7.229752001712714,7.234601581084226,7.605425419320035,6.985130469246451,7.397569242340195,7.080744667962808,7.710899670586602,6.994238525318598,7.690847046288342,7.171993038148303,7.88594230319062,7.519336857187244,7.47751140296148,7.569565447267759,7.4725649251944,7.573659779910612,7.3342522801893395,7.523260474667567,7.36543198284382,7.2414252257409135,7.7032466567369715,7.624451866137476,7.468035590086746,7.414679924423488,7.731649492612722,7.348421481242396,7.653077402074504,7.444270077130439,7.7891527684374315,7.320760768447064,7.782133894308151,7.396881194120887,7.7494116562760045,7.593056597253301,7.632693058416861,7.67373614266514,7.240292173959309,7.803227670580762,7.549719008371848,7.768911215364924,7.449376185766105,7.572174223760757,7.699550483282647,7.117209174601976,7.671853641892467,7.300648551176606,7.778819314710168,7.111641879603261,7.664955490945521,7.645275986278421,7.251325039376188,7.437162692394721,7.3917644644249165,7.171997119421134,7.165917266535876,7.278941433324162,7.267180025633418,6.667834851151949,7.458199613122262,6.721210798506309,7.255632435620447,6.927469114440799,6.736869417689738,6.9328434876911285,6.4486099399036405,6.7548176400394455,6.38756855294729,6.487839585052182,6.7226872607041095,6.203876590949172,6.5799850832236295,6.300472162282094,6.207668810905889,6.16670160868205,6.021282293085631,6.7712426230994325,5.7291105424085025,6.387738992817076,6.29275302299919,6.1218235587421805,6.016279465137051,6.025420960783959,6.17418460306401,5.882677708221601,5.991314983880148,5.688814027244227,6.149832756786294,5.612346190114819,6.1586772449376666,5.484543561128282,5.907012459083151,5.6762825536541675,5.642680950593205,6.152512782371292,5.413610381092879,6.075629307379326,5.5711112113700585,5.741561742589502,6.143576921618854,5.2673654118118245,5.710980017309389,5.295945843455076,5.697808591959379,5.922047746010747,5.150334792196137,6.120769330495966,5.454420259731515,5.709178162058818,5.56019859356806,5.540160248981172,5.835213957801464,5.1314315617053525,6.5544998242271415,5.123471781192353,6.2206010613683596,5.756981592398761,5.742100521977992,6.39624468572748,5.360309312952068,6.5610546099891245,5.573070897211633,6.262599024716764,5.520976917011046,6.0881387849462545,6.378937778547404,5.865258685316271,6.639566211405519,5.976359068863093,6.543664654058714,6.174937125438202,6.071853645599138,6.929861102150749,6.299686860296252,6.442878258634978,6.176068231783187,6.485189640577881,6.302548200941334,6.47637863876298,6.707801070278508,6.38077133204167,6.666942034109183,6.7797131228819465,6.544885565672689,6.799943505196519,6.670018232893195,7.0243866127418935,6.840670016246532,6.621954604967806,7.150650661122047,6.954547944028548,6.815284992108738,7.050660200705746,6.949575065119807,6.917310354687889,7.072715155885861,6.832905506258827,6.914764251839366,6.8547729061016165,6.872311337143179,6.771198619209846,6.900946562336754,6.895513120610263,7.162831047633657,6.865341502924756,7.050828294524299,7.03730198618645,7.1670605046985,7.175556403687219,7.330170764333251,7.010923962114996,7.394661447961498,7.268173434591535,7.016981524679186,7.120312020036697,7.222707478913162,7.21599439057521,7.206003161945063,7.467415394382544,7.268823135374109,7.201513016621266,7.241800784406556,7.653445092830799,6.919957903949539,7.648104600791501,7.12802035529166,7.372013469291844,7.2959053989034075,7.419019362041721,7.384341570275518,7.043074566802627,7.27892044524972,7.374505849272627,7.527717837821684,7.159475721996272,7.739665519629287,7.117919622948388,7.521863925323504,7.400819411370897,7.497074253537375,7.458097882475697,7.088670628915225,7.4967071007719825,7.220080777381852,7.457483439917359,7.041019015756121,7.4360792268688405,7.234014451435452,7.2102355025956975,7.312500307016689,6.691756624355909,7.118222080158685,6.784211449051894,7.233432577565926,6.641131334748738,7.420003451701868,6.896477229098474,7.224937560983617,7.283699901519958,7.108073743907729,7.081154087005798,6.785249519270531,7.25395422970565,6.745069804607578,6.950182877086719,7.196357014539336,7.123419591560955,6.865737321261934,7.146333139805739,6.93223217439527,6.967658156861236,6.853368953230477,7.24505940803947,7.344098889796677,7.018916577855122,7.293022416215383,7.242998346189652,7.354779505670685,6.907548854757717,7.395172761349621,6.90748247805672,7.396828181228283,7.013123019176221,7.35455752650896,7.013681205228587,7.374917304692783,7.438085006165002,7.254446230322737,7.102239879077917,7.5506198820626915,6.943154308178148,7.4350436767997765,7.315119074356426,7.5636998914803,7.098081244897713,7.603402511018009,7.3529942632342316,7.167039267436285,7.390662489362676,7.539151394876334,7.360010928014907,7.617007477690147,7.261864759909603,7.463323441051561,7.346940284163374,7.699429407992082,7.577866372537482,7.763920158787313,7.539950999223309,7.732270307509842,7.329916636465732,7.343862057495857,7.6536760081412805,7.480604141258317,7.492087026626486,7.425969664525854,7.587239766679698,7.219282244589794,7.628488741544999,7.405962479986864,7.7303206700148595,7.458996259613578,7.677826680640372,7.527150305844836,7.753668492694066,7.566219775645676,7.916085958524288,7.855379007418321,7.768287325312064,7.81981787573235,7.997371652123198,8.017188423598796,8.060032989426198,8.12656528131725,8.110037060246484,8.038725703197212,8.287889655527337,8.421710843086853,8.42334074963504,8.180396622108907,8.581196800644188,8.675836469565196,8.445089946367457,8.31843829190047,8.54623435345167,8.434718815262109,8.552543962846189,8.110190586444602,8.361418862721562,8.308514462343098,7.890370043708624,8.176128540045262,8.197125852430851,8.235012372999131,8.08482716307664,8.45094002479376,8.386104787305609,8.24689440291995,8.410839344343781,8.168395054793598,8.404704683671385,8.14453475230062,8.308448966384546,8.210917787977175,8.26877793302448,8.159271742726355,8.30197550097169,7.963265792277323,8.053503794033691,8.053725821931527,7.884903318320084,7.7019191064281936,8.071277342752234,7.72524667828964,7.85986635526331,7.901129734960067,7.883133788543435,7.8035615744131235,7.583339664886389,8.074775365299224,7.6506096830281045,7.865946857311444,7.9387589247493615,7.6603789691782165,7.916818542533235,7.873815854449438,7.893343059892447,7.928340584139019,7.832412537864091,7.911879628129916,7.8808593052222,8.063021303123476,7.95043671226749,8.244078392914176,7.962571243705839,8.272688631961733,8.051584576029942,8.148804309756176,7.829324936230348,8.386140007494628,7.7289483718636065,8.37883982170993,8.003894794328751,8.294468602097274,7.998320327630878,8.235012446815759,8.026070644302907,7.892458630545678,7.941614165722074,8.135356308395655,7.837007136658446,8.365878049299733,7.810473745732249,8.144538499756397,7.779257260753455,8.485864080932602,8.00544163021879,8.138834819846467,8.166930579176784,8.347770220596953,8.475223417288303,8.471568028942361,8.552569803145392,8.681400495447827,8.640865936704591,8.852492344748837,8.54185908310735,8.896267925302176,8.624510820374503,8.947629185157506,8.708842670858516,8.925442101970924,8.80835810602331,8.79735520162308,8.724066265976667,8.785287422553314,8.75049518976049,8.649472947927801,8.5015849518186,8.468391123187406,8.420934819622575,8.328530387307197,8.617896314073963,8.364350413695588,8.32248432158181,8.333487388069422,8.317549873205513,8.371461123942076,8.190632401366399,8.082145452356578,8.16147694445835,8.036042597672582,7.965289766254515,8.27081615457,7.926876706906276,8.154666782884538,8.411234474970637,7.944681927661093,8.309783408051967,8.031202334870265,8.129805165628582,7.895084207948909,7.938862547210099,7.964626607398184,8.049829872144999,8.101370599220187,8.179155072243875,8.092299290687457,8.274911149411142,7.91695212024884,8.028990938669683,7.790731255874651,7.999721596200632,7.802031010665612,8.139104292231291,7.921238033377246,7.97695514286557,7.946605600786077,7.825003287835659,7.941986423904687,7.853479569318385,7.876340739677342,8.13261589801559,7.806521232022585,8.109859860825033,7.654932985190916,7.958351571910694,7.804536826458441,7.65031005485914,7.636306078868599,7.6411004394820505,7.560852435516807,7.529236545693123,7.44090892696442,7.365450281153117,7.665033179322871,7.651159860050918,7.599569326859581,7.677510204349327,7.985303448221327,7.506505844096335,7.611887454918268,7.409731286937984,7.510318616355452,7.379399657656121,7.508379032068568,7.548459429802986,7.282982869592178,7.4955363763744565,7.224028834753353,7.5530511339815884,7.45787761363821,7.416040530592818,7.545085072933378,7.893022029322253,7.357925014483425,8.031260891749202,7.416829532968494,7.806106091017516,7.885776077664138,7.409551833576205,7.5208405007949635,7.81165433976488,7.555956598275023,7.755050001448633,7.674533297006653,7.7215391988741775,7.668405736383663,7.664310582044216,7.641559700990708,7.808125465853752,7.672563123597445,7.712944869870933,7.517649694389346,7.564514059067385,8.001675461648645,7.787468685998262,7.5865497340882735,8.00180170483576,7.684421312694119,7.8956096014349315,7.658795316151026,7.800983396057652,8.161319235252828,7.718362276085335,8.166204084844008,7.739637968062105,8.176985667745264,7.951210560767593,8.125386802690715,7.876714762138815,7.839326260012256,8.09115995123671,7.90738969611624,8.058977728296684,8.176733448846877,8.014781963775548,7.942254923793167,7.783167823810744,8.299284847655013,7.83186780308062,7.972114296338202,7.679465165032687,7.879697276080639,7.715441247426586,8.11658493229808,7.818949790500717,8.011468249742553,7.886195569929349,7.849749471998454,7.778816934168953,8.161094934862719,7.9197753410569,8.053027619213477,7.807055989165473,8.133417852908984,7.999703283297509,7.934318230121078,7.922484576643127,8.037674683543534,7.866440960873531,7.707107857136671,7.991334356746318,8.081300978145242,7.50667286634134,8.27198728650497,7.730531757377701,8.061891973378748,7.8368950775513975,7.86604551868202,7.793278814728054,8.002807548490033,7.849670876848193,8.097237184482307,7.876205442879962,7.903366464550288,7.939088725491107,7.874896924352887,8.027514931649582,7.807612473523857,7.975696682805807,7.726920589419695,8.045635179948674,7.602925336236748,7.979676232260333,7.457924798360709,7.9630403217642165,7.4091489747508055,7.799955544822532,7.695480977433416,7.163593519205843,7.742063557064773,7.310147834743057,7.5194314813955305,7.0991013369491895,7.42955868223371,7.47683459508853,7.3607836441664585,7.420981319385264,7.630873544073346,7.324649320055413,7.586273332561048,7.409390404146778,7.272252677778397,7.336498542220014,7.55056277467558,7.507165122038366,7.439843671281505,7.234098562241217,7.210679963051026,7.156277160455158,7.543804117177295,7.456745921565835,7.682638696121664,7.408653614089507,7.700066214452179,7.414875898143891,7.500157977982107,7.373430424143244,7.543589375928658,7.538648413975405,7.54078936529966,7.545556960009652,7.3738569512094,7.476642164156455,7.6635353097102215,7.468829370892289,7.339417322582249,7.5744210486827965,7.518262474571037,7.39864610605562,7.585770520071182,7.684652786642927,7.70450527520539,7.257857074678559,7.689173243797066,7.54140349819945,7.3764659733387274,7.74438668535711,7.626033471996578,7.620602334855737,7.536957500881199,7.8077580551958246,7.680765131438765,7.629514669400322,7.802995190626621,7.636065643650162,7.910636043470964,7.379221314803381,7.658762590863423,7.524880727694052,7.810678029038624,7.578119366109985,7.753238042832034,7.577260012958812,7.958085936481746,7.453615977761018,7.823854764029375,7.547207324492428,7.876584457779916,7.4049637608105865,7.790137031941357,7.598647256304193,7.760457569488006,7.865683690017701,7.692721311055737,7.917092282238096,7.688530674415323,7.724023238603639,7.835963902004676,7.942106660741063,7.831171544954794,7.9340652230630235,7.905639916366579,7.733544355245921,7.87763048590781,7.785918116948247,7.925154833688082,7.833692624062913,8.147485005750001,7.655510004513578,7.815762737176064,7.703709505951645,7.961988294549899,7.7259200019265135,7.878368744325505,7.77144778480442,7.781764167711753,7.989824520104246,7.546307299106065,8.027989529088751,7.834904559596123,8.1467971143561,7.798855147721859,8.001411909001561,7.975958337668942,8.1243311313788,7.756761555622014,7.827717351351546,7.846962702339507,7.8777824416259845,7.785597459307553,7.722721717363837,7.944564263277368,7.609415774714816,7.86634499210553,7.434173404208068,7.568563188497591,7.50348667943539,7.345875567883868,7.422077102117854,7.366643713914474,7.585998045407849,6.97669239951918,7.437098078147191,7.398353451664243,7.433624782493951,7.228609096935633,7.304737547297646,7.676476120852548,7.211289275192339,7.42143324558312,7.2192093557181405,7.42183499958055,7.160350450013448,7.44225365110362,7.5096376852101265,7.410217295099663,7.366049327269812,7.580265770383792,7.229766249588375,7.453052108331266,7.59790339508714,7.429263295528162,7.6866309981482654,7.214951632811372,7.968199655950681,7.072051627027488,7.5700089659324465,7.322853851222118,7.519544278547781,7.427682391262297,7.447985976614672,7.4304136562130045,7.130055312567075,7.565681632903087,7.282103824053576,7.3759280013634445,7.4754112610282935,7.559047093465916,7.463615511391927,7.658882232528794,7.594031127846481,7.599190031920242,7.320193163348978,7.768538340559842,7.496634129357207,7.468417148549723,7.634838281540814,7.721589306384939,7.58595284505436,7.5186782082232275,7.703397470402214,7.725555655394362,7.686152263159546,7.718004983818772,7.753470583713295,7.859295489719749,7.7879282007987225,8.015671916368097,7.830986144986616,7.812119472433494,7.745131174602228,8.040444765078515,7.833987023268508,8.288580255402863,7.709639907746258,8.06350186817968,7.790834877944234,8.019984608661996,7.906897818014638,7.928485556577013,8.035909104288237,8.074794836357848,7.952012503097445,8.074577893555777,8.076420305703445,8.00400017489368,8.037598203566537,7.851219413649903,8.090692399932683,7.9885319985697585,8.249849918276682,7.810258974513651,8.054608695410803,7.814807328113036,8.084355878808216,7.953234598130599,8.10082375047417,8.00979128632383,7.798098088183122,7.896238333151356,7.7952548523123,8.196079612203553,8.007210590268166,8.161818012675882,8.273642293854296,8.085258664038644,8.266748648599402,8.148369983170793,8.404990870381384,8.326279241504757,8.673402377606049,8.554622120341897,8.675429185746848,8.737309020419282,8.776381864451482,8.573887151150643,8.676183588436484,8.66550237412253,8.581458109856262,8.581656385824694,9.163558358528327,8.533031143151835,8.872758224929362,8.46188448133567,8.606046512179686,8.226196162073553,8.47068755998896,8.544676110294326,8.246609926118195,8.271059920626374,8.39992925792621,7.941412788840622,8.104729852580146,8.08079466141449,8.407535979195178,8.27968598162444,8.439943924822524,8.448568735985697,7.921779758880526,8.218702766817676,7.959421233075351,8.122691939805314,7.9331734813253005,8.206299308200046,8.102324129554123,8.014196748171614,8.07440770808296,8.339164231761039,7.935121754600348,8.247680675905809,8.13553283217983,8.295340457294747,8.045713190023468,8.265782431034982,8.23545600027466,8.11281828728193,8.283573784256966,8.321472769162297,8.228602884175865,8.539653598216042,8.503119210160015,8.515437006425723,8.079999058141054,8.652115078863368,8.339592857776822,8.311278943965823,8.589642781612142,8.306957033506274,8.28448114624867,8.349956601054087,8.476835383723168,8.356118059537053,8.45462663548687,8.544313820355251,8.674796583006767,8.33212013338381,8.606981905835358,8.58912419026406,8.524329804830863,8.561646223614602,8.634075676013394,8.695476364024593,8.199513271811098,8.833845757345347,8.544381810609861,8.479369096669048,8.677552068258313,8.664494664647295,8.512882786725326,8.315528649284182,8.541835519631071,8.371809729502216,8.56458796783039,8.511128551891684,8.661710071970388,8.540395914545893,8.421513875840843,8.86979466098049,8.283175675726175,8.619396715999258,8.857591703856974,8.6187685107688,8.849116764559087,9.045773587689412,8.897136916049433,8.70322101543346,9.208622149933738,8.74166888750778,8.931881992255015,8.846819934264435,9.011471839348463,8.833918384990334,8.612179998817533,8.987068139088018,8.622846714450656,8.53249302426973,8.537001280688362,8.579545881698518,8.464344694127007,8.648980161600425,8.375967108687997,8.529000783363967,8.259095082764194,8.35938490669863,8.22174047699818,8.262582482757658,8.27401806734191,8.251396636400983,8.196963617724046,8.263576837383821,8.19217882104838,8.021073899713024,8.297148745503888,8.088058956606924,8.321018154189602,8.086599998927355,8.220170122074574,8.337434160128845,7.859728094075487,8.048762186874315,7.8941919531083276,8.133623309514165,7.960963107465447,8.072736680960896,8.028410297368334,7.974637434358389,7.928209577507021,7.612807329154256,7.951453379929678,7.33588356207745,7.786054842375831,7.479561928190905,7.681406789735573,7.710514136757694,7.458911870863902,7.469660238192099,7.580526477719339,7.5386849479811815,7.45493320887597,7.3880014838526575,7.585132570980729,7.1137603430791385,7.625745084757597,7.301476646248866,7.78465386189209,7.2696328386633295,7.716201438351216,7.41234948570529,7.16024646224143,7.707605429614575,7.297005612772573,7.862187412620203,7.365668489352482,7.826887828192355,7.459633485140893,7.559271783304083,7.666878420279042,7.8267023024583775,7.692387859268727,7.700235365300122,8.016903670734406,7.602127452759685,7.703500313653292,7.606318711188303,7.5975446995409746,7.766810550081225,7.676358211894202,7.852259277297796,7.884210429616885,7.702129761620106,7.964450543314831,7.429891369768101,8.237590339590474,7.84085338398503,8.146426389679924,7.230400313340742,8.147172415188194,7.571708392497766,7.824501404712589,7.825729282858463,7.942916928731517,7.885621468915286,7.733067599736767,7.872365429351719,7.90521160361977,7.740161165731641,7.779008366564901,7.799466378611194,7.695166718025373,7.737248996688667,8.116232534913957,8.01838164174618,7.8853360365113785,7.747016005866843,7.997111529779301,7.64994487378435,7.723363409402463,7.97820531647341,7.64822208534615,7.955030759737507,7.831139000269267,8.030846131273226,7.782911736980693,8.007840607116611,7.923720763546096,7.706814422557744,7.906736030044646,8.037938144231827,8.124712589137868,7.550408484792951,8.124465252372117,7.536178745689484,7.828785310142354,7.651235457329693,8.051191657024116,7.684685985033082,7.65910245515095,7.939899258182064,7.58784212104665,7.5372701991970255,7.865845996687801,7.48230075773472,7.762321257178353,7.38333187055463,7.857942484915249,7.451678540181982,7.775106531716876,7.828714491836719,7.91957404619082,8.027408377562331,7.433840160841737,8.323057764374331,8.140088202903659,8.243679094693304,8.672542975765332,8.464753304446726,9.28074380969317,9.26417784872153,8.738348158725216,9.485924695410443,9.371897843802955,9.531885313416508,9.871403319767351,10.415005944684756,9.943355150582876,10.209961480094725,10.904618998474122,9.878605917782197,10.72885799544552,10.046409090446915,10.983738329342248,10.569758120911807,11.086116558049486,9.742890472762893,10.442668198027325,10.162462822847676,10.642055322012544,10.467113164920965,9.58083475914472,10.25323766649389,10.126507070899617,10.047675690508122,9.622145911573108,9.556538887886937,10.586773338230937,9.732701282861319,10.033488636414194,10.16034053036631,9.523773902828482,10.540256643683326,10.050114138523723,10.395957967254008,9.584042487523194,10.677477496533331,9.933121710658678,9.4584446876558,10.355984453090143,10.25483029019707,10.133715902256453,10.09704689924293,9.671953297114607,9.956070258511835,9.261432819270206,9.693490643516789,10.576931970954549,8.50209959293404,10.479556717757744,8.857848186983404,9.551264732709761,9.942010547534236,9.512392561255632,10.050932527917112,8.697327738699181,10.942526627943533,9.481051773556183,9.696619987922395,10.141176925112168,9.48605529971109,10.060198580731312,8.20711871894696,11.112987769559638,8.857458756870267,9.663855994685228,9.769049432144175,9.74856567420685,9.84771515119509,9.224746723544461,9.960720771734277,9.49412159289853,9.049902313674476,10.392776584584873,9.373955807626855,9.374313450704005,9.702649544623355,9.588857459404181,9.980872268170724,9.644106708966802,9.897769075219195,9.93800020354488,9.098544633832438,10.648158925451948,9.341001898205516,9.41083781182454,10.38881214655624,9.198882342229274,9.87526955170245,9.577977690693597,11.144544326333945,9.823941975055869,10.145361515429476,10.197901328407834,10.193568954893061,9.874782335159045,10.05221441738927,10.00923650920079,10.119843121419335,9.92530361795486,10.622481286848574,10.021403641669686,10.052490157593647,11.298601631556322,10.155538611353048,10.173306994779642,10.567614631603146,11.037503263872727,9.758758398915317,11.415796663664896,10.48517982143597,10.243417918660352,10.85154806649001,10.168795316598052,10.305908181151981,10.742238809873026,10.829427362407237,10.824531388158588,10.456300337842343,10.212043675451214,11.329010567550231,9.942172616409744,11.215862123478816,10.078789578440274,11.813196671406427,9.92759024855369,11.732320178539176,10.474577792581778,10.889127017852529,10.343133206317807,11.655156176077819,9.969154942935939,11.109429780837761,10.280321437340836,10.44289909786233,10.127063254776084,11.279529949181397,9.978517128868635,11.202157457784432,10.712993036663768,10.625703493511914,10.489252886266124,10.959576735465467,10.649354805375129,10.417681556536493,10.486808379121733,11.20965855587894,11.278068311649058,9.976870793790232,11.061747918060663,11.695082586181035,10.389140312566097,10.965376917362825,11.098205827331784,11.627915139549097,10.801329909345746,10.894575260986253,11.156846856937426,10.521747086054322,11.140973492513092,10.83210416967669,10.4550818012903,10.5808406357436,11.715626625927783,10.576539470922812,11.292008890608939,10.293595027380297,11.386028421238679,10.179413772939379,11.594846866593382,10.993504093658792,11.074146256313341,11.057182135923448,11.804090772566072,11.124265809437873,11.211250376651677,10.881581527643515,11.445807416873668,10.67184276335561,11.706275906475877,11.262731753817441,10.75614795102426,11.230509625903013,11.632790454744045,11.468404778965434,11.39647587767491,11.287183381027226,11.588353804989401,10.840840912281214,11.66780036583232,11.193309880715478,11.266609441616255,11.163056812665106,11.45867513511019,11.431964085089657,10.666349348432064,11.39125457233438,11.377506943639982,10.842185227802634,10.915755957538874,11.415969359806422,11.457312176596991,10.496906372398746,11.842472633306555,10.575944613960248,11.839498179272434,11.021791889077665,12.037012192138157,10.222745008949795,11.383941003183518,11.398921391383428,10.779804907717422,11.15692240421349,11.534057887426261,11.33263288109252,11.418725412754958,12.246954281671592,11.302843156193067,11.368881635103989,11.591283803467322,11.57299092192823,11.29734000764476,10.977101011720167,12.247004615223652,11.053311396564037,11.108829098601507,11.412122024825457,11.74686924352931,11.232757898761571,11.376189825513084,12.284927623119827,10.610830337085439,11.764300074918813,11.510619528271873,11.874372315329188,10.830285984470187,11.492005052060506,11.738190819292015,10.877164131139084,11.781982283943021,11.943690976497406,11.635833150266354,10.682105289461699,11.932462401731557,10.935953675691652,11.217856349494921,10.998217764326052,11.269203235941621,10.666713138023999,10.845457404485582,10.982869451517852,10.196008699821913,10.590801599059862,10.435894387128437,9.982586222632463,9.80054827063964,9.745367134033376,9.75908281891295,9.18353536076532,9.709185377039622,9.145648487011577,9.307818767406655,8.7865194257597,8.726905370640248,8.993496039795366,8.315994581604988,8.822445835030315,8.383950676886975,8.602084533038228,8.174046067173272,8.347106760001422,8.101886313340309,8.240359856138618,8.629362733267858,8.461615318718046,8.243253988266602,8.477748491258039,7.911487017987908,8.189732593965397,8.299592196919635,8.587658502866192,8.203437352046981,8.625919096941738,8.41764068415077,8.50560727343583,8.31052900260003,8.170042286782206,8.552943662532286,8.08620317115137,8.356200137051434,8.574638963701812,7.949989027852805,8.195982330736385,8.229249479702354,8.208829076287017,8.444759972893312,8.458006015323713,8.41386913197735,8.194644379947945,8.200715885084733,8.578744719481707,7.766872341611104,8.571555218171937,8.171734627724305,8.47636055889228,8.348775850149483,8.719870514773442,8.487675090810894,8.432686604975402,8.81093487634012,8.413447734812886,8.692329143934563,8.631272098009154,8.952672851995242,8.703788382519647,8.968836562565206,8.713040719411016,9.084642610453677,8.268246518994362,8.632006724808974,8.4449702252789,8.931414832907405,8.494698729977623,8.569653927224365,8.447564272318646,8.587973827297478,8.5589514311465,8.880115071727573,8.475652633650839,8.690014577737688,8.641770529393096,8.54772874967815,8.486744788164883,8.81522239722,8.4453182692329,8.508443473220481,8.75931942830482,8.657757871073349,8.59658035893613,8.446338696411491,9.067022399871286,8.169653764689953,8.907688906599445,8.680822647564723,8.960783277514068,8.741205385175212,9.040205593487856,8.831064853683722,8.866666367944939,9.080350838626412,8.635490755007279,8.972895173399387,9.071933761524644,9.07291374439062,8.901368802494046,8.766767194202778,9.154943965875221,8.658485664247213,8.89220592877516,8.605923439475387,9.161127952501786,8.428821176008,8.810031439323588,8.401287811730667,8.63098275978738,8.503678590717405,8.381623505062102,8.253707819894567,8.112922597310186,8.342413935015589,7.945098915553333,7.801705484238134,7.816807792192938,7.729901154988126,7.667321570391449,7.4109305218203545,7.732870218694822,7.806382774251194,7.52147663633028,8.105614065888018,7.756284335001053,8.17529159306237,7.340295536384601,8.0643867376695,7.443251477265722,7.374238759322705,7.702425544296073,7.891818029433479,7.3807090739036525,7.774799126057567,7.42477579309294,7.851275000028925,7.449978926560525,7.759203707246724,7.688857552129767,7.681316927314417,7.790608969709517,7.698916692637519,7.652798930533843,7.60375408617779,7.874401833924145,7.785083890501402,7.89401040292965,8.139002780846,7.779351572875546,7.957139034212248,8.019836932063715,7.929621339120583,7.799641757939623,7.887106163414808,7.728595615827159,7.757810313083844,7.6126152022990015,7.797623668533431,7.868961738037558,7.800063921889903,8.214303384261818,8.049881064367161,7.861298747040944,7.867270209292562,8.32335076467754,7.550586062918098,7.916406850290166,7.907606266827003,8.251885214323789,8.107127557719737,8.05397773498358,8.16376360069649,7.9084214306032825,7.660624280401187,8.157711281773315,7.782111853982003,7.99608890383193,7.828246167094128,7.969176339178026,7.8652547224207385,7.912621756472306,7.883077031054215,8.070548344148934,8.025341682850064,8.056385180872544,8.074825546160952,7.7263919772642256,8.373419999141856,7.917275993290039,7.96478439788954,7.841669398710744,8.395183650447667,7.7347003735291375,7.931622097405285,7.793030426834393,8.111425769270078,7.820222708617019,7.678687516652661,7.999986674801127,7.92100279937187,7.947716270411998,7.926318633516001,7.617690888742598,7.8843582334152025,7.856553830957652,7.503972889805826,7.651922861520815,7.939877886238188,7.7256580008348985,8.221512115864693,8.17716175020361,8.570972885663299,7.85520125187622,8.174978669608624,7.978907443943114,8.353101174791023,7.831393659959229,8.229368714295939,8.072089887574926,8.053520535916702,8.063553724742174,8.372526888723165,7.853598313244672,7.8728568391005105,7.864001909128071,7.669093534030633,7.800477261018619,7.592433262268695,8.003747303929792,7.7820895055091555,8.163801000571489,7.978845530857012,7.831382980259747,8.015487697940932,7.430339169033485,7.628670549715552,7.320288380930814,7.640024354864526,7.163097918430958,7.381285571726032,7.549561326882484,7.272402059898395,7.506469412284585,7.107284658864756,7.908604234537722,7.006769101684907,7.22188312658729,7.488137539845573,7.181743582660947,7.4882649114883115,7.228355316628385,7.6892457070077365,7.140052585682515,7.611107121805343,7.454094589647518,7.282384976893658,7.4490285572751045,7.457171180636305,7.416538900674003,7.4296093372969505,7.612025314221771,7.530427456271517,7.691581908144669,7.631577971425522,7.723554866227002,7.708722068226577,7.512509118995312,7.990235383935885,7.542085574471074,7.597435192052887,7.51471218816625,7.604030292980985,7.640373601798583,7.799799393943193,7.715592004737498,7.449434533041585,7.532094863799083,7.83514482874112,7.466632998424265,7.752824801389741,7.72936870277548,7.671284550183134,7.618619341726096,7.392290271666514,7.978584109234304,7.365340247709918,7.442176302882525,7.721061890494692,7.737878241526576,7.671994573591891,7.676748245578872,7.969094912518427,7.240245119286695,7.735601694021987,7.601002047394084,7.658508093990378,7.581945669051874,7.6744127115669265,7.70849390089511,7.8451271852726645,7.941907171669096,7.773364024121927,7.645691140607612,7.699320439863942,7.6799003939113195,7.581102394610635,7.669133474711944,7.902469314873831,7.769830799444261,7.412857385609913,7.89369966975102,7.674670676281668,7.723023619546235,7.85951615379812,7.596383907698708,7.882442068007456,7.7199100565041014,7.924683624698462,7.678169219863282,7.872557341024892,7.541699042736235,7.797874871591717,7.54803536036672,7.8499883918339926,7.620701612445208,7.772922478082271,7.530834296147023,7.812192423741014,7.770729519293325,7.529235341471303,7.993860233208777,7.75808224815564,8.00660017673546,7.797457325408846,7.602300710097568,7.744336783808337,7.485004117839652,8.020709672008321,7.371942446172851,7.837797048489245,7.618239971545207,8.020272194311634,7.699505764876175,7.860249182578787,7.816589462753998,7.962559872089564,7.54165156500103,7.6187107828880265,7.871941653626651,7.555582876556235,8.112940953715386,7.878773398349674,7.8845642751424165,7.666113342742118,7.546623254163804,7.425412812630328,7.214005732942988,7.50176880742112,7.053112948310246,7.681028727895262,7.324192737486828,7.5322001045724924,7.234339856157694,7.321312104628106,7.68914795381637,6.9538452271340985,7.547644385245311,7.01471823079511,7.371182253692911,7.262218751932178,7.364591638889777,7.610800661069022,6.9610339406381,7.374974169178549,7.169731001794953,7.169084351078292,7.225229689987991,7.329969650662187,7.303104079241547,7.13720183598498,7.480452065058046,7.177848824445773,7.623090467366072,7.290326821651925,7.5738240784003015,7.394673104748745,7.226626834316794,7.755102186563106,7.5575842208197885,7.3123889455075,7.48631931435937,7.4639385847809345,7.2017163008327225,7.3327250870379235,7.2401523389077385,7.391776919706407,7.428625997990984,7.834747485012429,7.363606421879175,7.723877996799216,7.367297127690781,7.671229818218069,7.66459214294018,7.377607351296265,7.9295122398684335,7.376426085919754,7.587845026940721,7.66335428553322,7.558217139886685,7.6371582331942935,7.760948124264048,7.686808314882211,7.61616328806305,7.632438008363041,7.675443923898654,7.591279836107659,7.652495907216014,7.592507426661123,7.784352845583722,7.6702145366339565,7.857006406203525,7.688063488282876,7.482459345400947,7.770078707604349,7.68513933979595,7.760930065717539,7.202484024918323,7.935832595309854,7.189135540823137,7.9677769198144395,7.424659066178518,8.013216576014326,7.6046273764378,7.878109208509938,7.797482618220763,8.045700041279188,7.849596887497844,8.066166146133705,7.882472130355106,7.953730453901605,7.854632010829315,7.910560664568709,7.93349176637517,7.824368256951363,8.030103824638442,7.89833153677793,7.8320838427233115,7.930560468990967,7.7137658261383475,7.8801863569269495,7.781604636150092,7.944349509707333,7.8858045148259555,7.864668321019651,8.108721242786066,7.783989798507333,8.00441699591154,7.902456793632971,8.02202364960374,7.93661541171992,7.650140858205648,8.109403880002587,7.732465037746968,7.977417169964553,8.068665472517402,7.933505186984928,8.280143403882771,7.816389517734439,8.468915428078413,8.076106338954212,7.959250120992453,8.128267888516799,7.496535623042527,8.042388834810495,7.675087659244108,7.612341851607578,7.342343341733011,7.649321081597971,7.54247183087902,7.35761653647447,7.428894738058242,7.748726523850726,7.5329657672873305,7.7689006404175025,7.732961074213178,7.455970188106091,7.590299495157467,7.595935301200168,7.532953681449087,7.863742715685309,7.7666573871547895,7.95829332916686,7.569336998347805,8.191364295954495,7.673054461997616,7.956896134332434,7.940863475228342,8.228479495427251,8.389502809854836,8.269384929562598,8.546278200584142,8.331192927264288,8.411974147126688,8.113992293846474,8.78922933368632,8.174109625394136,8.564778727438911,8.52418529309021,8.395737357024714,8.540998195192456,8.33731615537466,8.28575418703878,8.430880140677704,8.218746647226304,8.629359672904625,8.066555422634499,8.60683542255932,8.151948733233526,8.640816554973512,8.259028574364871,8.823350283556296,8.219848245984554,8.338086524835466,8.559874840776114,8.369918931952357,8.299853088210018,8.382610522663832,8.6845719655572,8.352994948939099,8.678460593648865,8.733035581499948,8.505463966845214,8.570649027709528,8.495619155733525,8.411562308731169,8.688379107338056,8.521145584040001,8.95912948599705,8.600258393200724,8.614121927671745,8.90835460846932,8.685305233808844,8.714808914183317,8.88455022655116,8.756203285638854,8.943059404330937,8.716803615881739,8.666491670046613,8.718001696985825,8.659566757610678,9.006777225366472,8.645760121836005,8.815023197984932,9.073473354761166,8.482256187840044,8.683425088279558,8.699835487396136,8.57158707996519,8.79640613221252,8.652996643471209,8.623607188320397,8.701533916365964,8.458127304964378,8.780062289747088,8.834455237823216,8.384497617656976,8.573170094822212,8.499844298331677,8.721811468663303,8.549129461130738,8.718649373489109,8.707881448731435,8.558569669115036,8.483458972821623,8.611183020013062,8.546262283256887,8.564668173712358,8.706765063644065,8.62040712723197,8.50664090529704,8.87221362581165,8.409766752688823,8.686238350352882,8.577520791410146,8.534639609676464,8.529590729695423,8.530889223913341,8.655623050599036,8.763046440106494,8.473465712505071,8.84010830440247,8.56339442009726,8.711641313421218,8.6122532052795,8.536727614399656,8.246657942139224,8.174437964294718,8.420167943031206,8.113625627957896,8.286997828443214,8.400111212624847,8.230965134619415,8.262752971562236,8.124645782380044,8.439963425962866,8.00725418754542,8.172502254840598,7.959469808485972,7.929656117844076,7.844760562439129,8.049222968469055,8.061265736461298,7.707194833817573,8.056362343213202,7.790724423546336,7.710100306930634,7.826803650902576,7.706086971756685,8.004895932214946,7.72561262222627,7.903908809131624,7.662990572738142,7.946598779192807,7.613290953074264,7.982560501877831,7.819448702239113,7.957279885734113,7.80237968441719,7.821013847279044,7.5764627231067605,7.775393773444609,7.50517410843322,8.032359591356158,7.526408422912154,8.09142429394336,7.418631083319577,7.882475210630017,7.575103739170971,7.784734376358481,7.736074378459396,7.8819392003274125,7.905998866014795,7.721946473481746,8.01325943083191,7.6680851372207135,7.892845030647384,7.838588678824396,7.748287110347293,8.192395880703494,7.944762788663298,8.107998942804203,8.105665170100197,8.12708515747139,8.031667229017854,8.258616659135237,7.8857605385004135,8.071742935615273,8.018280528035627,7.895763882572445,8.224608740281925,8.110663085446374,7.9552496761425,7.792169520302357,8.14369457245493,8.051131816205249,7.987716061581538,8.013593721926824,7.92072137776451,8.109403064685553,7.912444721587615,7.99813808481829,8.08789563508393,7.961503209980816,8.058910790892929,8.055128952466564,8.086338541523233,7.929059099542591,8.295987860575929,7.884299711274596,8.129442324616626,8.26343247690858,7.865403315961974,8.024395981744544,7.8433962330656675,8.13893194287704,7.773095851882042,7.967216220383213,8.05595995331803,7.94169651594633,8.11372503845641,8.165492011482508,8.379311726006359,8.103628544292093,8.299267308662325,8.22779699706161,8.113784730328858,7.964646566255629,8.059835262239591,8.117689032495633,8.129051410562038,8.03466695871824,8.190497119367732,7.987125865432115,8.128873694377631,7.8530716117719725,8.179824223412812,7.942747078832851,7.950033940241352,7.886920003282519,8.163541267352791,7.923354099324586,7.8469017036879976,7.697212491870539,7.782312460343036,7.712277361328396,7.62824406900132,7.415811092356835,7.623460699977967,7.529872395430374,7.486714904165509,7.747871938158439,7.400625741823259,7.686508649258555,7.672910072753819,7.62894106235044,7.437684390457961,7.459307250442597,7.3849164088691195,7.333755813175806,7.4640008878211095,7.4997175444538335,7.285805204501369,7.246791206753497,7.274815906534587,7.483905361608283,7.280273172426963,7.289704086882988,7.502710578242931,7.541562296915792,7.632804329358034,7.413324207185451,7.5725129503166855,7.535300864679732,7.469235906486083,7.636877467601242,7.463895218561707,7.627754992858189,7.8118476017719685,7.272113011063381,7.621243299925693,7.170563811256233,7.382581865824753,7.102837686395888,7.548928358489641,7.060863458272064,7.686115222992368,7.100738373789933,7.6407168556097815,7.240873105249673,7.528416730348635,6.99551136453946,7.178382069617504,6.9582322560747425,7.347346877673013,6.852496744807184,7.0601838930572,7.017868190125248,7.052961459175367,6.969184241521479,6.718328756745901,7.246302377597113,6.617114986851809,7.024427372071267,6.695954654645171,6.9106008874842235,6.659690249888222,6.388321953636282,6.978967723418022,6.6350251754994165,6.3684148274858785,6.368634443692862,6.065286757831152,6.476338963015001,6.115518308884155,6.368494794626407,6.304505329026528,6.189662114881599,6.325735147685432,6.100898646141093,6.105710888051739,6.161677706747627,6.01159764441972,6.177106821074461,6.0199761120540405,6.305564114088192,6.254103413730239,5.913339134262254,5.899316164525228,6.131155404743429,5.9443531003625445,6.205113857885201,5.7089641791551085,6.081587607509769,5.994784753986945,6.19777351998724,5.847575963751105,5.687982530404505,5.801478893198077,6.250170350627354,6.001467119992401,5.760816826270896,5.918608069972446,6.405896687175457,5.311168915486588,6.034672358548269,5.600580682574466,6.013476723513255,6.058259468637408,6.157213953426107,6.349241568424425,5.910855857909969,6.541953730164091,5.942661212269838,5.974756389511751,6.475277984027439,5.970152542969833,6.494640232318388,6.024353755023331,6.06251839435349,6.34318873782642,5.7325166946991075,6.785276346082484,5.801058464609088,6.330516554967808,6.282276764533791,6.186694306852295,6.204236172574261,6.133653011036416,6.346137701847279,6.18324577939386,6.4164171923386535,6.047599561677003,6.510463624397912,6.319965082857135,6.490604468891394,6.911855730134987,6.024980365537728,6.6308234972382545,6.432283758716654,6.358234712698806,6.964539252941802,6.492055370484787,6.698196082074812,6.2798227494924,6.737293990474813,6.70961639291917,6.788851934854559,6.792541342445957,6.727730181406559,6.849045507510499,6.542043830196682,6.907833319554721,6.777700226229301,7.136004999118541,6.778670468830189,6.8410039668064515,7.0908814708919525,7.044793434711168,6.961796846405288,7.031371339323613,6.802615823649487,7.25325212982172,6.91210221481509,7.089820018171638,7.254618343689162,7.258240034446735,6.9133056626934515,7.538830577014006,7.087577483138685,7.121890325763568,7.293357853128879,7.425922194427493,7.175996723258863,7.480489552350086,7.293541195656478,7.4420613025842774,7.201699931562563,7.647793358291181,7.3063937005369555,7.345532526417318,7.53184077400403,7.349988903067999,7.5922951923310675,7.444869895083823,7.482412611003956,7.425995490538571,7.538268558892103,7.502333698698003,7.425102422197033,7.395622200832386,7.531860043297825,7.496161599519345,7.327264596167947,7.481035763674097,7.836956971983106,7.05714742334559,7.774994118089469,7.28861875746709,7.6697465675758725,7.267414565654466,7.41143504898684,7.768899799920609,6.991438308870415,7.641231500540541,7.39301080384291,7.605381058656292,7.452539712364468,7.779990678789707,7.427450628895306,7.568490458065636,7.688401858719679,7.583192090454193,7.44233044018037,7.452240806982536,7.666611178225519,7.315682178080697,7.583571039667967,7.4699137514146585,7.7063554596497275,7.624649965818963,7.7808863567436655,7.741204864919798,7.610112352777885,7.642525066329779,7.806092600421971,7.395567294877636,7.793753302988278,7.24578204997504,7.896792372704165,7.34700747970491,7.919974787120388,7.673864195641743,7.820135871820764,7.710414685547964,7.7699245146351466,7.525982452264669,7.481545208894329,7.509237782411892,8.010928477660434,7.673618926952275,7.875758088395612,7.651374010524395,7.5424265665250445,7.575946456311884,7.4883178348249375,7.431540746611226,7.185272319174056,7.364969191054497,7.28719837844992,7.409555581593881,7.26875177857155,7.512674500259253,7.254584730646257,7.316890789788832,7.500498526111858,7.170452398133148,7.1224773384351225,7.073105987894033,6.844881313197932,7.4431151173698336,7.082225046108161,7.603420147808882,6.998522690307965,7.346863855915139,7.042340390669799,7.478757085377964,7.361271717678749,7.35583257663684,7.4518706144268245,7.2627283100007665,7.580687965430932,7.599754749710354,7.233492177339886,7.271087272092695,7.245747936132047,7.3258909115816095,7.319929479124638,7.309126062734668,7.503919617595764,7.37998545538323,7.605523139499119,7.425169473585355,7.624714552927753,7.474862988029289,7.658094707864018,7.441700793101135,7.671597649992125,7.6853718284207,7.997231399506943,7.741822489673883,7.884435037101301,7.821887983201684,7.7775392126260865,7.719717068594563,7.832094840041043,7.934871324521169,7.971928304644913,8.144373044945912,8.137397938041628,8.183239733033492,8.270223216932877,8.159633445652812,8.127400041582675,8.123755752049998,7.81013171188222,7.824477489913495,8.061421258893475,7.843864504309985,8.021098757243397,8.353596598568053,8.159983250598103,8.029584767824652,8.0088700360308,8.035641365020217,8.18808566135043,8.041188801635668,8.131950626323611,8.135316942079605,8.346447387613967,8.054804420002418,8.423764181040838,8.073998469241577,8.23214140841426,8.280480724737659,8.202809335111318,8.047473551199452,8.213371752655744,8.312145948425545,8.408464813611149,8.138366545528786,8.322869347451865,8.189199133717135,8.022771164874227,8.2782838688294,8.126988866149128,8.449569733912735,8.036247819416838,8.523059023680776,8.084299096480624,8.365196400607616,8.395352921398967,8.597956853273002,8.407403820489213,8.687394138748436,8.252146835277468,8.382347053034842,8.145521762749791,8.501907676641508,8.328725441374495,8.289167567190395,8.500396263000233,8.232217286915198,8.438286255762591,8.607740980169416,8.251480153926327,8.358985095477342,8.200861620015145,8.377414502563566,8.235099580163748,8.39178543708907,8.521919521742179,8.21121212906824,8.366061418435216,8.195761288606242,8.259799047463252,7.775288378127532,8.150368675977603,8.23721174756685,7.848272646960482,8.047563666232543,8.140315197917312,7.879966879176589,7.94904206221612,8.15127134130025,8.332661704958095,7.837554048985854,8.11567985148789,7.960942489157112,7.746571185064182,8.132174585756525,8.227796917824685,8.200065070052311,8.09320262287432,8.454857278770445,8.284149126444623,8.203755453980207,8.389867623743282,8.411845395552605,8.193484471763163,8.388358280562477,8.119861048587277,8.446298629116878,7.958881410068512,8.236726950590178,8.13100262441361,8.253335850664094,8.100921281694117,8.493115693942322,8.18781416595602,8.117699992122741,7.796765496038513,8.099711818086595,8.041680392712966,8.139360043375433,7.772249958865957,7.940961371834071,7.799364869889486,7.984127374074102,7.637025471680481,7.931007261133434,7.696512798710408,7.9481883058665845,7.723317325624319,7.66188966737749,7.835548389774428,7.58384769854756,7.79252313560495,7.881415400560936,7.796059779680015,7.899463637235256,8.024903829448538,7.99072912977697,8.032256176915633,7.9871485366641135,8.105387156416342,8.063326155121118,8.08981795256646,8.037463072656333,8.253243608471617,8.179217060521857,8.083020626098529,8.188871066408844,7.94219711910622,8.161910542358322,7.964793777046716,8.048949984513833,8.18095491786176,8.210950479457766,8.031786156135292,8.156494714204833,7.899611049561442,8.17877950902717,8.068651177870722,7.888131172039227,8.044334137809143,7.982577808840813,7.825187628759684,8.238625567813084,8.144362077663333,7.985387713840844,8.119877170973137,7.9266786065045665,8.009730148750037,7.723958350193369,7.917740450768411,7.825568913907425,7.778766154708953,7.866074421961472,7.735115728822218,7.909380579447986,7.890613121005386,7.918769699425116,7.613184800666439,7.917348362921419,7.843686804237457,7.725458290983604,7.883045968028399,7.706938476950543,7.976417583903911,7.715499321852492,7.990309890701116,7.921134943968298,7.9121787833763815,8.000836162899303,7.872020435199753,7.857698778469728,7.659354155460985,7.8910176100364495,7.586185881566869,7.648756363342198,7.592571457779648,7.454441862960028,7.461269366654251,7.176376739970092,7.583477821719514,7.336125114352126,7.231741116071735,7.535093316963555,7.303157997556646,7.284399273336549,7.3684730114291055,7.211271832358707,7.501224600250515,7.443516851315889,7.9017803210547735,7.310491724467519,7.495628480805697,7.393237201624232,7.215353728660066,7.575662066858874,7.320962197619174,7.618118581135438,7.295307709254939,7.116874340555316,7.396953592632581,7.2914686049396735,7.6145562857824,7.643897846682611,7.814531049017476,7.640217035744953,7.560558195939901,7.8309001234794575,7.395026534559819,7.809198380323739,7.711994166575985,7.6011572293533565,7.60579595081197,7.765097658957037,7.738027904421704,7.554613710396605,7.667133571567628,7.672461930147055,7.907489952544363,7.669988328848648,7.932250926407667,7.536437330149727,7.926899524085837,7.62527483217107,7.973551004786657,7.866377410364018,8.052465251327174,7.9013792213952705,7.7404819374127865,7.907539690897481,7.608048704114425,7.7650517764004485,7.526848043852168,7.949256240768969,7.7246823715480595,7.9471639475009,7.87630558054583,8.129032084473089,7.8107301673448255,8.000180078415811,7.678889010927321,8.052291192530335,7.914169286262855,7.837613795638698,7.63990123606907,7.632692587298025,7.788704692289846,7.628883892462271,7.742727911366762,7.617104161201659,7.924633878432205,7.479312440256271,7.858647881836312,7.584899138870331,7.749107215354831,7.904998268565776,7.642300581286342,7.827614237784089,7.788526883522661,7.853747128822522,7.7727476257799735,7.925186741749436,7.791119202623756,7.887888854450226,7.763088183021165,7.790866274414576,7.811481105719374,7.762944615256653,7.861253911942857,7.426964561479781,8.123182197489456,7.491875559293347,7.980804553894938,7.610255942835155,7.892656913638726,7.910315577021481,7.82936341604838,8.03982667055601,8.065716368105875,7.836865039734782,8.062170497809216,7.7318493395950565,7.687810274070741,7.70797689099485,7.764793495542051,7.671541898713129,7.942215687201039,7.718949257793517,7.836485053009035,7.608581272109094,7.645535537597405,7.725771037895844,7.594501634050775,7.748192888718711,7.4690451438600745,7.734715323379876,7.460704602291801,7.624348203536735,7.713927933123575,7.828338520430641,7.512146582544464,7.583516667323799,7.098476840925088,7.60849072159888,7.300402265448738,7.239907558417562,7.4772418107061265,7.034693115080391,7.671491421113404,6.985618754914025,7.748055778412761,6.932391299745063,7.366321631806585,7.4170397385271825,6.840645170590526,7.265222858848664,7.246237912044544,7.28009704105245,7.258535957240183,7.116882370930781,7.37225776521178,6.971273282018175,7.413587331163381,7.337480444849152,7.444729488265384,7.134056122691054,7.421567993160952,7.283592186762635,7.288216611832995,7.388287429564316,7.323372255309168,7.5399418115770995,7.280238888046387,7.455605677046496,7.395558404941105,7.53407980005877,7.226390552424509,7.384116578052435,7.139514204446841,7.344563134002183,7.468261414427923,7.418384233505148,7.315601853641365,7.483979370125253,7.397133981172609,7.623715070604029,7.8413234318109755,7.871191731343657,7.697298895760122,7.601912843656407,7.672485796880591,7.5351744236765965,7.880570942411811,7.514179797532651,7.707256220818178,7.3522957162621045,7.759895498125495,7.5820675497564105,7.683135706360133,7.900411172319816,7.5390272840547,8.014674754074456,7.515863346538189,7.794329382429512,7.674105962623523,7.684190026220547,7.87492561485307,7.723150834940986,7.710482037446144,7.54086977577457,7.653382460974771,7.694807079673426,7.631469401788579,7.960279981947185,7.6805401024191235,7.6820437244853546,7.912531955220417,7.702972911760823,7.9642600273309805,7.757889873400943,7.8099303751035185,7.763381988648317,7.846072077589721,7.78962578047687,7.92203975587772,7.821265528143065,8.073975510584802,7.8964649995571525,7.675999964221063,7.907372574309498,7.815512320470678,7.645365631437541,7.9758152527330965,7.882104764335471,8.18153188032718,7.951271478167416,7.916990138428897,8.159435427614168,8.086147402642906,8.215264413716882
