5.829212666501599,6.276343633433183,5.717614816576241,6.323634995122752,5.831844978829223,5.6185056108732985,6.543550816973053,5.30893159454067,6.475564746459327,5.966349416822194,6.130563417871793,6.255022929211458,5.702744135707615,6.363600202550492,6.251473477184773,5.956586564977963,6.2193135767181715,6.1256139265994225,6.084638353337843,5.828132821371156,6.183655566175778,5.91093403170506,5.864115670224029,6.487286260624728,5.959469102273383,5.939521803706883,6.529708239038788,5.727287837415932,6.271683482428392,5.957058080186446,6.103217038859923,6.368371920635305,5.565879054963585,6.4222109625240185,6.299869465877613,6.026513125946123,6.153219403376182,6.179545968472958,6.3299381195505475,6.1535066488881895,6.117418629775446,6.2719152207672595,6.28242504854997,6.208445919801792,6.35903913786014,5.942095040579636,6.183409705460072,6.2971562975645075,6.211650807460149,6.386041344453893,6.096870262175798,6.34892318998774,6.189064920296271,6.372123332520328,6.363492094924054,6.103487889518339,6.251596387376388,6.26329931413134,5.940591873278219,6.402898210932813,5.89618430674076,6.261334818353256,6.076078817596038,6.116354137112698,6.249289082189401,6.14631799330314,5.959443558951218,6.342903349449237,6.2125625817974415,6.113932869186003,6.243444419999919,6.1179048723479115,6.161011979778608,5.932870227396487,6.531509442975125,5.383522919813787,6.361320949991546,6.3289261049528935,6.077639684428771,6.3067961474259695,5.872204662561415,6.304987122615179,6.2081334603329505,6.051800575753052,6.287137114008268,5.740014938811458,6.271635192682347,6.080832710464795,6.004951280355453,6.145999587327242,6.133995656569799,6.114701207925877,6.092859173615774,6.114381482501825,5.864071649362642,6.066642079104979,5.897158178836105,6.157555685838064,6.268918953537941,5.956904025524853,5.870281730790931,6.2670435090859735,5.706145502030847,6.22417962834239,6.385650258859,5.888158952047426,6.4100217435260625,5.906273453334966,6.532320294876895,5.796421045164265,6.369941123773656,6.274811248530945,5.948331600576638,6.309268063505492,6.14622792383035,6.11950488631924,6.096123248984416,6.213012404491504,6.045468218922615,5.906778817623852,6.19421751221021,6.210477326263985,6.2832113254567,5.875665559222299,6.270090093364319,5.708532371719675,6.120609084516763,6.193563364942869,5.953247014383473,6.067669500013192,6.178285403599342,6.039467868506907,5.898726766258477,6.237226344098647,6.248511336942515,5.989842218806346,5.7770946325858406,6.315722005267938,5.913617530514796,6.16074651112159,6.411123043646418,5.8030438656608245,6.046665581315755,6.332746988584598,6.226333893090487,5.993423408766587,6.349231400787832,5.816807196338968,6.357616721938054,6.1598991464078425,5.882719232092298,6.364838069130979,6.004099116474389,6.119894857754309,6.1262425162394845,6.008914559086163,5.971958119769891,6.219440826227268,5.975273270606993,6.144013914962609,6.137280100335678,6.019593733251094,5.899167515834172,6.024721138626336,6.509822668631874,5.90459613834818,6.104109446009,6.1140562420090045,5.990819997737804,5.994224741011857,6.143387985974551,5.88750275035699,6.072694766422112,6.25457391485572,6.090191633900006,5.889610832333562,6.18876782466968,6.03312403400739,5.794179948121308,6.305744122614465,5.867535769244033,6.114966512173414,5.833438728352386,6.4203643884261465,5.99034916743636,5.9005619665980324,6.045062928696472,6.128047159314155,6.082185594290494,5.8632850783069905,6.276859007279079,5.945757609357434,5.906686928371587,5.977117163240909,6.387974358846745,5.891161761283874,5.911289984434842,6.36685517465075,5.834276116540032,6.019862209558487,6.266164893706641,6.175864390631517,5.828158475011585,6.0809788856407,6.436753035535418,5.788412577261524,6.252035748412212,6.059961771120627,5.938899474292993,6.0610400802393745,5.998564917047818,6.334286599655948,5.714204754928745,6.398656296183667,5.931886627674102,5.985824926843245,6.058572330822546,6.022344524015982,5.938196506500242,5.882921231091021,6.156911207338173,6.139313083191713,5.988197789490222,6.027903303255637,6.035916231324275,5.98196299339334,6.048784372508526,6.0666206529736515,6.019960194726784,5.959387474705775,6.135469027906656,6.312055610020957,5.524246025880173,6.300890612006189,6.135505789220333,5.778255499651031,6.091735100746154,6.338162137617668,5.882418660471835,6.182103723486265,5.9406930268307505,6.231031336983047,6.052289538880188,6.136076573332151,6.246027747442326,6.1470795712371675,6.174489269852638,6.294413601656756,6.0090252741177865,6.066961270620425,6.424661138405405,6.198789106160402,5.728098824769257,6.353730951895317,5.925387284060318,5.976418530990678,6.1620408398409685,6.070971691062052,6.020973456849654,6.100627815177043,5.982455528974532,6.364097555180391,5.510595800081885,6.198366351624331,6.106504524846872,5.551077731798087,6.208979961325724,6.230046302080155,5.555726470500227,6.360207992990813,5.704216954708097,6.522269531935455,5.594862557500598,6.269956130286059,5.765150405516225,5.608444771071271,5.944755798031885,6.217424296190342,5.433800097207223,6.114711713691552,5.7280198913315905,5.8891698660453144,5.7837948615849,5.718466319392122,6.222095656692983,5.528325470089909,6.220895306219656,6.067716459532579,5.724986963719127,6.073385359495878,6.1696286357939245,5.957091737588246,5.746677745680012,5.924648372679948,6.465425133456788,5.426536709964271,5.663685535341497,6.598551210214698,5.036625655790163,6.697099292327963,5.395356632818773,5.659528527259824,6.174744449059168,5.6693114765485095,6.370755327989659,5.2639428922037235,6.110894887000321,6.023288915604353,5.672684521575766,6.282206861426434,5.9791552792489515,5.839186303565898,5.787725370675324,5.647117332865791,6.468659347643456,5.333808339585855,5.890564098457495,6.252961859554054,5.880073873301345,5.651552673329905,5.9792707485457255,6.003595067461332,5.722838719338175,6.02668578957518,6.116835212012131,5.674918954720096,6.117151992917061,6.021907106190918,6.044351924856503,5.649828535368041,5.574272944182154,5.915876740415889,5.665668039917944,6.116762266606092,6.182707890917857,5.7606498545904925,6.087097055663665,5.579268945107853,6.046029062420128,5.9520719640453645,6.010983957697947,6.056644283235072,5.7635095354914645,5.987180696775514,6.145314861585697,5.608650161623951,6.279369566341242,5.871105803300935,5.73678758303324,5.946837283670901,5.958337933421133,5.885702918668586,5.921075049241382,5.773411973714826,6.0899540421863385,5.746962727854647,5.943618720918894,6.203340398867924,5.853262976209321,5.736878946224846,6.162983711659908,5.884733745108047,5.943148550887901,6.003680618007977,6.064609956791003,5.493587187677617,5.809967424919206,6.146422528227171,5.480871960173046,5.904888201852637,5.889472728719312,6.091373018026352,5.862254166503745,5.962041439165671,6.106531994541487,5.798915652682382,6.0821910775204495,5.960863640358049,6.002516526629527,5.747257631023722,5.925830425967771,6.432446566422783,5.313182957371071,6.285103322068851,6.057916857202847,5.695669232457873,5.9664698443313435,5.992531571686267,6.077549019952614,5.600136272311207,6.092040335734684,6.153033479352793,6.0468817776938275,6.065201707830031,5.946124864568311,5.927562073816855,5.605113165080544,6.318255891104541,5.887201487620669,5.553635280628995,6.367406535645327,5.583631131996707,6.056627037276823,5.709567222644882,5.931580158670742,5.798434286713598,6.11908159032464,6.021007288992404,5.996774666955074,5.721318580508228,6.085105534046888,5.664594036440051,5.850038892974454,6.056036282082398,6.034622075458367,5.530438897758717,6.208221828689179,6.073039757112663,5.932281245291232,5.668924286067483,6.4156570794185015,5.76464872340361,5.9085871331393705,5.95595586558183,5.965696006913979,5.749901607980328,5.83132584924499,6.056670472820599,6.1711493146916245,5.788505898167688,5.871005251159269,5.899380197823046,6.049672232170899,5.782915134032565,6.179441169251999,5.720034658958512,6.072032860716183,6.118915438105663,5.586630557576812,6.305058453728756,6.030415613700944,6.155857382466397,5.589384680539366,6.066637375702459,6.145646441926558,6.041799870630104,6.086155881782373,5.9909145672619335,6.273626062572004,5.5429381564756195,6.557867463876805,5.783231256355839,5.8491157044966995,6.137899756034215,6.08544674600164,5.824831763456262,6.152137273748715,6.05248799815774,5.819976034363109,6.031341119905312,5.951355630954106,6.148413433929283,5.957994683583577,5.940137576162814,6.190506576945384,6.06046641399463,5.780676305294033,6.265903867234787,5.726172320147352,6.223191743095716,6.076734611739715,5.998850978165865,5.965567414363224,5.963936180671055,6.279083429773649,5.8462857549389184,6.150852995117506,6.256950180878244,5.421194290220732,6.451138863762222,5.93385220184922,6.012148688534894,5.910151727944611,6.024547852774459,6.115207362522682,5.81707515572508,5.966468009551364,6.207873711188634,6.011105095197755,6.0486515522499875,6.075893962581952,5.986969219793875,5.864753801574308,5.632352340171732,6.485767559160791,5.564006684720513,6.157687016874552,5.977280342628558,6.052436877836783,5.571649859696623,6.269284945776065,5.984475285013516,5.665887501190103,6.50201806654533,5.757787797003982,6.04240083610018,5.900451973974704,6.0424425972004725,6.2059433755775295,5.603483404517171,6.404760801990829,5.670231129576759,5.983377951880295,5.77176799163222,6.100217115034659,6.030960886975128,5.93799578686555,6.112430993964275,5.933595765878756,6.076244065364202,5.899105654408531,5.904025782843429,5.81688486099243,6.097083781709272,6.274114101131757,5.761534424324829,6.12154042109847,6.091060723960401,5.999846611917018,5.9358838507533065,5.930177428672709,6.097464100619158,5.8566721408069125,6.069592789759238,5.888443996657927,5.825227313488719,5.812318651725847,6.065834813465674,5.994641001969574,5.753436776995657,5.949092316180465,6.080996120870114,5.761289673447606,6.130475503702959,6.079546957065661,5.943491552025079,5.902022965997455,6.3214162451525535,5.88714130019148,5.862412345459062,5.9494754242897026,5.983522255917389,5.532966873844462,6.071549088358878,6.03823821440339,5.862096649159987,5.986838141729433,6.333787418951591,5.9501436304052655,5.933784562200307,5.964385354121525,6.179673586934805,5.620889101127781,5.957566319455701,6.0643787937362985,6.24989082535108,5.397808440178627,6.435654169370732,5.698067120661336,5.880183439900477,5.970763911505539,6.065416797846556,5.711051754355427,6.072823668171961,6.105200951844453,6.090760549058517,5.837408177753288,6.0081764838099465,5.741864491403101,5.828483167191344,6.025284223109483,6.033639651238918,6.045801621278128,5.715576933175322,6.188965145250162,5.687250287930168,6.012218945771455,5.909683471322058,5.805429956167934,5.742359082996842,6.099540992130836,5.742228409101562,5.91204457287987,5.742840640395876,6.236071935494742,5.66877465933561,5.833667112141845,6.124678997546436,5.805017670442659,5.979830724646646,5.881007504363853,5.8286399360994485,5.855311049868662,5.748218334366875,5.6118381154537165,6.217789744635423,5.858040683319169,5.964034992754458,5.981449094166356,5.857458013743161,5.970666414846976,5.941108297010261,6.034944499284028,5.435776912271972,6.534233929713569,5.622514836142458,6.021948092480499,6.115713760157425,5.557629784792658,5.948229778905709,5.86539524455865,5.814191250701743,6.04481821656227,5.706950888236361,6.215899010648331,5.668563974350687,5.82512665753563,6.214690691878399,5.759984934478996,5.633258769959208,6.123118784775336,5.7305061902602485,6.115639697213967,5.707051092584926,6.197253554066022,5.759935311923422,5.678202043473717,6.508606337656579,5.899096606671809,5.7088948447008905,6.093170058031877,6.029494268000126,5.610506356656548,6.216855975141127,5.902424792150655,5.983911112298566,5.657444387972351,6.161056190480789,6.0814006934066605,5.347710750500355,6.35925351396203,5.700469134151933,5.845264842857915,5.797716593891379,5.899150105466443,6.203859707762798,5.631260293473797,5.952497576822837,5.824703663885591,5.958228837599356,5.9942981507380795,5.938562208265065,5.682313022861876,5.695278818408646,6.194150836070379,5.609862210055189,5.970542253454526,6.083165553510189,5.736489145904777,5.869555530597764,5.963011325746773,5.880665452480314,5.515864137858148,6.1354289304216705,5.815054143418866,5.890421473085878,5.955682963927585,5.896203331500289,6.034054541786511,5.738386004020767,6.00587489341696,6.14248882551988,5.416675574978187,6.098227663536866,5.990292472889025,5.936707705408335,5.798595842172699,5.897001667966444,5.989827932914097,5.359743489623066,6.461975759764512,5.689020530680812,5.6746623322864345,5.820279659926889,5.922458038379748,5.5736730051040615,6.281563177307447,5.576449664185442,6.0600906198223425,5.357017235209538,5.99403597826759,5.890158610095579,6.065348723828792,5.768006751636661,6.0808550088604285,5.729150635004041,5.763262180586653,6.237330388575792,5.670600148737428,5.764808570444582,5.9144764546056585,5.97117855687936,5.544906032135085,5.707746289422111,6.163746443837881,5.732960670143363,5.890631272842486,6.039816374381383,5.515725684911008,5.973884203980366,6.105210235168536,5.73708631172776,5.6749937600394045,5.946641189157962,6.08845969726642,5.716621491312977,5.851669932901858,6.135860440284014,5.279038994908327,6.115307290454705,5.8704937576750895,6.113374660213788,5.539081151833133,5.680313986390826,6.212830783625446,5.63111984878778,6.054385233571132,5.736422438671189,6.112402685036262,5.61606100623806,6.134182023306687,5.911128792812425,5.538364129761851,6.258188629746439,5.9673993188142775,5.597988481720284,5.886479603697856,6.436594136406979,5.782533989846704,5.886682739009459,5.734434846341607,5.974799375881751,5.537408088346317,6.0030160156389085,5.959179280400275,5.680915162811673,6.057524689485628,6.017613089134295,5.749885971595842,6.153549288064242,5.711907069931426,5.925537548561889,5.619644732971983,5.837902931769686,6.464629154851042,5.352197085668638,6.304427537520727,6.086807431578637,5.962532863368589,5.66769998853405,6.055273307760555,6.08567084779342,5.7940963385005775,5.803347683399913,6.038940787762403,5.948673749168712,5.68144118522604,5.874922739615041,5.928062634368737,5.673269161681332,6.445741966068746,5.356166119525824,6.171179886360963,5.856539167066413,5.944905059089262,5.865947483529645,5.842935629536706,5.927333968480427,5.8511179602642835,6.031625381161769,5.684149572700258,6.095074972709019,5.776633223791915,5.8232197551925955,5.942554191549618,5.758245483338831,5.80909356271227,6.42402328287562,5.484593229343489,6.149674227287371,5.481802684118346,6.242976621439061,5.715095669627186,5.969375588446854,6.211079941590628,5.404959283421431,5.954435895284015,6.168409947305918,5.828850402534007,5.783682815333205,5.648616045415399,6.344853982329371,5.74596622124314,5.753964174787201,6.464141734143101,5.3995468312005155,6.171827492763599,5.652762926767267,6.164364177038273,5.624738356024023,5.909495964348315,6.525471120824419,5.367381404389932,6.089055156161388,6.0382678576310465,5.8274590781331055,6.007161340167123,6.014340472718079,5.6410716776549785,5.6560640495518815,6.157679892828067,5.924454279293616,5.584211858560638,6.177070153256258,5.7280264210204255,6.2111735732853415,5.433667344152922,6.109209501196941,5.874796152065195,6.1031340469916655,6.0931902975340675,6.018020413865645,5.841255817910033,5.722769960711398,6.198566589951515,5.810339226722715,5.6588833557069265,6.042901717772086,5.796975473562874,5.699636490692692,6.248488948394855,5.60614268288016,6.037040509035189,5.786978486627339,6.290390302290519,5.489227323283748,5.91650303468108,6.175399163067341,5.618903025587396,5.885483720401921,6.047845564037561,5.769316052248078,5.699541746228932,6.024404849360386,5.907096385409434,6.1411806456247975,5.9255825875699495,6.093689094632863,5.646425439417359,5.646822298020121,6.200254151970148,5.876651783088841,5.638944475402431,6.161261768390736,6.059118730723856,5.542371745159224,5.950863387535016,6.371305684496961,5.470675179362292,6.040062213440735,5.909596528212228,5.905587322612601,5.9382644794384625,5.668162858088807,6.066123472054799,5.570126483440395,5.821743267377214,5.99036168133219,6.0917832270761325,6.048806270708641,5.641625970751045,6.387285714745523,5.436613928278283,6.147709437310694,5.81606753249963,5.437205550074573,6.291149169802666,5.8445405508081105,5.755532025794185,5.793278630971907,5.7058769873281285,6.163224487503369,5.773843951423961,5.482586034536358,6.448245040525993,5.630330987622337,5.779134909013906,6.099818940063316,5.468720387766755,5.932251771887143,5.996222664564847,5.697687589526173,5.71147299458583,6.423492850015564,5.247285810063277,6.070921622365713,5.78480276405811,5.835764317611851,6.141473827064037,5.156686174174142,6.347680654178064,5.944333915263412,5.395286499808228,5.920822906196117,5.715625161379574,5.8057738621532895,6.066187215497096,5.910060706386962,5.792952624311047,5.898663138449191,5.717817227244375,5.952636523346103,5.979564920415481,5.674378604640559,6.075881910324096,5.581596753547586,5.954174404939013,5.698868968933819,6.111479315807421,5.578879785388704,5.926275465190409,6.025387502113977,5.603561180531974,5.565420634398854,6.2007637614508475,5.3341841555635074,6.086971402813991,5.677446323384839,5.959608808904886,5.726203383008636,5.624283741712567,6.271261146565279,5.494330248236653,5.559875823905067,6.515217336465916,5.29757675458987,5.634897038042542,6.033625587721665,5.947313095380861,5.132888384660078,6.372959038664899,5.8093014481663685,5.694894773860771,5.812995298206804,5.741672715842721,5.841265982091425,5.613954421033458,5.914350369671979,5.69989640548825,6.058859774321319,5.86701050882538,5.889162668387094,5.593690820137656,5.722790361195799,5.70299138486385,5.53863789543509,5.8922256538271895,5.8330956630905435,5.861330375373362,5.292320645749563,6.214573509246111,5.524991931517916,5.42995835706591,6.064674980342388,5.7656599474946635,5.492906415462489,5.676193664868668,5.863138836771247,5.683775392423071,5.659153106908,5.638744909167286,5.838324843943116,5.605646444956458,5.904548026621341,6.211390990515549,4.890814820329342,5.774333754628895,6.185223176330328,5.751412978321311,5.417371595799918,5.546322097082928,5.888579150189954,5.606804148455456,5.526653133730091,6.022421893030404,5.681894761323925,5.421229199568426,6.085192784319321,5.468292376846072,5.403214579770958,6.26799753382802,5.3175725607573945,6.112405394166707,5.291506065080557,6.40928688918551,5.3359599401056705,5.326634739090994,6.33748414879044,5.541694356153403,5.439106803039706,5.999615032076835,5.541031712839998,5.662309565544125,5.712374167144295,5.654694767097629,5.7999745519459225,5.471373692850267,5.635943151364721,5.91574426561594,5.220738472839191,6.113871777206658,5.425988921721773,5.631626740942395,5.864252852946517,5.647065657029547,5.84710817798972,5.632374737461405,6.134566420714059,5.423174748569722,5.600042250404751,6.097443893601496,5.3602558804055,5.810341467559335,5.4508544926842015,6.1297096742689625,5.288569743732605,5.557880522161717,6.135275297214588,5.689215402404466,5.38476209049423,5.817612246821321,6.0361733927329375,5.455408146679396,5.8453717729945955,5.6572821931044235,5.578955930819111,5.690163642863428,5.831238429546355,5.736210597753521,5.517396160612499,5.805426374922195,5.617980031818148,5.456765735348061,5.5565346599121845,6.042449148148296,5.223559971153731,5.540792693545418,5.95139629786213,5.219957763999695,6.294095167467994,4.923478729426855,5.944119065602618,5.965239855547747,5.291056041121478,6.080625288337468,5.915421248177686,4.955762962450577,5.946253604094186,5.830233217825491,4.83191777840256,6.085985727508862,5.778949249337115,5.179055400739106,5.830654079963762,5.751956748316684,5.614916248917576,5.393348772476112,5.81320763453841,5.685068774819371,5.3718547912935355,6.071520891288915,5.671424627900121,5.280821140309168,6.008457596351702,5.846348532984653,5.3871601541837,5.87291654224197,5.676350599378345,5.7576468356947075,5.663302284727491,5.446329530974224,5.698651370853182,5.638783492495613,5.483317644298072,5.86866983955105,5.861311595092214,5.344264181107278,5.871381537566581,5.692343187431491,5.141461253166192,5.973181293259063,6.2640552260478355,4.8934300291538175,5.87384222254157,5.62713039850195,5.911548173576592,5.336877432117855,5.859394175410269,5.890336137066282,5.188406699399147,6.413044925630094,5.780350123296179,5.49033613984783,6.14663182636102,5.479460572352008,5.953960118343432,5.145952598055198,5.764420152405895,6.1326198701560495,5.326211735904212,5.963271327714124,5.687376814285911,5.698763044973211,5.600899867514767,5.518365240444736,5.8074870972335315,5.527916138370829,5.750089127073682,5.6323485608398896,5.410095806469514,5.889951543509959,5.454942379345493,5.641533108949658,5.457222984880203,5.740247493882972,5.913463823894657,5.530735428829982,5.899745699415604,5.824033426443733,5.469756936430928,5.705230181366203,5.792204479277133,5.659565895299113,5.575420513500766,6.149214456379414,5.625133041044075,5.620560584117965,6.248232417354983,5.158123470445466,5.854646907995143,6.102672154307365,5.46344313388069,5.5598715921243,5.217747438301636,6.0788017385701325,6.10946201617519,5.00820158551136,6.245060557325683,5.358520870308077,5.267657969593996,6.156352974921466,5.594697932700313,5.479953797658279,5.947862022270757,5.81599822938442,5.838530979653197,5.378377128740146,5.95464630862077,5.610942201217012,5.515409981111681,5.739698801040646,6.111316427091756,5.043846686581764,5.967973939180373,5.876974481940267,5.087232650071376,6.285870425651472,5.411417169173554,5.530063089281315,6.0492113100488965,5.625436897923546,5.378325878083701,5.766073133448758,5.961225019097326,5.582740929573771,5.766949786444503,5.419129758030172,5.845422624448933,5.449678880323962,5.835491699675718,5.719741147508223,5.963477578361827,5.538847894817588,5.736024892032145,5.742010249048468,5.576434893210725,5.828970072567461,6.093299282540876,4.841361239006115,5.883724166502553,5.960857424636681,5.484208787133291,5.787281883656975,5.612002984285351,5.6130984822909,5.8573476432760545,5.845234120786189,5.536143115609881,5.809538531502085,5.153236994445317,6.164735970944167,6.036589079648255,5.539838886459664,5.3736668914556445,6.374398144185545,5.968156044383843,5.148887680967642,6.00122347846627,5.636541819175083,5.553576025863484,5.783923304378984,5.448852161616081,6.26310918023189,5.44757392843564,5.525650492111837,5.793517649024722,5.848376804838576,5.839750979046024,5.636900908748305,6.0127442561089985,5.498585437337552,6.21629061460495,5.529052023390924,5.686930196434258,5.6817289122939085,5.696357717265683,5.890086254825194,5.434606607953702,6.211677309225004,5.201363619367275,5.979882590671379,6.238769374986491,5.14326942165692,5.997218606670697,6.008476710518201,5.491946151057874,5.799151662687458,6.04858107541998,5.750145415812727,5.4521562120815075,6.290173494517805,5.813112320055563,5.4063928918540425,5.800424931049345,5.839772475560505,5.581067477862035,5.703320848594108,5.784489979296919,6.2640166294574735,5.439452640761926,5.975619135499,5.733804922203221,5.641184807320433,5.634552184194323,6.127336691419283,5.729143304228781,5.4955608195066405,6.053637859076262,5.369821978211398,5.440469164897993,6.065280995021265,5.824337439487375,5.4433936245739405,5.7637734457353735,5.830282077789304,5.663795644591248,5.597888034830488,6.1160393790404,5.5557926607628625,5.430723367482419,5.9263022866845105,5.798502430419125,5.421207685172552,5.55215179537733,5.741420232951637,5.554996433705088,5.881731799592574,5.687539851168788,5.6409795623024275,5.5864596701165,5.779471592307089,5.941347120255231,5.249908986836665,6.238945617973806,5.75841881662607,5.56966009676456,5.507944242854909,5.3644757038851525,6.128292862673601,5.529654197891549,5.735242014726,6.112044997066258,5.3328803339103805,5.539082150508956,6.53887432013949,5.208016695529215,5.877515192876258,5.6004811539749255,6.153145368496577,4.77742561027407,6.304230240881444,5.740538460512953,5.547961523334181,5.726779004683095,5.965621538658935,5.61245586276054,5.551134914110099,6.13826053356131,5.678284480770426,5.550730824073152,5.5848253475129574,6.3054158136745295,5.237058128068838,5.713993196586765,6.028724434524775,4.992425788889322,5.826342423806587,6.077984020461639,5.53414545362194,5.094862509717537,6.61011134192348,5.437727725505824,5.680916541020073,6.594791787167392,5.087632112552715,5.824055693348247,5.34267993887265,5.687252547194558,5.472302490820482,5.8575447366138285,5.761651700486737,5.920705113410949,5.57198209399978,5.222203811854118,6.502702728807927,4.515286946197346,5.993849797149498,6.272363388687373,5.472050595233833,5.702923598438499,5.578198912044364,5.7854252585768675,5.3267147014041685,5.866419331779081,5.831186728328464,5.2842616354425695,6.146072566558917,5.749802613655723,5.745683227727808,5.421845058202738,5.883480399449664,5.8938440773884455,5.51017509038249,5.646766837189592,6.270401394814254,5.12762587492664,6.351524826288224,5.6848336551090055,5.315469793428972,6.014683787773054,5.300349457959329,5.873527115086712,5.965774042109647,5.5536899164319005,5.67475718627373,5.748111656109489,5.197547532518699,6.161211729496716,5.441290162305032,5.49214905818303,6.061742943525314,5.840935296217599,4.920951837003225,6.215359278122584,5.6081864046057035,5.40918879901369,5.558480984717604,5.770590237379071,5.718827057530481,5.735734648456173,5.480715760638312,5.929819754560787,5.430898534208531,5.385368510981396,6.069171458631754,5.453696841845905,5.583030277937646,5.7340741084019315,5.264572768857075,5.936711014807225,5.919128168225288,5.657616481681662,5.4189760440587955,6.020101581315199,5.475981850773092,5.673357541114089,5.830211291760204,5.375585172325367,5.843721952537693,5.7230432613690665,5.610957490801808,5.805538377563157,5.321641061951712,5.9205043913424,5.903745692521333,5.523274196286992,5.728509874343868,5.871528721253076,5.6849855996171605,5.597660405288136,6.3956455207367755,5.198056553502871,5.9614664473632955,5.336886092821752,5.908921949217715,6.198213638613623,4.371071661512051,6.826738244344795,5.87158924197157,5.064689806252711,5.7578178895016485,6.0399965401987235,5.290606497327482,5.684834578484291,5.821956891516842,5.345550471991296,5.568684354076778,6.554164233356715,5.5373831983904,5.248475658148521,6.22983552808563,5.503408569842573,5.376851941198106,5.833645342687764,6.127484061419964,5.155410087853664,5.781834973146516,5.838815915683902,5.3188170617818775,5.986601873487233,5.639977376163001,5.5370823977390895,5.7317753193775784,5.99463662619392,5.793453145722546,5.2901863856613565,5.792203843543923,6.017616112381221,5.929985852440196,4.99177915905912,6.10806340088447,6.032647038499514,4.907985417346152,6.614785177310311,5.608627615918712,5.2253955640892125,5.639980206092194,5.782238845179475,5.825149707198141,5.458295553723968,5.922538607716558,5.426825991570944,5.54003947426875,5.852276799231765,6.1291359753410015,5.1872864940265755,6.294073644826811,5.4559082247316795,6.137844813466072,5.410639640688892,5.726170237263041,6.083467027942339,5.205783672581109,6.126400598734617,5.744572118421393,5.210973579933239,6.259723968207836,5.614361349890626,5.387629902909193,5.635655587315556,6.130646948963406,5.54342990164955,5.507497471868987,5.939998182853063,5.909521960914134,5.562876169731217,5.548976188153025,5.70995111028353,5.476204486538962,5.557088508903976,5.921253615021705,5.73459861303369,5.361419698894018,5.821433254430691,6.1651033249994125,5.029103074818843,5.905140798191229,6.341504553010066,4.798316671649609,6.285752218117318,5.264768945723765,6.092035813927649,5.395449656844135,5.73298028061787,5.665689394374686,5.496490956644212,5.814084073255457,5.439133601138986,6.543387289792301,5.291934712032471,5.886154968440532,6.075629777908324,4.9259143066406175,6.127899606774251,5.742974921613929,5.653541634728509,5.333855100671444,5.8982195663452135,5.944186770021914,5.353090818872048,5.869910386006036,5.930804896652697,5.659012225915985,5.598859422206875,6.144538710564375,5.119234580099575,5.54239667847752,6.146883363624414,5.458392087717845,5.44136932065089,5.647113544046874,6.190714033742746,5.74588458796342,5.529239805787797,5.9137491548558065,5.4921618303159825,5.6439416140814584,5.859431144297122,5.415491777360435,5.887290064394473,5.541186031301812,5.719867252359785,6.11579182436069,5.005926008820527,6.192856740504505,5.72433558101455,5.1584439086914,6.350989774217211,5.777078967938817,5.112648392419014,5.6399613768359,5.945686824172734,5.086507902840766,5.973194401562211,6.1883837557832395,5.201538599729531,6.292987573196491,5.750393220037219,5.462663239737347,5.550921460638438,6.160062764038643,5.850922441333531,4.891700395594034,6.2893730301161614,5.501431707839167,5.852262502213318,5.474722551504767,5.591543950835859,5.873313547968864,5.4552427644530885,5.866150252719719,5.907555539359648,5.388584189613655,5.810578484088182,5.7263571234544095,5.586534070869281,5.396961543361341,6.301826785902182,5.713886706878737,5.219108348290118,6.112658553769189,5.67302797908584,5.773277225842077,5.837639168699581,5.9881168824434265,5.44960012460748,5.906915256530044,5.622131824890769,5.828259034156796,5.337066481063757,5.6320333508650435,6.548582797050479,4.854012130349869,6.236603447049857,5.970401387512683,5.391840690523382,5.785151187429823,5.853531403442223,6.077338951428731,5.220462171832715,6.080767199993135,5.85892356286446,5.26564982771873,5.889542571206886,5.855639558484155,5.730016949971515,5.596488794187701,5.606218286901709,6.320446861137948,5.269546581755076,5.911286394149062,5.76488158971071,5.542244210938609,5.923703931023676,5.7728365777432895,5.513682038734352,5.743355672707159,5.809329954634109,5.694647093166904,5.8073961194356265,5.741836269895233,5.635781311790145,5.59994740883509,5.874417966902254,5.980742261310418,5.41939681415756,5.954103053808211,5.783171170304216,5.642920059859749,5.505925603856639,6.090331914325556,5.692055894335109,5.629247119675076,5.7378150960803005,6.0879418473939095,5.696697664757567,5.6107638045152,6.128919179836908,5.798584548731642,5.45682541896899,5.933365816275277,6.049343346357344,5.192651478002463,5.779595794826743,6.520291376411917,5.369647820293899,5.794065139393009,6.0538829372823235,5.526156558891134,5.7657436681787155,5.577657422622042,6.299242566774289,5.234695343027505,6.238987748672566,5.704562407732007,5.708381857126948,5.8891732020179415,5.77223155925671,6.085135327130555,5.0280984502534,6.293017517328263,5.913064000457525,5.423396070698892,6.104269761691491,5.751651619325079,6.029669751822947,5.417143946737046,6.079732255687316,6.2159061097105335,5.146208522667481,6.6096345523496485,5.320551150788857,6.071058330287537,5.334698182245089,5.965943508545557,5.880541262378293,5.577105430265264,6.063341020445028,5.88541301652789,5.751615436077116,6.045857346653938,6.0104105176528275,5.582478468120095,5.878270216385523,6.047680943508942,5.602982144256429,5.798042052537201,5.73400823364655,6.241700397878885,5.409348147958513,5.594946959316726,6.370180412133537,5.22315963511665,5.879631750285625,6.011090801209211,5.562792309870319,5.8780611433088765,6.134581149319807,5.613582436740395,6.19152712956071,5.372229682753478,6.119415722936392,6.029272660911083,5.552730912864203,6.032825320561726,5.364304956893121,6.286361939410369,5.903052128901083,5.67365386381745,5.913923567632833,5.713250611325102,6.089156544854243,5.714143288085856,5.813465235332646,6.216976815412442,5.418290745119249,6.0295912618935095,6.071413004696369,5.8476195851465045,5.72773111845056,5.940951823343832,5.9235903741916,5.6921114527185726,5.997556957205136,5.859446001350878,5.950336993187665,5.657137383222577,6.334631500889859,5.670586368093885,5.661454948335883,5.9522982481618705,5.796472074985502,5.938077673365671,5.7112298117081295,6.072898326466481,5.5093840790788295,5.596297437101599,5.959967103749511,5.839012155731517,5.766261248886582,5.944533290714024,6.093057871361573,5.757876596897837,5.796952952196198,6.040361920942862,5.338365069478744,6.162181688596806,5.935629139443237,5.703906053254999,6.1630029168725,5.861838782429693,5.768487551510332,5.654302512357629,5.923642665048439,5.852572651207445,5.4038675642013505,6.046830633332332,5.728908468435205,6.2073548408349355,5.302574545343711,5.93997676387429,5.98214163934191,5.7627556648850415,5.947734979589779,5.7833245700101035,5.859402452856301,5.80401278639833,6.108133689214786,5.87162698249022,5.590993342498934,6.152597256402175,5.764260458151498,5.5517024262746135,5.830739336957532,6.0227702926596,5.530540256450569,6.1512611076235775,5.625999764005339,6.130131419648726,5.582968840797738,6.077636035233735,5.85050361851851,5.268602524846785,6.293721203406653,5.979887264817952,5.502737025320525,5.848633433580398,6.121031189461548,5.863993352502583,5.693678133289017,6.023172857513028,6.01443460976084,5.4516567879418485,5.971134870549042,6.194103445907433,5.318879059851164,6.240363256533942,5.700386007428166,5.969570937554042,5.803111631721256,5.8458759093781305,6.113695137550433,5.560761617819463,5.808776737848916,6.184434884786606,5.883692101240156,5.73106650645534,6.100239588220913,5.681147073507305,5.979855356812476,5.654290609210726,6.130046308537325,5.565975186278418,5.818747277607518,6.236466256876787,5.28767135202884,6.439930741190913,5.593658741315203,5.869041443020103,5.848664084772266,5.777131341546772,6.253732941051324,5.464758316725488,5.801586002210774,6.246898595591387,5.858352720737456,5.859626193692285,6.0032644897699345,5.996081621398527,5.558896131167805,6.01556657463312,6.050873860617478,5.778254015644389,5.738740664124487,6.084987789640824,5.48768361156185,6.136621858080227,6.144562019109726,5.740863584031659,5.674265137960512,6.053436533510684,5.923261256217955,5.846029603928327,5.654871507485705,6.27600495790442,5.917310740699369,5.635618961304424,6.363383157451949,5.808465528488157,5.4662968094150175,6.287057776699465,5.980366480350494,5.815977069934207,5.693317417949435,6.306607655435801,5.9102430585026715,5.721637490838763,6.052966139217217,5.896848211139439,5.518088944405314,6.200922490954398,5.9880446998775,5.968378402938444,5.954616048385699,6.026182697713374,5.826802123785017,5.8054406643410505,6.33499781092008,5.804328634440896,5.76686962281664,6.1642296584447225,6.032282357662915,5.766097601801155,6.093611674308776,5.912473553617795,6.229918174942335,5.29379118457436,6.165624814083181,5.910591459472972,5.527095007151362,6.233325558006763,5.839377115468182,5.762370240439968,6.122447142501673,5.809334975779055,5.810917144566772,5.843939546644686,6.069119618038336,5.821791699131328,5.8445516293247515,5.98127887909611,6.214923264880976,5.592122087677316,5.903294656177361,6.116527975996335,5.888245716144639,5.767404618461923,6.254648173948129,5.406951108326509,5.791060261527695,5.955931047697861,6.046975530833005,5.7138953046003955,5.726801325231788,6.337602361043296,5.768368880798416,5.882009830822545,5.913296316266058,5.767265954961378,5.935065185626347,5.7775336477160435,6.000542740573485,5.622032278577482,5.884448277304569,6.1308427472412586,5.5876087382932464,5.68938874368866,6.265820841292542,5.868215376188356,5.753146994709965,5.876213299085695,5.965596055835484,5.806893716802197,5.906826945145924,6.018755085070927,5.77547689909736,5.814862612932919,6.235870785911877,5.466390769630667,5.9017415530979624,5.98052988231182,5.7454363535344575,5.429657512158149,6.313992876609168,5.8945995102822755,5.628597053488091,6.1660027302801605,5.759914104789492,5.890932147651909,5.343991591284667,6.4076435407002785,6.058343278368315,5.331095166355365,6.049513936936855,5.753141494045653,6.011856107562779,5.7578964793185365,6.059621722896894,5.941440103997785,5.722677272160846,5.723862840831276,6.108951139946779,5.6288758497436815,5.944204619079826,5.936156011372804,5.556012527197595,6.2425329131384695,5.9656299260258665,5.795456292132535,5.536249611675736,5.8162824507057636,6.172399642417828,5.439275415539737,6.227407646973928,5.907306530972321,5.763037755340334,5.816700295507907,5.977358405341703,5.876232673376798,5.766243574023244,5.925133627206086,6.036447113056976,5.622579743266102,5.809765529185532,6.323442764580251,5.54479576905568,6.095988762378694,6.006408681521812,5.730618080745138,5.646186001747845,6.120484977662564,6.028815483897924,5.511089827666677,5.9173837793370065,6.1449722016851105,6.01126798292001,5.2739654104411535,6.226855505456528,5.688664497186737,5.791337062170106,6.310154226919017,6.0091990097363785,5.382766399333869,6.090788814326126,6.0414579055209945,5.713455367088316,5.97516724978884,5.658102029561993,6.225673324813446,5.69336362580458,6.013687173575161,6.103696029533942,5.787060206681489,5.5230062773326996,6.194076089610657,5.791844511826831,5.698786865125097,6.180630489637455,5.660165109485384,5.752249899705248,5.981309140473603,6.0710903619229795,5.716438573896883,5.862834611435728,6.399814560165009,5.427400512893991,6.059352944890658,6.164090659072002,5.734794113437331,5.809207142641145,6.07432267477115,6.006282500972349,5.514354910651839,5.964716350932914,6.300512050141893,5.831914058576025,5.7137325882911645,5.836875245074431,6.007467013945181,5.6350239761173695,6.188484903921684,5.714912302345034,6.126429873853923,5.4162388504544845,6.484322410871587,5.540314271748063,5.769440321127571,6.318245847870908,5.565630234132207,6.12266867717107,5.6263030736148325,5.9005885159969305,5.868972757210333,5.345400575300053,6.69017493968209,5.3225752827028385,5.953846224298078,6.452542283733688,5.178603597978744,6.441918960710368,5.308148911495997,6.241801727463802,5.749532032410301,5.668085721631842,6.336914084901414,5.6076378466188865,5.916780376185972,6.123832743118206,5.76113292187452,5.890498028894265,5.885273365229367,6.19655600597461,5.7524503657221775,5.7424191267291675,6.13895588522156,5.847692265858252,5.509930532226955,6.4414505841334675,5.912771639376878,5.500883270502087,6.150573122700055,6.091632125526667,5.793652484963336,5.92576879819234,6.047665651639302,5.9157602446277915,5.722192127605276,6.296880574673414,5.553773705561952,5.971953412791092,6.155249681671461,5.8768902457257095,5.8654476264615845,5.813765073170263,5.992463427831728,5.911911948819956,5.566555704822139,6.4243716719746615,5.4365791371464685,5.762263732850549,6.077201282580693,5.965908397038777,5.855096785277126,5.813399202475942,5.767653848330177,6.232889902293682,5.582894596407807,6.25430395697554,5.807423896044492,5.823478238532938,5.884670316080251,6.157453314264615,5.579551151643193,5.9361214233934865,6.331926872630915,5.615846872478719,5.846530069609481,5.887191090931493,6.153909446497758,5.49060438945889,6.379209062357745,5.804854337622719,5.6892861013611125,5.727769900461035,6.059214182843764,5.884438835680483,5.5050118328630875,6.222650603552661,5.824225950241087,5.739786714017389,6.05047215764721,6.155257914513351,5.617871644000209,5.955356931537388,6.1968061762054765,5.643055381923911,5.75297931358218,6.042982644637425,5.8244080354273295,5.780235839684801,5.613911213576789,6.344034918298325,5.541018034964796,5.776720085640745,6.19265022640427,5.700749487181501,5.798733300169306,6.062127773066362,5.914799946993587,5.846600704640149,5.930935569306214,6.276802030106387,5.40220609158277,6.049681133826573,5.948910846312839,6.041147801329691,5.729788537025449,5.932831341226895,5.910395145018895,5.647671494881308,6.072135745286942,5.960553624530632,5.375862797945733,5.984652750392753,5.851870548278092,5.706892371525364,5.62114802792668,6.114653962403536,5.703552245348688,5.641461484481888,6.236316412736972,5.866230535904565,5.619996777027842,5.903720085521537,6.1760349451502154,5.509450585246082,5.971026126096644,5.9133972001572435,5.896719082494576,5.680510559429722,5.8605117100973905,6.269695741136871,5.3500718191762715,5.799974086234965,6.1634502272804585,5.63200349827607,5.874736513594785,6.210011138965687,5.620824915220337,5.615864073087767,5.842115000387031,5.927469122757514,5.804178942243255,5.4986679008603065,6.4768051240344855,5.49417959734797,5.8266994924843285,6.137256364673376,5.728327093472082,5.737429582774635,5.688889295359449,6.154895941515763,5.459371983508264,6.0358734412988015,5.957409894069035,5.522649466296033,5.9007158815860725,5.843217900991437,6.137457717955113,5.15364182353019,6.285953163107236,5.7288439653813805,5.61878246794144,5.994128891080617,5.943342644522586,5.970576153745252,5.777326954354839,6.171373038937649,5.813011334240434,5.845566621124743,5.877443362822134,5.874081119298934,5.620134068429467,6.145691708674033,6.1073713614543275,5.577873402684924,6.043737153708935,5.760770103385049,6.2693123856186865,5.399492480258142,6.077249149580796,6.031431150486071,5.4866700501243235,5.974491932888826,6.140375855763753,5.8492690395315465,5.777214000572758,6.06348541577657,5.916260804682968,5.550286336441832,5.87238792389631,6.109072619726261,5.591118095020449,6.033190534114836,5.966291245271761,5.890021201123792,5.751840579857426,5.928943973034619,6.0530896963675795,5.635255297472076,5.788242723842459,6.243171455313762,5.597492221544183,5.904485995868839,5.878706902017195,5.836160014073052,5.891146891514458,5.812211592495439,6.264768122335276,5.51531327406565,5.9794025654594085,6.074386097043751,5.591368194123105,5.825018057525157,6.0757790626585475,5.788147322088478,5.553496254682536,6.210942773669959,5.906576826622087,5.785864105174936,6.059666566103698,6.256234683046739,5.252245263705645,6.1768199016153815,6.0895809695621335,5.562461618433392,5.910815299650031,6.092754294176896,5.737955487072465,5.660400051971274,6.101677867223819,5.935410585403441,5.786157513757543,5.340361015995337,6.260689187844596,5.734859911700088,5.764389581829306,6.256415638973316,5.5324934196472135,5.994416829645632,5.922331780344247,6.182520486613116,5.987784608006476,5.574985673824943,6.22388889670372,5.495847720851497,6.018893798242012,5.927629584719735,6.053584275245666,5.3407643812894765,5.994023057967423,6.181717799802621,5.502638714710867,5.921028391569852,5.918818506300449,5.916745280077058,5.755276589492954,6.052854386965435,5.838403537968792,5.436414877325292,6.2097409368058045,6.000477992892265,5.717161336392161,5.840879507064817,5.921783303817112,5.738257184376316,6.049229250103235,5.764405444314081,6.222092815836272,5.438854222297664,5.980859891027211,5.874832586745418,5.263017687102153,6.227482803910972,5.904487625360487,6.023321021944283,5.844513484686611,5.971581182181834,5.912208843082187,5.538286804308489,6.07826642870903,6.046633259803056,5.482104549258943,5.911814016848801,6.149200601180394,5.4362321612238835,6.249858316481115,5.947489352673291,5.730248756011324,5.745914805233476,6.029542692502339,6.189898421168327,5.422915429820612,5.634366014401114,6.536569279034937,5.268950043270979,6.266408981581531,5.767642170588172,5.662973187863823,5.840513064712284,5.823248413205144,5.9340382044514,5.3766451295713535,6.345145968397459,5.9395116912325205,5.81433039486408,5.866072741995254,5.79110481182734,5.749623310665287,5.845666571507849,5.955371267696219,5.673984104047215,6.061719705611467,5.543160246660308,6.241667168239753,5.630459503779805,5.797593515664335,5.780943470944958,5.99840568800767,5.8165779915451985,5.3835759295026415,6.292742007424436,5.762994172622758,5.729740345825747,6.2385783444345,5.439545507083332,5.513167110780871,5.958504097511369,5.800745502561329,5.643583886176344,6.185070668210586,5.81113028993209,5.641131333112713,6.112266593029102,5.829765673230089,5.748275801688429,5.575779507209854,6.056636182715494,6.013665932218234,5.5417594559987355,5.75654522269964,6.146541915585598,5.604207058896618,5.762158258259294,6.034412550081808,5.64134434252977,5.821492245544987,5.949952773799497,5.832381550470987,5.476472729643182,6.168654753416775,5.617794853399195,5.9083310418327635,5.672433951596417,5.887937554617722,5.760608802139756,5.53699683318535,6.146790294100842,5.458513645877437,6.021162835558254,5.5792435266077485,6.135361337860425,5.841769068539142,5.729911870062349,6.188746998359761,5.647848317076759,5.774622592926023,6.331896971215806,5.583233191470302,5.739852885206537,6.0709558015068374,5.831673652529715,5.7029814835389425,6.02300422310829,6.03558107043306,5.872743127942083,5.813180700292187,6.020651475687821,5.756745571096737,5.903285020192462,5.720120291262862,6.017927226920921,5.8209155074258625,5.8139806926250435,6.080915644864239,5.843103465288875,5.755325519442556,6.250699179669223,5.5609046822289585,5.933342118312915,6.236098463435968,5.842808243930339,5.685182081758972,5.805061729947723,6.190977020611366,5.79229947308699,5.688700255900618,6.288023876299461,5.713577262759206,5.928040951788424,6.194148995627959,5.494865534752603,6.096172029425701,5.744922808706757,5.888295107036828,5.906260063747563,5.823973754694062,6.169689451654753,5.7951410662134455,5.823833434383073,5.934125465353328,6.21152910505732,5.4426318475107305,6.223458239336809,5.966394718885421,5.749209287464616,5.640092381437615,6.132285673816998,5.895314755638439,5.637211983799931,6.257338772465785,5.779409537414707,5.811523504455883,5.960210589915513,5.748567092219986,5.821703323473531,5.99556079690655,6.069161099096139,5.868743654241161,5.966693926602601,5.904048819392918,5.875265483607847,5.433761410216485,6.205593452006579,6.107654891808827,5.799258411477007,5.7524274533987025,6.168188867916664,5.66826589087645,5.926453911413748,5.766535312781729,6.008853157907724,5.770995833128689,5.798872067183254,5.987427756537993,5.511327965706582,6.096899626851082,5.858870443950094,6.061305091430744,5.579212780843175,6.094374053925275,6.211953914711874,5.662989382892843,6.027112402816614,6.048627463132143,5.560072297404206,6.101231783777475,6.039206264168023,6.1335945334037145,5.512631903489426,6.236410843580961,5.950216632783411,5.654454981187976,6.180990142573913,5.944219712962706,5.997485062082608,5.741580788195131,5.992009210636217,5.951764944195746,5.555860188603397,5.9344557976226,6.219237371931474,5.4262747259438,6.176589582810799,5.799614656269548,5.7520065172513295,5.689599088927107,5.911934924572705,6.203399343540272,5.270109999030821,6.18318697159489,6.000671622057755,5.639505639721947,5.868187299122412,6.132605563700199,5.401820280204212,6.319825665702423,5.627434812188145,5.782916046629347,5.86546745876471,5.761161446322994,6.3775204192598665,5.517939717173572,6.192860681563616,6.399600783487163,5.329727894564464,6.129792619744936,5.976576074858506,5.649181771179038,5.895967427094775,5.804683128893373,6.101275615145762,5.694499619305131,5.820989600022631,6.06878407155474,5.634117473761237,6.257190890957912,5.717545212209221,5.935111231356858,5.63589362621307,6.101509968688091,6.131244529088337,5.588188518186406,6.198291390587887,5.794192059685785,6.036773138443628,5.512783247381444,6.0625677277644465,6.145543876886368,5.526936696420109,6.134026412963867,5.905490694344041,5.786721908301112,5.970721118152141,6.190692374904951,5.513296293318267,5.721649318486449,6.238565755387148,5.8955481187999235,5.710609075327711,5.919379298289616,6.17184241861105,5.793694872011739,5.768191627860066,6.016223292499779,5.7964255180458215,5.7650194860001385,6.064950886269411,5.798867375353971,5.530658316065864,6.380968881895146,6.038484039207299,5.488773415833707,6.088721252232791,5.615219877759611,6.001901467790206,5.809348443349201,6.176916922181845,5.785753956685462,5.58342041979233,6.338729484726986,5.743732184221345,5.876817871878543,5.858554363101721,6.229274408866962,5.902051523526508,5.657874520321683,5.907357345173755,6.103351039042076,5.461229523817694,6.1004941125214085,5.983589207082986,5.585081730484958,6.13406768416365,5.858300286829469,5.77336350654562,6.079549335141976,5.912704134037097,5.914820375939209,5.690928406318026,5.9966856484115105,5.970087571342787,5.811921432415642,5.951736158480246,6.019728645582993,5.837594688087698,5.730964877406754,6.215089075316985,5.587333526114619,5.822731242477891,5.958241469611722,5.883593137015897,5.718547985007363,5.55131832187374,6.731988708078864,5.1355439270039325,5.801284166872499,6.085290075540542,5.899888930171727,6.007329082538685,5.88975053121646,5.934848688443501,5.948998092412947,5.3927115048468055,6.616814398368201,5.261774755269283,5.766176871061322,6.159952836185694,5.65662533904115,6.110752490510542,5.60880985582868,6.20466512521108,5.642012766003607,5.766861297786233,5.932897192786136,5.70446771000822,6.079543504168591,5.712646950284636,6.0596493600805585,5.258580428808922,6.171770123740037,5.922844353665906,5.469537422408656,6.301856303562722,5.642914308706917,6.034270959844191,5.308523063311968,6.206979022274414,5.7523708216349245,5.832830472290514,5.998152135511239,5.804126550455885,5.945028629601,5.689768221726017,5.967246783077717,5.919175741573173,5.697649968266484,5.98365781282385,5.832850806266067,5.815358727524675,5.6795039487381755,5.885609556933242,5.561034361124035,5.6990458041429495,6.3250937725603595,5.340774048070108,5.901006405403215,5.930123431881268,6.0418265609939885,5.480088378638024,6.05028198664387,5.6231978646417415,5.612998595436411,5.856966462731359,5.562049426386751,6.126220153619846,5.133921432842803,6.325694418450198,5.692949785739181,5.758253577997284,5.694958198517559,5.976944321294625,5.9191311519344625,5.816108996172743,5.764519525468347,6.0980262775719165,5.241147391001378,6.217800997545322,5.747844843616085,5.6059321828186475,6.104801431645949,5.77437848061323,5.610836249043541,6.220591646482547,5.824188657601672,5.83945302158594,5.758618502964573,5.7800406437118825,6.340613807042441,5.305155084182812,6.333330352058015,5.818301130135852,5.741072465926407,5.791983012259005,6.292806706478199,5.4853712498148255,5.947405995726583,6.048959882309038,5.772639021873472,5.672879100739953,5.847642298986512,6.262961240162452,5.403173792759572,5.910494461258252,5.984347700377304,5.671353868146735,5.603392608960466,5.86705972716212,6.1441325663526865,5.422280879567061,6.175761139243843,5.870457595040399,5.693240999728438,5.731116918971138,6.021463764061531,5.5858826380968045,5.55932740718126,6.160440109719833,6.006382589389879,5.3464603475729575,5.975339776575563,6.229450119932493,5.4323783289889445,6.026169564177592,5.813147057940561,5.876643394231794,5.661620768457648,6.026683856000504,5.956746748586494,5.45526180500785,6.174131635924181,5.683426340768732,5.92114604954918,5.979371150285004,5.921089264651139,5.532923717548446,5.864292970150708,6.078128709842762,6.094767937362194,5.357131811231369,5.9938548541069006,5.909451877971489,5.904994222869473,5.771589231640098,6.130500622590383,5.413381863037739,6.124843790431818,6.006594384064276,5.780356874664623,5.65150510460138,6.1727012902994955,5.849378309945264,5.64096067935228,5.78881959830721,6.230780564447245,5.6365412589907615,5.922027463664611,5.936529834469158,5.7157314446568455,5.835914263923961,5.998807204117376,5.785932502945262,5.90618787234028,5.2874342517057995,6.425920625080667,5.492137734740968,5.911428105632463,6.057757162749766,5.641615261435505,5.607239028662439,5.8754898882408915,6.1147851100564,5.781950889229773,5.965647808363039,5.774993940194446,5.761301841884848,5.422818805277343,6.372183051904044,6.030516295929749,5.495899587919309,5.990762777080136,5.988261061757803,5.910445473541814,5.718731620609758,6.039517360975346,5.8879520227015005,5.768963510245083,5.880597423464058,6.007267604569592,6.106119841386874,5.8751930770774665,6.047197487701972,5.742725566625592,5.8647835135956585,6.195089957316718,5.672888585925099,5.622484142680959,5.896308652659255,5.767827517588931,5.784394185543057,5.732150787462788,6.167598360826572,5.903798943211634,5.983345467795926,5.824332383821405,5.8258486900230215,5.824188425987956,5.948344737142324,5.971054111023744,5.638017211705443,6.113706664939722,6.058865506549676,5.639772386004524,5.804380965431529,6.135845956554016,5.6208869428932635,5.929865605632464,6.0467887821793544,6.29002351080378,5.511653406818704,5.976094214518864,5.976343046178419,5.735182661116121,5.937530492742854,6.073721773823102,5.686779996951418,5.920317505548398,6.237290203770002,5.6615293363730075,5.9840492640932395,5.798778408765791,5.858068259159722,5.7479385002950805,5.845079433669644,6.116457558174928,5.8118448152144735,6.007063020219404,5.911196120083331,6.114073534508546,5.495154031912481,6.187542534222206,5.991243938704331,5.792091801762578,5.861420159836609,6.1482931992908325,5.706286829262968,6.036275979777177,6.002907596280177,5.934853077381848,5.802256452192861,6.236275094151497,6.08176418547829,5.787903873324392,6.115922974248727,6.131768948435783,5.545098674893376,6.159223832239707,5.934589635729789,6.105331871062516,5.556315026134249,6.008476353585719,6.325144601811967,5.746351476957399,5.934889692713815,5.987819662888844,5.556469411005573,6.19778266136845,6.216572750061751,5.720171053359903,5.675165761758881,5.786757973829903,6.151560003658136,5.632284004986283,6.0200454991062475,5.958010837783416,5.821369725664454,5.861177607973414,5.877525605112312,6.0219991978009535,5.81876363813877,6.232964019080003,6.001272537608941,5.81590937634309,6.086362983336052,5.935774671435355,5.928567622651655,5.967690928628047,5.966486693223316,5.99622393404444,5.833861395468313,5.987699079265196,6.161237201889357,5.9209095267454765,5.720488795936104,6.243959867109856,5.746022965063649,6.029775116741656,6.009949547847111,6.06833663423856,5.632705459594723,6.353620045830809,5.7167197776337435,5.916521751036246,5.764841467191773,6.25319301997622,5.591520301898317,6.111766779621441,5.9183855883777134,5.921269754370051,5.855500159859655,6.087781616598368,5.910555647462605,5.90084314306577,5.860195399622121,6.113380649139484,5.77707698434591,5.859015953093766,6.084176150610049,6.109174205114443,5.718524158596989,6.183898417999347,5.941189812421798,6.188352754165729,5.599329455345866,6.217342835863431,5.739488021781044,5.976852814902861,5.936820453306038,5.832840373665094,5.678965482711789,5.839303314884503,6.251477644642194,5.651724377075828,5.941637638906636,6.314604250987372,5.655102770477529,5.691659730474153,6.210019837369522,5.943871287057796,5.579171843280392,6.084234851946433,6.264639240105948,5.615743344972527,6.196362557460865,5.934980669170617,6.0169728899498764,5.429463977764045,6.32840780556202,5.701093658258514,5.930622930079696,5.790413357218103,6.2799317430456485,5.688756677061316,5.854550565828878,6.242996732344231,5.587190258204933,5.901406892140704,6.060982588281234,5.712464845776554,5.98784519513448,6.116154178430637,5.938293689986069,5.827753231426078,5.724459535280861,6.312634045084318,5.930756328006583,5.633528041988608,6.095350013573965,5.569030287762478,5.750120754688976,6.016753302514553,5.966687480707963,5.610219027847048,5.976166572918494,5.968417455156643,5.732201141317683,6.179025502254564,5.97580793817838,5.982814097752173,5.614614540040489,6.375967236955962,5.841276419609783,5.841156562666097,5.872737029989558,5.97524388194084,5.781237345983583,5.799361141473053,5.964591941883166,6.262027116616568,5.404809391399219,6.080511133571467,6.268960173477728,5.5565018047392325,6.326109464218221,5.872438179850576,5.8089999136825385,5.800757923622924,6.217703399658203,5.402999907682334,5.878907342702148,6.078478924036026,6.031109298616647,5.6579345327119,6.085561263908943,6.152442430009444,5.889140952130158,5.630922301808989,6.339741655935845,5.725279426078,5.680075248827532,6.087656255861123,5.858744164754945,5.932113335182268,5.9399678364396085,6.317960186352334,5.55163578689098,6.154373160451651,6.0829887494444845,5.765155391345419,5.785868806391951,5.917551916291315,6.122745118737221,5.5360059550404515,6.218248463024696,5.70262325103084,6.2304290301104395,5.7008649003505685,6.04973868360122,6.123517307837805,5.552565743674831,6.114760518074036,5.923595310201246,5.599117716799176,6.546382657488189,5.901638167649508,5.706377436071631,5.739343591928479,6.3072422929604866,5.899008582433063,5.590985771715638,6.227247012307247,5.911873889466126,6.0430467293163135,5.957154690821963,5.824803687830764,5.894013072152931,5.794001984645921,6.198511311908564,5.911865640630323,5.490592753837501,6.352136011620364,5.806117630203562,5.806799594759939,5.844392372022071,6.1523880026241144,5.850582354168096,5.8143568184971794,6.144032209714254,5.7980565519630884,5.928309996028739,6.06489428465565,5.8781445899605735,5.7903344339132286,5.758353414734201,6.0587114252646765,5.793004551033176,5.9536449091136445,6.209036969890198,5.687130646705624,5.72035793940226,6.050560756822426,6.022765758931637,5.876591253280638,5.838276289900142,6.029056736727555,5.609267517278588,6.101259136547644,5.924387627542018,5.74677404746413,5.5675412821769665,6.234427463163934,6.07871429135402,5.666935104032355,5.739568650623161,6.120671194295088,5.7722897370656305,5.711487839271622,6.257862911125025,5.723387800951797,5.831723832984763,5.796412629683809,6.322885750134787,5.455148828079299,5.918692158609628,6.274166355033717,5.892826078732806,5.619295095950362,6.041709148138761,5.920418161203463,5.652683912118272,6.182284852464994,5.858494356820979,5.822968517243861,5.870354494750497,5.5917334027091625,6.152359449764093,5.686957157899933,5.971801727016766,5.832573022693395,5.666414037992554,6.080449065466721,6.089692166199286,5.815418280561763,5.7961522771418075,5.775308117717502,6.221143487592538,5.602754957079884,6.177115168869495,5.94799803038438,5.536220926195378,6.142206665575503,6.125195521861315,5.655942690372464,5.987184875756501,6.195948047240576,6.086481544127067,5.732427890002725,5.913352392812568,5.949730616956948,5.548783863137161,6.436791707028947,5.68788931628068,5.948440746416646,5.7925229028364,5.925412212063867,5.907720841219026,5.842374635388453,5.97968156625827,5.945708783616621,5.782583276828127,5.981140538603066,6.161251801898082,5.84086263005932,5.719819705535966,6.108862375368674,5.986800817896921,5.8557119535406414,6.01573670476675,6.099077832301458,5.332872273623938,6.432873135060073,5.7001076688369094,6.15625225101908,5.6938225793838475,6.161472924848398,6.03784831871589,5.402987619737779,6.099370068361361,5.691357606401043,5.89669608970483,5.812737166086831,6.194485744138559,5.472683341205116,5.9246769413352,6.268879336913428,5.699623492707806,5.980703328301507,5.752918735891577,5.987483435620863,5.619522328972812,6.19753127147754,5.956702935248612,5.647118778477108,6.166855176985265,6.028819454610346,5.7583106011648955,5.714766792903341,6.104339387565851,5.774895135660963,5.992276490976412,5.769423231333492,6.261822968622049,5.64468885009487,6.016297858854133,6.0413781106472015,5.919185545792179,5.788091270824271,6.142336721171935,6.043967926204204,5.5858494673669306,6.2442626145978775,5.867428376724322,6.131856560756762,5.628724430054422,6.316186877240738,5.804955431719619,5.789068051129577,6.1642931658526265,5.995969872176646,5.76354061812162,5.914478771785894,6.166618907749653,5.686140301227567,6.178093135108551,6.14167438780268,6.0155370188256105,5.815859798192975,6.066967649012804,6.010625215818482,5.9162291045983615,6.210843415011962,6.124583781709274,5.8921397212644395,6.179586270352204,6.153568943043549,5.891395948578913,5.944573909988004,6.009023680438596,6.056635730018217,5.778315919786689,6.174042001863321,5.996247008492548,5.856048191239434,5.975540522088605,6.153554254372915,5.933846670736869,5.849756091237066,6.223553169717392,5.94951552564899,5.792395030160742,6.2149311480422815,5.855418146153289,5.6970579977830225,6.229694880743822,5.876162378837664,6.187335251172384,5.719984431415794,6.276727829029165,5.887342871228852,5.954713780085244,6.155925518721342,5.94429236859083,5.859289104044435,5.935235744019348,6.166030176480612,5.901446097840863,6.009857652634381,6.0566984125971794,6.127790839423736,5.880365575005609,6.31046201546987,6.090444587171077,5.911330936551093,6.141776183247567,6.040989247610171,5.869842062443493,5.891073656131822,6.049955035845438,5.9231716725230195,6.207481067081293,6.094444149434565,5.959017508526642,6.225745765765509,5.663111680795746,6.452592740108571,5.7677166749536966,5.800782286127406,6.202401433934768,6.0663893216351665,6.059089131106933,6.052168669452269,6.015757251878579,5.927700106104213,6.073001965632041,5.917203443646429,6.155392691393693,5.766156587352352,6.359401115377745,5.842260610063869,5.946295847942431,6.08891914104422,6.006037250459194,5.975352968225875,6.051580728044112,6.060195114364226,5.894815669556457,5.920390705217915,6.13902700399359,5.919012329181035,5.747447929978367,5.917766023278236,6.260588454504809,5.834352662314968,6.02805987154444,6.040869724303483,5.717942297110953,5.913328427722056,6.085322680821021,5.98941089173158,5.68706943914294,6.209294831057389,6.116487086762985,5.694606931904949,5.920538466125725,6.3260927389562145,5.807023933281498,6.037176741411288,6.003171460529168,6.244040986796221,5.651602715055144,6.143949061483145,6.118016277154287,5.816268085738021,6.053575449039539,6.054028783937294,5.9197245079775636,5.78093375345071,6.136616424471141,5.992275151809056,5.595068703194455,6.118417907108863,5.98162781809767,5.834802442838745,5.9387798813482116,6.040501782298087,5.993437217374642,5.652330560882882,6.378872414131959,5.967511637558539,5.696272934873896,6.078831827541193,6.061703713138898,5.7476616581280995,6.087851378222306,6.151782612403235,5.8443183443446935,5.778894961525995,6.155934569140275,5.8923377643525585,5.933440080632765,5.782399632235366,6.133322318245966,5.801008634467918,5.88540110250314,5.871683712899682,5.867476154019434,5.9278512885173145,5.959711497922737,6.05293343802293,5.585417952885226,6.221178068419298,5.940908456196387,5.786683680762844,5.785814536561567,6.225772735675175,5.693943081498142,6.075856745441754,6.163072077085575,5.861664665689069,6.073179270823797,5.862379056115944,6.235568761577209,5.637354987909393,5.992868912865718,6.082177606125672,5.716884214778738,6.12677434494098,6.1863653962314125,5.853860654135543,5.857140958358842,5.847719694872695,6.193325290133556,5.975439117600519,5.809697768141823,6.0543054381012915,5.774576430618761,6.126240693926811,6.070261107583839,5.97949220602711,5.704645263801016,6.328393528064094,6.130410002718369,5.431263215194141,6.113815278609594,5.924067803770303,5.919741406639415,5.836545337637264,6.296116511672737,6.057284214099248,5.6383963824311865,6.100113969792922,6.020872913499672,5.882075414409238,6.091087929507096,6.13931682681044,5.98815000390013,5.815021059115725,6.058429218729336,6.113890309532484,5.744925032854078,6.081956018706162,5.7905803809066585,6.3543168324728825,5.554767098575826,6.477951055516801,5.789448381265001,5.964930570175248,5.897177050014336,5.942393619765836,6.005958559115727,5.856143344044683,6.259547129621109,5.758467758744953,5.939530516316491,6.170991291900476,5.969165559858083,5.622016033480561,6.03171387558182,5.941714258243639,5.922258713742095,6.046558107882737,6.149209625174601,5.893592008848985,5.628726094116763,6.399735782047114,5.694209580719468,6.068523871948322,6.195735989560684,5.999254256536562,5.768353609045343,6.160793172071378,5.84195479651292,5.766493606468039,5.902065685590106,6.105029945125182,5.7558892776072,5.873424836595852,6.169546915342411,5.90583594938119,5.64584694633881,6.284072721898557,5.909760995308557,6.032907174577315,5.516121975481505,6.572538458456599,5.585402141561108,6.0230185743172955,6.099195787012577,5.956273410618304,5.818238546748955,6.067440283497174,5.860497410347063,5.893376244803267,5.961123669048148,6.25078404267629,5.644976638158159,5.945521449893711,6.221104318996271,5.865649327387411,5.965131939550239,6.2304687698682155,5.764966889669496,5.9346578473349405,5.983367064644892,6.039975865383942,5.763308822363611,5.778160614470639,6.113244574119647,5.81902812083562,6.061852887620528,6.030040310968956,5.905014066249131,5.5853892517586505,5.785536359151203,6.035467116435368,5.587739705195025,6.139402507891258,5.809100476106006,6.064128135492403,5.642107264747218,6.12126522724827,5.683094844271737,6.123758744945128,5.728914976119992,6.136854805350303,5.932177425076563,5.700522617002326,6.277079743643602,5.731136258492865,5.716960396716989,6.055952630837758,6.012848970790703,5.798326508750517,5.641436992138621,6.131671138753494,5.736533099363245,6.0116079174478845,5.916287311365205,5.917972399195034,5.644561091512438,6.008299521356821,6.214549440046152,5.7806564168631995,6.1578524504601955,5.808763316273687,6.168840245803198,5.735700575759011,5.899229443420965,6.138583151002724,5.737095624109108,6.0374330080052205,5.955075151969988,5.884759466101724,5.907317100614308,5.5762016796072285,6.2306891996165135,5.49783877904216,6.147841708660125,6.025275044937929,5.43655963291724,6.3906514832874155,5.9301895837982475,5.73705173373222,5.719793518086272,5.92725168486436,5.851302453130481,5.89376358643174,6.088244401862223,5.877817668964464,5.853353114128111,5.9525104895234096,6.0662969536085924,5.754403181225059,5.8785303493340795,6.286709566762051,5.871225175162155,5.989418479402859,5.894486467838285,5.957192843010027,5.824416798700887,6.148046032985051,6.089566741039356,5.451298356254892,6.107870427966118,5.930036215384799,6.064642862876256,5.90260329723358,5.959096248298881,6.043571756978829,5.619693627506491,6.191824939896663,6.0213837211330725,5.713951786160465,6.035730669846137,6.148789070099593,5.640636376639204,5.9470216165979695,6.039032777597506,5.882619428386289,5.86136426195502,6.110673747261364,5.826656921406585,5.75491561323404,6.034846174617607,5.990511110126971,5.793995576699571,6.059268383284409,5.682509266038733,6.1886237576603875,5.5128727554778205,6.113787474979956,6.129958311220009,5.895958891560632,5.731632315218445,5.979377243071793,5.933944792350132,5.843125635435182,6.267836605658134,5.536209986160195,5.995959259122609,5.7894253933429685,6.506508532613518,5.698078946669893,5.838589294850824,6.151605725487074,5.796943168143429,6.104432105223338,6.201817751874526,5.704238719940183,6.118535700043043,5.722210638771452,6.212978475292524,5.777299285282689,5.978204110115765,6.039364700963099,6.009746575554211,5.718773715694742,6.2123865359028185,5.89190419634183,5.9820623875161,6.022359841912984,5.667939369728165,6.250607378830512,5.443718371689315,6.5090064913531185,5.955934929003316,5.547111274302003,6.441542703260979,5.862544480164844,5.82396528666218,5.978112798829872,5.915827566285926,6.052842190166314,5.607662690132852,6.317049046208463,5.922424517422914,5.921377120663721,6.285308342327674,5.898914128392934,5.945118020375568,6.024997897297143,6.242792628755172,5.875557349224884,5.791032705505687,6.180501233190298,5.679313270201282,5.952820467253524,6.261252041657766,6.033982547422251,5.841481473197538,6.218488647838434,6.055205027610063,5.859888201802967,5.865165068209169,6.1145075151820985,5.9560268013675985,5.824538400073845,6.0684363368650285,6.089964465548595,5.799877367963392,6.166774474581083,6.040869478334982,5.938346119572718,5.855136465777951,6.223535329004129,5.956821861763794,6.031226511647303,5.939229987561702,5.91295769587159,5.8120172136525285,6.234065302064022,6.199926479955515,5.754871698965627,6.029247016062339,6.100199443896611,6.072374665488798,5.887171491483846,5.946342699726422,6.173573245455822,5.85113430192073,5.955192121167977,6.072208430220684,6.08284900650382,5.70597012331088,6.380005128880343,5.4170134755969,6.25407807191213,6.005456023861964,6.152876963516077,5.789955579986173,5.866897818346817,6.333648715813956,5.431802446494494,6.230475006004175,6.095021324952443,6.045368737330039,5.762125127911565,6.345115305036307,6.000441755702098,5.845849955429632,5.988939824750025,6.186427059074243,5.694893793612716,6.22066512823105,5.8258160186807295,6.261521436870098,5.820799347460268,6.103661342710256,5.973787977596123,5.976886027057963,5.977286094327767,6.178321860631307,5.831798500170309,6.131426889797052,6.0178412005801984,6.230805160303911,5.665364524225391,6.252712765534719,6.082241647889216,5.889704795529443,6.2982173218329764,5.946136166801055,5.984681564470131,6.0752769771218285,6.2667502572139115,5.884104046523569,5.74107856740554,6.271261745293936,5.893835056324798,5.8453406431277575,6.177287370761236,5.838928056806323,6.142091668595871,5.70708787322044,6.184643375625213,6.0957057556509975,5.673018841594455,6.252904448260865,6.050164295484621,6.006234039813279,5.972213150312501,6.3929521367450555,5.601228471944727,6.085232404073079,5.987393163641293,6.011158198912938,5.706371051718788,6.185683897634347,6.082769959171613,5.715578855027752,6.279505422761045,5.97505615249276,5.930244095822173,5.910432046353816,6.03663509791096,5.905299810816843,5.846862216492491,6.14506965910395,5.89393739958604,5.929566886276004,6.017320614804824,6.065409744580586,5.996434240986904,5.734101585149761,6.259298082639775,5.927574214686948,5.800341011037427,6.188885204046965,5.739980743974445,5.861949153443176,5.920633014738558,6.3152486345668635,5.963128312428791,5.846953318864105,6.0291515809297564,5.906921344101428,5.972139444102842,6.134577056815227,5.852530633111793,5.77861644759774,6.101026076426108,6.068369802733263,5.7528903397917714,6.113234700461228,6.102893683811028,5.967243523498374,5.870896581908067,6.031664141317208,6.127343946248293,5.73415917937954,6.136492411543926,5.958812731057404,5.662187836517887,6.364883051117263,5.639312065243717,6.114924431343873,5.841195775171119,6.057973694254954,6.179168456842502,5.624614634811876,6.028904309570788,6.012384586979945,5.928324042707681,5.888687906265257,6.048116302092869,6.105206348796685,5.799978270530699,6.174147186925015,5.903922367145616,6.114597224642833,5.880648167033988,6.176165301253398,5.666197436700262,6.168593460073074,6.119395358761152,5.800191696633894,6.035057180573542,6.222734922915697,5.808740523258844,5.706090077807503,5.987356600463389,6.470392550726733,5.0564650624493686,6.624658575703704,5.930036764641602,5.815892364084719,5.881147900670766,5.990453746368486,6.1353998829921075,5.482011472185449,6.103332524945338,6.01768591110905,5.952672861566145,5.903812339057523,6.135592338889837,5.878666171630222,5.920996883511542,6.053708017965157,5.803963868021963,6.0429154862960175,5.9994422508776175,5.908780990988014,5.782825242628652,6.058253555198511,5.906856866528589,5.9640311377247155,5.6263147016366295,6.294947757025561,5.73838978881637,5.99714209040006,5.962521138091882,6.336159246613582,5.558831669688221,5.9915799081822225,6.222307740052542,5.635186394949751,6.02999327947696,6.048474573840698,5.759160981029269,5.950704263051349,5.8335586661100365,6.286682027479014,5.950870786358912,5.789803896298009,6.211833435495695,5.883303546806174,6.019211680591106,6.030910720874865,5.890649134864407,5.851640530576308,6.06662601252397,6.201598817010721,5.748919123262165,6.045041599919397,6.097681683947642,5.999515798141558,6.090434220482905,5.813559651424485,6.119491924395164,5.818357497354347,6.123381444563467,5.9351588978370025,5.960164572050173,5.737888578623529,6.14526264195641,5.867622881581384,5.704907815555729,6.0990739195545505,6.058286661853392,5.855415458579855,6.145701324840387,6.218491462071737,5.842786584397155,5.795994629164535,6.062253282566864,5.86002476096153,5.918362263341743,5.993018052180608,5.889378203948337,5.922414803951978,6.150500984539588,5.961034394105274,5.954045703609783,5.782561164398985,6.461219347467027,5.669881086995201,6.175543824334938,6.145802845855554,5.919910386701423,5.94831962858637,5.978742004434268,6.273807068963847,5.841354810297487,6.157847872724135,5.954189968158801,6.158376226772865,5.523312974671519,6.190630769332252,5.9997932634254285,5.821568607091902,5.963820812751849,6.038086253255606,5.831268680542705,6.026125952899455,6.255169007678828,5.888489966243503,5.897978165646394,6.150803356518349,6.004711020638545,5.754178203692036,6.173014007260402,6.160509292085965,5.899078030437229,6.0204149953027555,6.075327103485663,6.004148300737142,5.737269519766169,6.4663440977533675,5.568026063690579,6.268696075727544,5.952521595706542,6.102445363998413,5.9817321636279415,5.8735924375553905,6.308280080010494,5.733703942000862,6.113486521244049,5.971817973653474,5.984002703328927,5.775845056523877,5.963648389925559,5.991227001746495,5.798647468139726,6.1887598214050135,5.9756147715946035,6.107784134646257,5.955668253948289,6.357858929832778,5.755276143550869,6.062167356659968,6.108769106467564,6.163472583641609,5.861950428386527,6.030668143530686,5.901200656692185,6.0062687673171355,5.608832951039074,6.298865744074186,5.8482201651732115,5.955725039144356,6.080205019464095,5.7042312049368995,6.140308364232381,5.658263321717576,6.37836396743854,6.1124301653107,5.583350066890315,6.303502807517847,5.73064859156807,5.987480892737705,6.058360639115174,5.957756139387686,6.055148801406224,5.861179226984579,6.199634063442549,5.559497458785769,6.115312484403452,5.995101293375094,6.095512042244275,5.741577150275307,5.847379064609605,6.167609827419122,5.84167599360148,5.9602985923488925,6.139253290792307,5.925952042192219,5.803860487689572,6.207925441910824,5.941717843413352,5.981742356469233,5.92264016141494,6.189387099047501,5.798406704415876,6.130628943492968,5.9338609767456845,6.063330991615851,5.970385389377673,6.0740958507855725,6.059182591587304,5.993572808106739,6.0530909546216325,6.308348956008753,5.7663950590789295,6.105934396286805,6.143295949548483,5.967784257531165,5.753715186566111,6.113178102274736,6.137142242987951,5.50258509099483,5.980738115708032,6.3996175006032,6.097377402683099,5.911627642860013,6.209318389942249,5.7051927496492825,6.078133730491001,6.121357283592224,5.889889542311428,6.20139956538876,6.015613017131883,6.241136175443729,5.742595963478086,6.254460232307514,6.034813490509987,5.988377087314921,6.1089573961993064,6.096971037139494,6.15434152831634,5.8935504809518635,6.202501437862715,6.036954336216052,6.322811683317027,5.367669960955773,6.516545466830334,5.855958727598188,5.894809750964242,6.495120584418379,5.835126613577205,6.196730992545684,5.976289543857175,6.148973508228859,5.960899967998265,5.722778016030786,6.360725624312959,6.059382026394207,5.877417691946027,6.122940758665402,6.239026469190917,5.774274735649425,6.2092514494558175,6.171331975509723,6.16617124353846,5.897048955311376,6.259211078484854,6.099585660547018,5.766875850359596,6.801798126002157,5.735671664476391,6.189222472508749,5.91343823139866,6.4333182228108265,5.869335013478992,6.125778300017118,6.086766555458308,5.887975048174459,6.269069679578146,6.123652134686709,6.012752608656882,5.949887256026267,5.887992838422456,6.429897518207632,5.936020481785138,5.802887224008637,6.323189458896718,5.946693492432433,6.055065345962841,6.2999194385608055,5.701760041564699,6.09858906125029,6.061612034887074,6.172658946812152,5.7051884177823835,6.250867390980323,5.9654081301887825,6.2016659398873655,6.058086204876502,6.111956021686394,5.893983453810213,6.1381116545697045,6.274549542119106,6.008223894685505,6.17125323732694,5.840052997668582,6.29379011710485,6.024841123521327,5.971330473721026,6.227889938255151,5.844858287920553,6.055676000763972,5.980729098220666,6.401178687562546,5.574956845690804,6.403097918381295,5.988901796539624,6.024578710397083,5.884951062351463,6.072449497928221,6.000254783083994,6.04898108964165,5.9277190234263735,6.136053465207418,5.765540350278216,6.134698525269825,6.209062646528086,5.92719896112879,5.997468905150889,6.425606267650924,5.9502288845678155,5.809356442838905,6.25656691764792,5.9664940734704315,5.836368002990879,6.133302861054739,6.242739754915238,6.059691263486941,5.970036905308564,6.238321637560924,6.265235678007206,5.7792864427467165,6.230057302912075,5.917941747953493,6.152364910145601,5.959717272818088,6.276008348216614,5.901974675257999,6.0216121303041765,6.2482740487655,6.000299306064843,5.995038258483012,6.072263492246469,6.356552960028252,5.689548019468781,6.374270627697309,6.000154132793345,6.177104183783134,5.951745489984749,6.0631374928851915,5.904609004904825,6.191924368341763,5.9670151632030795,6.375672611792884,5.786332298417884,6.239855942328773,6.131534417619307,5.9880621596177415,6.071409658938646,6.050721223205328,6.308040393342576,5.866978785246609,6.0743679758906355,6.06905105565985,6.003656015545129,6.1439223740001525,6.229869345029194,5.957407307177781,5.685659574170904,6.41545977180203,6.174273985028268,5.691390983710684,6.1048739861448595,6.243275364091,5.721070081045228,6.039132000058888,6.166514693846304,6.038926916917164,5.977791341741879,6.127397968222697,6.2764190698166695,5.8242036826908565,6.125362945248684,6.138652735104164,5.714466236134367,6.119793012042841,6.057769320954878,5.9009540476401625,6.08305797462662,5.995153152098257,6.40403507297238,5.675130485991633,6.356899690975747,6.2369851893186565,5.6907089927792525,6.095675078382094,6.2615408748884995,6.044163141598303,5.955043504883845,6.1315303695201875,6.236936654647192,5.87548902099331,6.005251758446296,6.262291777183613,5.9373058407505335,5.925137858142454,6.563345497151219,5.80825864424308,6.002444289525349,6.273103484412035,5.928834883620341,6.0288509102662395,6.113323504378397,6.0656840147574735,6.1449007633825135,6.058555221607287,6.2980820467074725,6.025218852510054,5.9999751087029765,6.189933937688669,6.102120924194654,5.8649223900338,6.184208080520232,6.1942517763872935,5.983548629482587,5.986401736636956,6.1039453753829,5.980563579797743,5.738254803568123,6.280328536977371,6.032973516931135,6.065534499933322,5.9584936485191164,6.217645652443171,5.962226086854933,5.857299492210148,6.3814881779750205,5.933327440371114,6.167799299856028,6.255548839022716,5.955083440144856,5.887004758864639,6.220769325693449,6.158555222749711,6.099943675895531,6.025015107343594,6.154355262865623,5.942326501508552,5.956984800000985,5.9441564612587285,6.059993544270595,5.8919665992756665,6.225016406079135,6.038835863371689,5.893371302237111,6.1936863655348615,6.211643872310718,5.875311483591792,5.994654377400875,6.433439020564162,6.155250527759393,5.728366571366784,6.157617847224077,6.180279303242763,5.8471208473046605,6.115441717555126,6.180253431697687,6.13850229566296,5.893966166724761,6.113867427458365,6.286435596992573,5.860015364487964,6.04059026946624,6.274093614121279,5.857989653696615,6.309019925793013,5.916029232343036,6.099719373683135,5.969352416147788,6.151476320624352,6.312273526688418,5.794540499498445,6.184558642705281,6.108037324448426,5.985394685467083,6.021368738015492,6.119699865281582,6.055778798659642,6.062762723018725,5.883274142791826,6.331036722113691,5.719378587553896,6.18826127966245,6.030108234335978,5.705718407978611,6.088377302885055,6.401052043934665,5.94410091554125,5.786643332739669,6.125274399568636,6.212908560534319,6.050894384731849,5.697771588414904,6.405201998849711,5.817933464099962,6.054238379349311,6.102854065497716,5.869208574791747,6.01574702133735,6.144276164521774,6.152226561953623,5.8963395838936155,5.958309758206207,6.22993698557218,5.753392685006061,5.883801293869811,6.046963713516792,5.867960069179532,6.243048879553875,5.997579381614923,6.215875215133032,5.926511166592438,6.077171622564395,6.121256765772899,5.728188789486882,5.804614409953354,6.4631666932006695,5.745801765322683,5.914182024300097,6.0102171399195985,6.096598973025878,5.735409527023631,6.284262267549833,6.034157025863726,5.996001765280961,6.12046399568518,5.877971643706161,6.020519673724968,5.858805260856944,6.058898296852906,6.032176526089509,5.863938836803037,5.913647411217291,6.095504584064085,5.759951772292453,6.0623349439104395,6.229461706479391,5.817648276338972,5.966926670422156,6.036744021972021,5.98348578756054,5.812179541637497,6.0785450378557035,6.194556462218364,5.714102470378077,6.348452880730233,5.809919387300806,6.0467943873008085,6.063713545401891,5.868224243571359,6.02638341670235,5.724043575227257,6.351321699917318,6.035391616274913,5.945091059108574,5.840873141189414,5.9710810356338815,6.107124725331863,5.844631805320579,6.258292064567407,6.074068870743115,5.70177141577005,6.365563975324235,5.915507599860428,5.908925237556296,5.9936235535641496,6.143391223599513,5.863198729952175,6.0827815508842455,5.776236053009825,6.129756118953228,5.949414732952912,6.064848138292629,6.0997198594113184,5.697612783014771,6.076377937694391,6.033423279275496,6.060862096895773,5.991863846977551,5.833609431584674,6.25921711464723,5.797862744232017,6.083708955397208,5.989054511090119,6.062718622287114,5.778404232263563,6.288531850328049,5.89446281140049,5.898617720057565,6.1211882155140245,5.9721743576725315,6.030772865166266,6.06266365458568,6.0388320933779065,6.009028676201899,5.94676413377126,5.998995770812034,6.017523127843935,6.0033044575651475,6.143344605763753,5.904378265937169,6.13269648378094,5.802780956625936,6.284598681231341,5.794532624681787,6.074163482238848,6.396750222196183,5.661473508278525,6.029382143765688,6.085870735545952,6.262969906975826,5.802990551491576,5.951156243880589,6.262325107951959,5.863536623269317,5.976077566494545,6.278640633424125,5.609967017968492,6.248221907069287,5.9609074294070385,6.002867135604222,5.975985207458336,6.080213288565476,6.233639335980018,5.825836250831681,6.0836332354446245,6.268499762018522,5.948450651218492,5.826966181447107,6.305278262545666,5.972805987050135,5.948299670567113,6.079357606818278,6.189861358304819,5.930227130105096,5.843725223292905,6.293197413136563,5.916413508107263,5.876979921211797,6.211007235397897,6.052404626061518,5.940713687439759,5.924266467591126,6.276113240023454,5.907837282915908,5.90910671626528,6.242370433111986,5.932325732360282,5.899859310289223,6.086441576530535,5.9522064811487985,5.927682574888069,5.859939500937858,6.177245646466812,5.902687205125886,5.9335623333354786,6.341395185192428,5.879002382655937,5.76369600643714,6.300916207929454,5.983788045247395,5.810526566952465,5.9804098378618535,6.062043604254722,5.973228305379548,6.144050746460756,5.91185129513343,5.894147740056115,5.861031304647523,6.232690880646309,5.841628663539884,6.006541521449883,6.277985851516327,6.050247320582469,5.975583413143952,5.940157192250091,5.902769575019676,6.096955175151427,5.930137146462995,6.205977911104759,5.981198563029368,6.039788638850053,5.945976104338962,6.0050526716311765,6.153422718246777,5.731247229973473,6.4038462323447085,5.922779520650704,5.907126925637323,6.171470683862766,6.007484549631673,6.000362210770447,6.0533934501310185,6.364904032995305,5.665055636465546,6.07593887930115,6.275605779935918,5.885578208913404,6.017754411151011,6.209249913543463,5.898950308461982,5.884139624188342,6.2426710823675,6.036006099134682,6.060642608304818,5.907755789806443,6.409489654948316,5.99365385894974,5.979730652471382,6.0641077749927845,6.013234117080767,5.992178261627753,6.231961084802946,6.0586136624217035,5.867632514735061,6.117626635928948,5.923996465255815,6.113601881762345,5.7516334258516615,6.281090661784015,5.968892556329567,6.0340193562706315,5.957136178215343,6.071134401907523,6.027831486364205,5.834020592172939,6.254337212791046,5.773040011773504,6.163808431228001,5.999287245770295,6.2490304440756645,5.630363723387316,6.287514882733426,5.790427684684591,5.996981241305669,5.907750140478213,6.378164604653915,5.715339852323131,5.9846941389640165,6.123775070210298,5.655474352935947,6.07427104120453,5.739815008242922,6.271415525724491,5.814557137638328,5.964845560689765,6.019996355076631,5.853587722380954,5.9899196085333815,5.9893005091448615,6.055851201166709,5.927755450656015,5.760189416408536,6.143763356258472,5.905329425086576,6.0723224065204455,6.1333777232964835,5.995395721693833,6.011509316563607,5.981713805099328,6.040287238111098,5.9576415722568825,5.627572775234775,6.277700436164936,5.847839741756515,6.0129950193067385,6.0785931411882235,5.955038416236638,6.205485547830663,6.015589021195967,5.96639731933673,5.998718321373064,5.934627481599647,6.167392198493084,5.8341018200417345,5.998258993973334,6.183594504644474,5.907656066765386,5.988940251320599,6.1211063674589,6.111203822543224,5.812110496660072,6.072687690307696,5.950158235132693,5.866168890148399,6.11392859145999,6.169226881762346,6.009604366620381,5.8735307218631085,6.073681017955145,6.016410125841697,6.0350467111667,5.809288372745114,6.494514445414147,5.7205415071546994,6.191366392572721,5.955436642765997,5.824411616176365,6.134961066593726,5.8618248605728125,6.011426260620355,5.977778809567292,6.140962570359309,6.184208899041018,5.879787952502567,6.025077802588542,6.207760403354963,6.092420428295931,6.066649093379576,6.1421709312995265,5.937447213282187,5.876244783153135,6.214300875067712,6.074314765532811,6.068708775987227,5.947026135077079,6.236945255746445,5.965060853411752,6.060072568555672,6.147826052208741,6.107935708165169,5.702598905066647,6.322582402577004,6.077440795650084,6.064831398924192,6.070623937745888,6.082070095588764,6.053463289787371,5.853517244458196,6.008704740901788,6.09576730509599,6.034725195666153,5.911980633338291,6.176257943858702,5.995961401760577,5.890211834609506,5.861885462999343,6.073892551859218,6.0455883628626665,5.893032552500564,6.178657486786444,5.714745660424231,6.089463192274174,6.051343242426713,5.94272023980816,6.136625959773859,5.734076639066137,6.14903664117058,5.693010274916884,6.320273898740611,5.877864077289897,6.062702099382876,5.956460377325612,6.198790494700273,5.8907018701732135,6.067628079553445,6.091323141058285,5.955017958184083,6.079997110118468,5.969535979380209,6.113096504112084,6.019319613029559,6.058007412006457,6.45051137243708,5.643350926587975,6.273080124010643,6.094978039960066,5.780373581349847,6.024225536932547,6.109431697477897,6.130589829732974,5.636873183399436,6.136933429141839,5.982536423057317,5.885572958638269,5.96028712739547,6.183973483045897,5.799406626224517,5.921313751985629,6.216774398883183,5.965521338582038,5.89197675814231,6.160229450364906,6.068689206888277,5.958636792947848,5.94354058921337,6.2256739293535555,6.060496343374251,6.09360501592358,5.982001065065463,6.027710606803496,6.057186180849869,6.005473819722731,6.100643364985783,6.028158337076504,6.029780890246233,6.19615791430076,6.06174163793524,5.859874430646497,6.237921168704828,6.0497651201983285,5.693315498928226,6.5454723004003394,5.9772294982274365,5.996977853675682,5.999849423517783,6.262849533160528,6.057892165531714,5.947277089854079,6.004052333831786,6.139592665632566,5.991449645956356,5.800742388963697,6.2020407547553384,5.651240991701679,6.256133571763834,5.931213679313658,6.1651119988163305,5.75036620189746,6.164157870461542,6.0583867265780755,5.908723940998313,6.046143667896588,6.0085989679892835,5.817476724584895,6.0119980608423536,6.140721835394699,5.95643617277344,5.921824229111273,6.213823954214652,6.284782753934464,5.611545913318789,6.170146004259586,6.265206294258436,5.567312139123675,6.143843954702217,6.087649056663115,5.883622788091499,5.964586360951262,6.399306604315838,6.036861526568729,5.8770739885171235,6.107263677467902,6.092589489867289,6.092510791619618,5.971240757902462,5.845100700904924,6.139692707409462,5.680348872393366,6.4458932339151715,5.875832462310789,6.214396135558684,5.972677367975313,6.243850103070339,5.7750497702260795,6.032939216842253,6.100363827397425,6.001189365287621,5.992093227704365,6.087925120194752,5.892884410619733,6.1003833708663775,5.99264683296283,6.254431793739399,5.827885467906791,6.017068876872458,6.137431549777589,6.154887890269358,6.061443553566932,6.010981472929317,5.9543676592906305,5.98607734342416,6.181862732966741,5.973637513269979,6.081310475816329,5.95461494018634,6.245047195156416,5.778952947060264,6.336471513708434,5.939460250834623,6.175396667867899,5.875544053663808,6.127272803535063,6.184898415207863,6.020281895746787,5.841933175176381,6.264684775521358,5.989121310909589,5.956521265655755,5.8943327115476105,6.203459916760523,6.080998511761427,5.994870069970687,6.11699582611521,6.012182079752286,6.051359216769535,6.2809944496055445,5.828051098287103,6.025100319733221,6.4053025641043995,5.993849310676256,5.861957582434017,6.234919902433952,6.049477240741251,5.958104915618895,6.08030006279548,6.2976903723677005,6.117803812374672,5.875081639190513,6.2152307786544165,6.158100018103918,5.861003063519794,6.233169961621364,6.220012509276471,5.945179431488115,6.017119459112483,6.275918791641792,5.762630624771116,6.176295539190372,6.067018901308376,6.082751163095235,5.963785481651622,6.069684303899606,6.137864491393169,5.990262429614861,6.138930963029464,6.090591667940219,6.139718620379765,6.036368950953086,5.937243647625048,6.344996017267307,6.08684687246879,6.174389115323623,6.047364607652027,6.1258336446185915,5.863644993503886,6.363210212637982,5.877975801279145,6.100473288496335,6.2309618104497595,6.093046255161365,6.099751633703708,6.101156194706758,6.259283828934034,6.0224086225032805,6.178209818353256,6.166603903820117,6.054472777148087,6.080337858249743,6.270160167316597,6.292506726384164,5.825186175455647,6.191516684194406,6.064354200114807,6.245458257397015,5.930263226081927,6.387885769357285,5.956126953512429,6.124799270828565,6.045055614461501,6.194196658631166,5.957418336470921,6.075654624601203,6.180545517702898,5.898988518317538,6.108385712554058,6.225293979396423,5.827842597266035,6.222841302504143,6.277056397696336,6.018827202965815,6.114253334154685,5.903157225300866,6.330337550689778,5.853062378168105,6.102136791994173,6.296540098090967,6.001005935718614,6.128891329665979,5.963879954516886,6.204209046860537,6.067438487758238,6.3060456949969135,6.198147821625073,5.991345235904057,6.149142995079358,6.121869972397884,5.844106947978336,6.242628305902085,6.216826615234217,6.143022255500158,5.960620744526385,5.977584787209828,6.236544370253881,5.941804924209912,6.3750959888597345,5.961250662505625,6.284433465053638,5.79930517286062,6.421883837779364,5.886393542339403,6.152882233013709,5.978333569616078,6.418061777253947,5.867381888826686,6.164997382809718,6.119593439449867,6.06204384719332,5.928871471186477,6.172256552030643,6.209235012133917,6.109467224677404,6.115914950718483,6.22857304275036,6.006993231972058,6.209563937236866,6.1458563545842955,6.095452739199001,5.910986123730737,6.308910997112593,6.097139652272066,6.073390555282433,6.23923519452413,6.1947055577238395,5.914383515467246,6.120949135621388,6.387144009818634,6.025893885195256,5.9476268585522964,6.258052047242721,6.164656615455946,5.9643469834824385,6.246401508053144,6.109526463796694,6.056036654015381,6.033570687075454,6.194842679401239,6.067299143423636,5.948686630030471,6.174640398323536,6.164195582171281,6.026509630580742,5.903583604047694,6.495538414319359,5.8317058632274446,6.12182210807999,6.12467329060038,6.296153919746478,5.865464526414869,6.181546704371771,6.205614359726509,5.709940037628012,6.298960675050815,6.079122711022695,5.974696551760036,5.849118796338636,6.335071683128676,5.967439077099163,5.770795859446126,6.263002960135541,6.115795259873072,6.097405735750993,6.0385257795453064,6.3340277618666505,6.164944656242927,6.023391646047433,6.209026477386555,5.9390384163459125,6.037286928196747,6.002043834030627,6.065652581652005,5.915167724092799,6.218509229769309,6.149982431431612,5.8602741704881165,6.028936111976702,6.2234967370828,5.999667810847361,6.059671950389942,6.186845208108424,6.039396181007227,6.071779317607482,6.103962575693925,6.192938904066881,6.081272221257288,5.983228106647728,6.284212106217941,6.12690558090806,5.822367041856049,6.520284516712032,5.776684458255765,6.07987309311827,6.11067389925321,6.039431426127751,5.9297578822573005,5.946535406013328,6.167155607392391,5.953068363070487,5.878291087696947,6.257211610873541,6.002576581835745,5.97556472574671,6.2495881344378,6.207777753025294,6.016138871957858,5.999989242156346,6.310870029975972,5.921834725141523,6.105650660743317,6.022319258103767,6.12591119190057,5.841650773783524,6.297089019616445,5.946139265795548,5.996580663820106,6.0186813824375465,6.042793569316467,5.870541096975404,5.977536093642313,6.226278786112865,5.894387363096078,5.87910156642397,6.193094166268906,6.072782225360473,5.880424183209734,5.967344343860945,6.117948299100001,5.8520707011222814,6.01129739811023,6.022641142656405,6.0007813564439605,5.711647460013625,6.209545385241509,5.9437013273437795,6.025365357995032,5.765656157781678,6.222713694870472,6.049149617900449,5.856867876201867,6.162463827480872,5.864374191810685,5.809288184245426,6.053575204660494,5.849426080385842,6.1548368578155825,5.999156340857346,6.318828273018202,5.886457244505483,6.223662788470587,6.167089466353258,6.057122844407956,6.0218805984159305,5.884797363926965,6.081958039601644,5.731979879339533,6.180557957043251,5.983643243362505,5.7948938077191485,6.133669768919548,6.203711142887673,6.019615963449079,5.930061034262179,6.02424550568064,6.029445820053416,5.837057074507076,6.161166318555673,6.038436052252847,6.087857478708028,5.784578743825353,6.170953837235768,5.966963738103707,5.733049211700754,6.333933083613715,5.910380530655383,5.832881866991517,5.973680894275506,5.943065775384504,6.046303403129181,5.676332625051336,6.495042745818696,5.748604939679302,5.866337754676738,6.235101070453724,6.120496751268705,5.958656161775191,5.960429032643635,6.070579129805167,5.805795913835364,5.944706456512211,6.093119801729916,6.1181389460464315,5.81157332614064,6.018478430410226,6.100803907066584,5.796065968175726,6.165403440048298,6.008888137986262,5.829737676878768,6.026727002759774,5.898290014912683,6.01052752037843,5.87001650586724,6.012947254081565,6.22280521367987,5.738273014326888,6.033772122611602,6.259435815860829,6.19787618448337,5.6836042116582375,5.987677320738633,6.176331693877778,5.886859711011249,6.1215255861481035,6.15053862263759,5.760218228151398,5.933638039728004,6.1140781067808465,5.847828046729165,5.990411263157923,6.073188294221957,5.856935108949739,5.982369351585706,6.123475448687872,5.986908879925807,6.144512895693382,5.893372770895558,6.330803325970969,6.044704726388057,5.752256752451259,6.2418041824301085,5.85505403002103,5.796818233778078,6.059670985837776,5.865051579674083,6.053665005465348,5.622152576595542,6.387889909644923,5.9929067072769,5.83849695180853,6.278757275690635,5.991045392801364,5.880295237153767,6.0527435635526965,6.12878781278928,6.014216524859268,5.964620972921449,6.328623198916515,5.930513604333003,6.163252618958553,6.14990648051103,6.059742746353149,5.977599325229724,5.976040156235297,6.202400021006663,5.9281548008819405,6.012486249258119,6.056768154253562,5.7381707035501766,6.192582158943018,5.950573977579671,6.103056352337201,5.916245684822399,6.042887264539798,5.972415830840665,5.984785981824,5.925424041797715,5.966556959897279,6.218267408907415,6.026448520620662,6.0249839087327315,5.937334224184354,6.02497595672806,5.931894453068573,6.277455839117368,6.014352621485789,5.549096348236,6.482118951429926,5.819273093690473,6.007801224937042,6.112306035657723,6.071662048002083,6.02428689961632,5.95801528756817,6.160628457268079,5.956838326652844,6.070334044148525,6.042227755983669,6.078655034353335,5.983723300149043,6.259656794716915,5.9223205793400595,6.017753370751937,6.0439380001028375,6.339272214074931,5.90574080377817,6.039664288510878,6.184996087302765,5.912810835887987,6.140322490384181,6.065633912434181,6.0964965992172555,5.731261353790757,6.2642176813383905,6.108140204449494,5.87371527229746,6.03265969440341,6.244932652314503,6.112634213318428,5.9181302464505015,6.194358678956827,6.105690381725628,5.927314390589792,6.023698009302218,6.299695513298115,5.793873280137775,6.0966772728165,5.994660964359839,5.98068487500151,5.866349150886136,6.122956992685793,5.921328967859347,5.931503421564896,6.185962814837694,6.0567326740920535,5.906665287812549,6.031231881578764,6.163549669831991,6.062559816141924,6.061688601722319,6.221796340694031,6.0166378224392725,6.0753476386268925,5.998557908435662,6.052823386043309,5.836262628585098,6.100575559784969,6.34355312516292,5.854268484761316,6.160211266775926,6.142181197951237,6.0834640199442696,6.082614593108495,6.059610320329665,5.977665254771709,5.838959045310812,6.048328856130442,6.136407810052235,6.092897958209118,6.008566784014303,6.174060186793407,6.096992380519708,5.927589289744693,6.225987577190002,6.1807062313457335,6.179791626830896,6.179051793118318,6.033486479371785,6.038479204227526,5.861491862436134,6.305110769321523,6.123309227575858,5.854902674754459,6.224679142733416,6.03968011577924,6.098748614986737,6.014440402984618,6.024829568167527,5.919776811202365,6.073146051516135,6.250888157536588,6.079928816904623,6.01075670843323,5.964020716448623,6.20319212337335,6.186211832513411,6.013686389823754,6.2472307305534684,5.9797106644511215,6.061736619522174,6.3021780439217885,5.898335640778142,5.99422657807668,6.228059817453226,6.02514895548423,6.105153417487938,6.054957918276389,5.9588780199487985,6.388953420271478,5.729521574974057,6.177192528446515,6.018548663457234,5.832626528590916,6.243813812285663,6.119452142914136,5.7414019902050475,6.204585510243972,5.9087213613589595,6.447154998381934,5.470905606100953,6.414915415247282,6.134454958488544,5.853507894128558,6.044883432288964,6.066406786739826,6.156931234945854,5.94716635217269,6.1992444339891275,5.967442443271477,6.005816231866677,6.286662557025752,6.207831238259871,5.938159139951069,5.973829387575387,6.043505552013714,5.970753030975659,5.984280363221963,6.311694255669912,5.7389649648964385,6.241635298927625,6.066420956452687,6.041465699573357,5.7436185405155,6.099969868262609,6.018654564917086,5.989475166251261,6.14530367737015,6.0626287715137,5.934173014362651,6.112710405637821,6.0161847295363735,6.131215615918238,5.799083294024069,6.191829996903738,6.072815712740023,5.870424798925717,6.256219257315,6.053204328020413,6.231670899142822,5.699165867070354,6.458883634259305,5.953225995947915,5.983334733893473,6.299961881091198,5.765855378558236,6.076183242996533,5.759785994191962,6.534789412518344,5.755258995642262,5.978828726609546,6.261175170739493,5.941861504216987,6.0048697647452345,5.998507301261026,6.260516535838446,5.809212824453908,6.1982677983244265,5.978090270658332,6.050272003014883,5.804362019598482,6.132399814029535,6.004711335202058,5.85235536843538,6.118583593269189,6.076885622491439,6.1004411194225145,5.739716704686479,6.377734984656176,5.801031214495498,6.062402577449877,6.141528421392044,5.980422851641971,6.120005803306898,5.946887643386919,6.0939538361628856,5.91794307698806,5.698200679272411,6.473347392280898,5.978597416629392,5.859504747490087,6.098060074647268,5.793506369491415,6.169551703681549,5.835023953517276,6.180441360970338,5.982277466555436,5.914339893360931,6.276494250496229,5.889492467393476,6.118838448574145,6.207381595124802,5.9532081528504674,6.1027339442571,6.098837853272755,6.261086169828972,5.952757743944724,5.904921369602281,6.236538931479057,5.846381385078031,6.102573794474203,5.935441055595874,6.1219821051259835,5.860437006702024,6.09259188880523,6.3255662856002655,5.896886402120191,6.105549665888151,6.181775040080151,6.078917507727941,5.842349856644867,6.204112221201261,6.134891964991888,5.900531684011218,6.18027353083094,6.011291451056797,6.186222346772751,5.910732545157272,6.278615485479436,5.889788249482709,6.113178905745347,6.085555672347546,6.084174982955058,5.828949334671097,6.171413444479307,5.950097923924525,6.083681906362374,5.881552625596522,6.387982129504285,6.073168416966995,5.895171860605476,6.389312455405793,6.074726132651169,5.940493780424196,6.39665882681807,6.1288779165347425,5.85988611926635,6.105654436548551,6.211632662167152,6.193313061793645,5.909958638896543,6.138447807331879,6.151470368554194,5.921138146122295,6.147553242345651,6.26760491107901,5.83287856688102,6.151123781402906,6.168413383960724,5.765928247421978,6.196414071669181,6.136927506526312,6.10892692019542,5.69574947421749,6.299013937314353,5.98969865789016,6.12125985537966,5.8583755445977035,6.007615266789992,5.974271130462487,5.780213178942598,6.225770581414302,5.8267446312805,6.166384385426839,5.9573430564999565,6.2571707763274516,5.963766230990489,6.075362533678611,6.088633063634236,5.993511151423056,6.056795376886924,6.085563450356325,6.067814811219771,5.9302418686946226,6.130918943434954,6.264562628318867,6.0017160461843,5.956988621701796,6.110912792434295,5.880128327757119,5.997843797554571,6.108367078651985,5.902762782027322,6.067440203775962,6.017125681837399,6.100390348484118,5.971849137892325,5.914522772630054,6.190384622563918,5.889349420865375,6.069952521820863,6.0002246563633275,6.164338326652845,5.824838940997917,5.945951831837494,6.262257382472357,5.622373315989966,6.163615699758132,5.838500851144391,6.41202508022388,5.793394011904794,6.257299695064624,6.017742699881394,6.041409368862707,6.041075755407412,6.210194502969583,5.834722014367579,6.011344443708657,6.280236304303011,5.882619433452684,5.758638463169334,6.320285600473485,5.896470771034557,5.9148726551731405,6.022610747118789,6.00888867860039,6.075626158465941,5.866892436345417,6.294253395249448,5.806450147976476,6.095199911346038,5.9032759749889365,6.361382256646952,5.84775957688689,6.07124899615844,6.1502200979491075,5.983377001881598,5.8516978005071465,6.490615757604442,5.6320278218885225,6.1958198211093745,6.025400076359509,6.2239154617985095,5.934524114032585,6.008850246866543,6.209186756809553,5.685501919438438,6.252803976585468,5.9010629536708175,6.06241304208835,5.984734613349039,6.213449260344109,5.943473892708617,5.99476539482673,6.030552964409192,6.0355106933911635,6.138560410340626,5.87766960074504,6.294634799857936,5.966004961629708,6.016933726121981,6.073110411067803,6.142055211663246,6.046073342760403,6.262476687481007,6.06786604642868,6.119182425141335,5.846749349733192,6.227405644555887,6.05162078966697,5.9456406475603565,6.165736935039361,5.936445361425477,6.222329713851215,5.914026976078747,6.243909919311604,6.024097259193658,5.962111561795074,6.251803509195646,5.900421000619727,5.995382771690686,6.093077217340469,6.048891303986308,6.002603289236625,5.954600245704253,6.070489310224851,6.079017939170201,6.014616421659786,6.312681956936916,6.008553456415731,6.111597659438848,6.104182783712942,6.11629860808452,6.140336016913255,6.079544425358375,6.140822954376539,6.127359315653641,5.688354723850884,6.2579694237311685,6.042571740200121,6.036459734340508,6.239335043330989,6.105323555767535,5.961610522915919,6.0984987329443285,6.1997965965171655,6.038672125836213,5.97034870331486,6.292336696436008,6.019698098649581,6.023014191885789,6.27752337773641,6.055145715971788,6.150816670556862,5.918792220950126,6.304361648162208,6.044125620474417,6.052867360313733,6.136995870073637,6.035371162345012,6.133227152874071,6.198103397339581,6.008289574434359,5.8602330421408,6.203721066166958,6.152494053592283,5.955802541722852,6.191118015994629,6.077328572471936,5.87951692799727,6.107393203030029,6.178212664326033,6.0322667703032495,6.1830991033216325,6.112808173199494,6.101665648420652,5.9395407300194085,6.042614751805861,6.204749015619358,5.949608689447243,6.203088030119737,6.235752898504337,6.299944609602293,5.938879155516624,6.310270176132522,6.179544202387333,5.781934349884588,6.108828184952338,6.375437028159699,6.025309540232022,6.165006948908171,6.21333358814319,6.082109576215346,6.159182710250219,5.94441634406646,6.383022968967757,5.807534787555534,6.274021484603486,6.234589798649153,6.180868583222231,6.056358313461144,6.17696571742495,6.327711298068366,5.594224247187372,6.55440397222837,6.272345020075639,6.022588852047919,6.2775969872375335,6.060270813604195,6.3145263132949685,5.9039830805361255,6.182525279422601,6.224823590864739,5.972692690243323,6.182631333520016,6.150556757201752,5.950760246713954,6.238829245766004,6.04400451540947,6.0456323443849875,6.158179942121109,5.996198255767424,6.307443755616744,5.908975497633216,6.409327339579663,6.046943722118933,6.078716848989327,6.132458501358826,6.201166745771965,5.952553749581176,6.101916811515887,6.261400176336369,6.069727333684762,6.059343352516492,6.037455769826968,6.142348832339049,6.0467024098833395,5.936024898141621,6.439685974319778,5.9208305775125805,6.141328208794197,6.129959464520216,6.246931096514066,5.803385673314331,6.376928446044526,6.124257531513771,5.897423302382229,6.254338393857081,6.001100506534178,6.200657616754373,6.059080999195576,6.323491828491292,6.118225761999685,6.0018142971893145,6.027311203380425,6.297459901620945,5.929078036894399,6.161550580759842,6.39627747649948,6.124514308174452,6.306927675505481,5.907165184815723,6.260987204809984,5.878120453208683,6.247390266855558,6.2170795786877475,6.171294554968675,5.753434158166247,6.415695552428565,5.826029079755146,6.272794136901697,6.025818267514308,6.197076345582803,6.007478069563707,5.875342658211785,6.214625907540323,5.783042897979416,6.316552793433271,6.274855335255464,6.114631646027168,6.021605470528204,6.0771014662086955,6.12609637995561,6.1468634898960595,6.119394508053859,6.3186319692929604,5.8541823955873635,6.2098408093055095,6.157046266645193,5.953957838167745,6.150365059723456,6.122848683744669,6.121198313732942,6.006704760938882,6.108952170213064,6.284626248677572,5.885330551614362,6.152812536855538,6.318743793716035,5.705428442408638,6.5824985696872105,5.768254802823063,6.320260223199925,5.834969487239915,6.299053722669682,6.340319341768821,5.89074716200431,6.124557172954082,6.289708017458519,5.995157326509554,6.099243352909882,6.183114715864261,6.174759160031876,5.9917672765751675,6.03688780342539,6.194890497326851,5.996397139628727,6.139098332871994,6.171471363802751,5.937750875999529,6.042719125946362,6.04556210964918,6.3496559696396195,5.867431748112041,6.199883468200763,6.1574607523282365,5.98299487536152,6.109810341050228,6.314026944537959,5.950400113215047,6.046184304555257,6.309280890127025,6.0971958191196105,6.031853599598009,6.030829666008551,6.174530343015989,5.961667039742071,6.149462808867296,6.114263953914244,6.2270507684846725,6.047140483309825,6.112042262901862,6.051588085790476,6.114982477327188,6.1782847410440445,6.078249821712572,6.106023720949889,6.12705214669307,6.2110346039136255,6.149460734277963,6.162473696817954,6.079847529232502,6.297221245517335,6.121017888387045,6.034303771605093,6.245845198978982,5.903437137206395,6.352478331377109,6.2362212589879835,6.134937161505222,5.978783660133679,6.329578609367212,6.09726763462027,6.1336543380220725,6.004632085313399,6.25737789168954,6.059887381990751,6.057935411979754,6.099068557669718,6.041067947347958,5.901954530080158,6.0346053532262625,6.198610545247793,6.06150849883755,6.308056662579378,6.203801696499189,5.772997221450009,6.2881245378156505,6.099883150209982,6.0578857380648445,6.289089424510799,6.153332043339809,6.057137616028387,6.186266758044561,5.945446815540392,6.287864767958722,5.821947014480827,6.29652504687508,6.20834689890345,5.960415386358895,5.881554151972133,6.303838080813489,5.945849839796621,6.263857662280402,6.1342028077443445,6.168101495405039,5.9345446038742855,6.107239693154892,6.32899426718553,6.03437347104152,5.957363726099332,6.45983137269815,5.81802947938442,6.160300798912842,5.941322580178577,6.257347115327916,6.280952315181493,5.793505655626453,6.219703359901905,5.974861438324053,5.955612594534951,6.292836969693504,6.036046250015497,6.092126459678013,6.2010156655808295,6.304754246373972,6.166650617023309,5.897257757782935,6.330488640268645,5.88750829507907,5.923680879523355,6.483600897391638,6.004257740130026,6.0286388417581716,6.281718598206838,6.188847360511621,5.924204438527423,6.355799121608339,6.041019313981135,6.1277937905987105,6.045699700166781,5.932973246773083,6.304109563728174,5.682047006686526,6.236570112903913,6.045375157495339,6.196624366988739,6.076578007688124,6.206524183799823,5.9377623066802805,5.9639359848697975,6.220094515283903,5.907240023364621,6.077049310406048,5.834004135032492,6.322823216964801,5.813730088323353,6.158774968733391,6.093678340365489,5.9234426327049725,6.087617570509512,5.717858391106127,6.195186958660682,5.970704311778146,6.156651526441177,6.217007442613442,5.899245482285817,6.11779024084409,6.103092511345942,5.968834080894787,6.127563530554374,6.089534206887087,6.238960554649433,5.949300884803136,5.992479653855163,6.305781727333864,5.864134283711511,6.05503042568763,6.147982006718715,6.137576512446007,5.817775997966526,6.262627271165451,6.049796450783808,5.834272469331819,6.220172492762407,6.078685869177182,6.104473137607176,6.133292593409618,6.2695718618234,5.83166885981957,6.21193254729112,6.147088185151419,6.290610331892968,5.874676328798134,6.193798756202062,6.158956497510274,5.819778347363073,5.995342297752697,6.02127026622494,6.14282937084635,5.958172755589087,6.222351790865263,6.050014561861754,5.877625149836141,6.121805490007002,6.210427267452081,5.976800289352733,5.993824137796958,6.013456084877252,6.112595527172089,6.050812440713246,6.085906103899081,6.127035522808631,5.933482503642637,6.128483321567376,6.288207445492349,5.886808027625083,5.980016440451144,6.1404038601120305,6.118022073258957,6.085497279067832,5.940928982098897,6.296709632178148,5.720721284051733
