8.88088938077292,8.742973972161623,9.198753299911829,8.787634965380045,8.903744325240465,8.552054523428291,8.55003990908465,7.3337894298633,8.341624415715543,8.097547403176636,8.668909194072098,8.377271318634362,8.51190101881823,9.323727463682506,8.910631337960574,9.317287484606119,8.638705485661836,9.569590580662103,8.855616156657547,9.306109149058674,9.137400162418695,8.711870408852906,9.319665268858287,8.69528805633387,9.503271111448619,8.312385530074447,9.10296629091105,8.294352221091598,9.455374207695339,8.222456945379585,9.252674778302524,8.73852545519671,9.241260572870585,8.96161991794905,8.608977595766397,9.737741323312136,8.120716279347747,8.638715406954299,9.163281615575167,8.309257559974998,9.090477238496158,8.410079616506906,8.884472717841476,8.73649169524512,9.30476539929709,8.681516562302921,8.156777467330306,9.409066738684984,8.22783882101378,8.855571342309327,8.806833071907372,8.449482355912538,9.26867688139281,8.799824005564066,8.52533121963343,9.364867708285663,7.857899573047963,9.039989038904523,8.882301605542512,8.996357636054368,9.005724063118311,9.298399918874118,8.742528895338388,8.222218123873086,9.417005007465693,8.688447616895052,8.684902458985656,9.441724941929195,8.252634212573378,9.801536143024778,8.238123772343009,9.083293721874568,8.797415958245606,8.35633094569048,9.814585615595197,8.095271418889372,9.224896495540952,8.968868926366182,8.45563171764216,9.690451851685857,8.218400373061508,9.11702905793986,9.194532162745809,8.085212986171255,9.830859289964055,7.9505329759915755,9.327389617164943,8.85295824011168,8.82229719956717,9.393993720014905,7.772829001148549,9.734434011777257,8.546264226635309,8.851503046453011,9.258115623792024,8.617982728679985,9.277801884015414,8.881381074984882,9.252250359257076,9.219610441525791,8.98998136242232,9.160942877729747,8.849376411636683,9.114897564252228,8.728793387015674,9.575033114155147,8.753686732848497,8.737046908338876,9.079535649617524,8.879243861635537,9.111852074464174,9.253110063274715,8.922938859065386,8.631208418806404,9.197845428784701,9.361434666713093,7.960851320226997,9.8096496119102,8.533759798010202,9.154918527205798,9.180484593113276,8.857748970588059,9.441786176164959,8.548052097161621,9.167624892195077,9.568469432791089,8.157795934875814,9.625865901311252,8.297986738284441,9.173940519889207,9.589158147176121,7.953524922331183,9.78850478669009,8.171758863627918,8.932780186136574,10.097197573979711,7.802145615418761,9.711649012168262,8.585873368581147,9.037553761204096,9.016906659801814,8.711581633885713,9.27796165843806,8.206178275545447,9.206129487951609,8.847668073376031,8.527705430090437,9.394417811830852,8.895340332587573,8.170359408557424,9.178222916920994,8.714356982310624,8.604299622972817,9.629750921428219,7.9855347063144135,9.36696636994681,8.644518692294767,8.201083864867696,8.95761582096419,8.122710460027067,9.168333671291682,8.855602769553673,8.496966119011255,9.315240708291544,8.82461039086184,8.845479690134537,8.726113124092432,8.88968831797442,8.500041777193557,9.148958873351427,8.530185798605293,9.260118687947605,8.186038436492293,9.346609448989245,8.723662656744331,8.981665527423235,8.965645177563044,7.727092890342085,9.819527903993938,8.271000684698432,8.84037617882094,9.14789635976157,7.855981197555868,9.850415739615773,8.02936194260916,9.291313096483561,8.603946846326204,8.724833687742562,9.184149996240945,8.093692102134236,9.379335766037318,8.60517171462378,8.150941422879704,9.390544377168034,8.903446126182885,9.065838832457873,8.553947704037043,8.907880197962136,9.121777681310983,8.811231955488534,8.74039427727462,8.959662507971139,8.806248442729325,8.464529853661865,9.209537254770611,8.66874704261622,8.882827686866134,8.944339685042712,9.072968774040552,9.05920329888663,8.084833373626081,9.603972714145993,8.692748251756043,9.150972569187495,8.976659328540178,8.472386794288964,9.814384684165335,8.069808176954597,9.506854747732493,8.88297765572867,8.161547453006119,9.617204967339848,7.975461882054815,9.49079381903014,8.784966459472985,8.331524688303482,9.831019616921758,8.50175375243029,8.877247994740816,8.634706948598238,9.00771374722323,9.17178100963435,8.51907898992301,9.143418830831859,9.086491738160465,8.770396902163833,8.750090210636468,8.682144839962334,9.263507186969134,8.245916602214187,9.290220115979524,8.747108822663638,8.059156320393093,9.986841997106886,8.01893078068893,8.489574194848547,9.330862474640224,8.16510438700518,9.240610253413532,8.9224561961492,8.774889725645396,8.984034476478906,8.251203396121669,8.979041121800753,8.657337820132584,8.92959983011088,8.538501783907424,9.09037196238837,8.85779133041701,8.557174475391717,8.53319442709288,9.092598208983752,9.016175466378542,8.74088222583136,9.031653447945923,8.051418159802765,9.413728661735865,8.086873203814038,9.141744777758928,9.087149349053712,7.788464729984608,9.285079970061792,8.121508929928153,9.07014768679938,9.059081379969928,7.986193749507278,8.598386123379083,8.511851805051178,9.27263897975287,7.771343475381543,8.028674173653133,9.19705278784038,7.619358421464768,8.693736829956384,9.08027176588775,8.057471534907826,8.34469923287631,8.647957600553843,8.522119764486959,8.479699513514847,7.978001013596861,8.82551661103965,8.162805012663213,8.800644716322433,8.328189342916023,8.79146843522788,8.119485429128023,8.598079940875381,8.533610995610566,8.546237418850273,7.996519285142431,8.591542864243202,8.279094332257916,8.812160195310923,8.207173753082763,7.980341870486743,8.769735880891494,8.279942728479712,8.490067667563768,7.805892157256612,8.949944021999846,8.13347706814608,8.644637852708508,7.9503487542271705,9.259051646292223,7.437108269631869,8.522459507783264,8.60375377794108,8.158676896393308,8.538055937091519,8.178187234600394,8.57412001212439,8.152508899271497,8.311654164592435,8.348025073111067,8.159867021242787,7.844646343787519,8.8431421378255,8.113309302032002,7.9988048674663,8.891380217373383,7.902967939575521,8.402167328198761,8.170021440585463,8.772100464900348,8.31271602064372,7.584928479095306,8.972357889612528,8.724548585216215,6.967718582848712,8.657610700329156,8.729774532516808,7.701686079303432,8.674076988101016,8.016485247910031,8.392878432472557,8.422754743893954,7.845075117051608,8.918464738527947,7.918031728665041,8.370369149843862,8.594637672007096,8.18944345384837,8.361558289726586,8.328142341077339,8.682854189475387,7.728016302386927,8.85356532772383,7.897194671034823,8.526291722456623,8.11222009142241,8.514051616986603,8.221619270642607,7.954844872156789,8.501650432546946,8.205746400554986,8.646169571479176,7.892915504177421,8.68379611869654,7.695520284374564,8.467634665171316,7.802673346201588,8.751139609416336,7.928327728708594,8.500594615737608,7.719673702418811,8.7401232024034,7.452029959857467,8.726332636773598,8.326854192813247,7.7750006660819135,9.049435149033876,7.475426404178148,7.71156887133917,9.329809080561015,7.396070282061903,8.527949562966832,7.395800729592646,8.817283090551706,7.343276587327328,8.514143680036078,8.199045021732658,7.522364282210675,8.253207304676385,7.686897457540042,8.161930014789114,7.588236336509392,7.630701738893992,8.17779023975135,7.486056920687363,7.917795003950605,7.457473383943247,7.222056484619782,7.508532744348057,7.2865773244698895,7.476054938634244,6.916599846879645,7.401019689738757,6.703584612607959,6.5301878629128165,7.305388429959622,6.399654898643494,6.9074507628878,5.98825367083152,6.721107295552892,6.298967662354312,6.034890116155148,6.484486133456233,6.021870659987129,6.137035449445249,6.269157920976482,6.6246796665589045,5.279864655335739,5.905341184635956,5.573978211383021,5.708402407964069,5.480935179789858,5.524152926504609,5.84618868947029,5.148612864017481,5.949649513264497,6.1226165521144855,4.844784379601474,5.933206410209334,5.5933281951149265,5.260186142325396,5.720666761298971,4.660209346612288,6.128913461963337,5.408099587361014,5.213925959169859,6.367623366316161,4.511113320787743,5.9610591065883645,5.188690973520272,4.991287941336626,5.6811852512756955,4.908696059187247,5.865903061529,4.238587606648601,5.469760350286956,5.257055955131844,4.635697860320405,5.555468464096386,5.2911921960115365,4.792527219752466,5.484514170289036,4.694824855426942,5.356108358105018,4.688188105523581,4.486114429136114,5.706096098423003,5.046149791379764,5.067231856087837,5.712123916248478,4.629074104328946,5.365845656891661,5.190733870466544,5.509819363752997,4.025937295556065,4.952930485308165,5.912088751792907,4.194432723621523,5.215674271980917,5.319390664398664,4.723890386521812,4.998569659590716,5.477566414872801,5.285821527143314,4.760762537022426,5.221289407412206,5.641559581756587,4.1665194422006575,5.209923039476072,5.356430447598294,4.6174531364440865,5.1354851715763346,5.142175043821329,5.140971912443632,5.11095890283584,4.647578221360838,5.212151397069289,4.698868913352485,4.290624163349466,5.4152808748682295,4.288073409299051,4.694748930633063,4.741909287075196,4.451283814609047,5.079536872108771,4.4240494253238,4.965445897579188,4.5641160831848735,4.683907183110709,5.286530913114541,4.141024051606652,4.86777512878179,4.380601565837857,4.907582308252647,4.823263785441711,4.656121957004066,4.729431257148579,4.999735636810456,4.543171433210368,4.851597079038614,4.87464371691147,4.4603057001034365,4.966998503804202,4.88780075470606,5.019458725551758,5.024668506979938,4.571813135544453,5.066383286217843,4.763654928207391,5.508062732716398,4.71160688390334,4.487350759208198,4.993344291349246,4.777191507816309,4.66554330070813,5.145163853367165,4.467181534171099,4.778264166514074,4.926156185964737,4.6014505556225735,5.348208885689571,4.041211592654383,5.324506794214243,4.456667302350199,4.620751647551849,4.93461767216523,4.591119471391036,5.093438570499415,4.750552809337768,4.613728939195469,4.640300535162285,4.753500344057871,4.91129726548989,4.769074114759756,4.100056553383665,4.933280206422005,5.0212514093518195,4.9277802133560105,4.827964666187757,4.724778183400625,5.088689262270921,4.87001288791497,4.90565051009257,5.392949992418282,4.872042038341357,4.909894764721387,5.806591021716594,5.209335688849284,5.330833334227399,5.635584611197309,4.909856856962038,5.043373769223683,5.075038283566626,5.507522661487257,4.492317742904022,5.233036633829269,5.053794320523732,5.196193614502741,4.966381268302594,5.3067244124412465,4.698288880189255,5.569850469032918,4.888568847080066,4.987088196376952,5.15081475545962,4.940223867396507,5.121042565306022,5.148702003757152,4.861021441221231,4.817082109848651,5.310572479267909,4.769338614940637,4.89662216583887,4.983191992044443,4.47714754511912,5.215784293413156,4.668941872815284,4.963758630752558,4.301404097576929,5.34252524296442,4.775463833709551,4.912930579880867,4.934546418090655,4.901903706391646,5.05934737612803,4.535903525451815,5.2846751718719736,4.478767116765176,5.322298046549156,4.640492485761637,5.063290045261376,4.327425763010974,5.338953046997383,4.756929926077518,4.971980704267813,4.681254145403698,5.146032424767806,4.797930761774374,4.960682152807706,5.207479074696693,4.4548127156496,5.189165668487541,4.165679315527276,5.146155388454588,4.772444587449228,4.205963485737637,5.6255319940050414,3.7022964371244083,5.585985966722166,4.3355558490753126,4.8045331179102195,4.695326157112912,4.5337392558654095,5.150630626777801,4.576726876397922,4.7032923530538815,4.730704120794925,4.5865853390097575,4.630201856891308,4.8885188817977845,4.734167563915246,4.763538704216475,4.581647048592561,4.9029817088444965,4.299145565330978,5.248456466595326,4.771931200623506,4.957194749712938,4.596970742940896,5.123185993432992,4.878678411742045,4.783948067526017,4.887910060485197,4.433911208907758,4.62205157677332,4.794613810479635,4.306450032492474,5.317518914043898,4.026536884705222,5.129628394544117,4.188107190529502,4.837985231578344,4.683286622067288,4.638734205166493,4.792297048767403,4.30148930728435,4.738662899732585,4.564688659409676,4.668808867136633,4.7332679660121535,4.521266852219894,4.4911493448416335,4.91021530747413,4.610827487607793,4.62652510106563,4.658760429422056,4.654568527440222,4.630248996317381,4.670792795419688,4.62535859793424,4.368693860371903,4.4902625959118145,4.7982966709136905,4.654720275402064,4.3317884644865945,4.761817400654151,4.398411797583098,4.61461488227049,4.14112373501062,4.710162707368527,4.641476267675554,3.8818713017304702,5.137434684634203,4.168179616828755,4.746563274065648,4.194655822714165,4.749791432619088,4.286828640898064,4.497580490509662,4.793241046468411,4.023863315284248,4.608343663215631,4.4826250747839556,4.349631400704379,4.384597289065516,4.204456643958882,5.060951520601902,3.805580541491505,4.846848032077147,4.392922226289902,4.214831315676368,4.639217758079365,4.061731108526385,4.539361340900257,4.19191771348317,4.41730276048183,4.801860951383903,4.15960026512543,4.527599010169501,4.589952750901376,4.0305376843611365,4.586236964662864,4.660049463113142,4.265852343738074,4.132857232789195,4.871909788747622,4.100297520558036,4.663714794516558,4.445794605910774,4.353827734092866,4.521575467586512,4.215624154210087,4.586754935284451,4.408400533397989,4.21600270102421,4.564057577451066,4.261446219980712,4.561353249549862,4.429376959701374,4.616593242188291,4.209050462941324,4.47529849181572,4.301084894537921,4.3367345168193125,4.284857541124023,4.283253324329848,4.432229519089059,4.520129238367076,4.2837692242860745,4.663149287700649,4.413457280496751,4.175327678223447,4.67207274883985,4.535421116352076,3.9638630343476904,4.713133375744018,4.908759590983385,4.687425722976519,4.136647081077095,4.805986032883322,4.4886993935704185,4.773349609971042,5.140443931917343,4.725214026768996,5.062802487711105,4.314973587890463,5.047950958609575,4.3975816314419065,4.716569119592502,4.496515317062532,4.439324214458461,4.874164702395592,4.137213242153323,5.065027898450685,4.1163519452015525,4.314925077060853,4.720720539987082,4.290092476904388,4.873430214524263,4.0896623588601715,4.623005606730774,4.111400014956788,4.69960566580295,4.5041010067860245,3.8090759527683224,4.902035197516276,4.112999822298681,4.734030913710589,4.230050258735813,4.27180320491393,4.734859727720414,3.6949961255987454,4.7780402821302355,4.273692045112448,4.179854539732136,4.763298180401319,4.20350267042716,4.584549251198764,4.262591710487998,4.444979226986561,4.255697007874644,4.502572430570915,4.911319086651,4.657420174380139,3.682055336634315,5.139646052618815,4.039471435248848,5.184777024388308,4.0584582019845605,4.781321389377111,4.482603883941964,3.580717579027015,5.410560326278205,3.5730214881896956,4.880886459449922,4.194106329878168,4.258438845773533,4.690119862457111,3.3282206878066045,5.284892104268068,4.2239003798365555,4.235563570459679,4.639010220964744,3.906572304268675,4.460092594424879,3.9864693250258734,4.824593657851213,4.5962971899906755,4.399123340050373,4.85880297472079,4.633388805786763,4.634137446284289,4.778562762041881,4.748431797027582,4.188837903141972,4.650712006092067,4.639846385717386,4.392281874120232,4.918962879776948,5.322194903989629,5.244429757992422,5.272669543226555,5.290571686327454,5.877099673748014,5.124650238951041,6.1301858883102724,6.2220098070303616,5.414786949952438,5.727758973042167,5.670137256284551,5.2359100512663455,5.354127227067943,5.065668111940218,5.258255501190815,4.669142882823937,4.732149054010703,5.133573658168309,4.641486935118828,4.914084136784069,4.921483812729511,5.0001325474182705,4.32097140183051,4.807897081176434,4.997788432240481,4.701357774833832,5.106608912646765,5.38138184835513,4.72356349140405,5.628500120043751,5.264377103050545,5.392074868579702,4.9980302171905775,5.569623364408807,6.129089354972044,4.291785014470414,6.143616443375747,4.408126809994375,5.972095930178959,4.601028126478189,5.4087751957774115,5.748342395623523,4.424399242103095,6.273183734913669,4.382461321850613,5.3200988492369605,4.905504719316953,5.287275828023747,5.368409867982065,4.2168128519256864,5.560743818084395,4.788907692134376,5.078180551032218,5.350131435592966,4.974400736391537,5.185242435435448,5.415753799875573,5.11867212712764,5.580911378463107,4.776901226739082,5.416618359486258,5.354616806010398,4.746383728981012,5.600893701910968,5.04495175957679,5.070587404072278,5.219167054494217,4.959075825115039,5.08015891571839,4.897713225583229,5.549486828347044,4.5639390576879135,4.971736427744224,4.928495270510507,4.9066213146845445,4.73818025718132,4.670022573570406,5.362100386023517,5.009925317366911,4.537509507536883,5.285757378935807,4.803361576100185,5.0008463204900355,5.133704319298261,4.662710328797493,5.173184202512099,4.722783209681506,5.449405911167458,4.707928623656426,4.463130439519877,5.32075186759233,4.094977616369722,4.9045891354481315,4.495284968515231,5.018038234213982,4.657309572796021,4.473581647276874,4.402899407347038,4.463574331303432,4.712813306450838,4.636243946651612,4.671289528310294,4.5489261643091785,4.526994307438528,4.7262861624360015,4.09732875148455,5.0380774840712474,4.631894039412336,4.383247419099008,4.871752088169251,4.677240395148589,4.7909538871049815,4.343257090747352,4.518807514309877,5.116618792911365,4.177028233309582,5.191963552137211,4.628825619121386,4.632664579451079,4.9801944958170195,4.720062199334297,5.161649624307946,4.243399203220998,4.943575816253815,5.070034705797824,4.225702741642789,4.902429371674849,5.0493022509415875,4.422323602835331,4.558924635549381,4.656302194794014,4.811258893609041,4.240430920819438,4.893908303479346,4.446395071844257,4.6102564638853,4.724052677551901,4.556568133036289,4.520540778438247,4.118840903937812,5.109571900963777,4.728404019375637,4.476269396146133,4.667174642284706,4.938656041820837,3.8700016036629648,4.857358483771478,4.516311848461623,4.215394857525822,4.723247739374631,4.583822825253005,4.870693741142743,4.066476218601065,4.769901242057476,4.328840309679503,4.384290381968017,4.345346454779302,4.73911658674478,4.4096342332164395,4.4237285314997,5.096926144957536,4.223531016012029,4.993124352494869,4.715769327779605,5.084782668848826,4.2468348622322045,4.712837072511508,4.649140898684655,4.244421947697795,4.946531695326163,4.419661970138547,4.945188567141685,4.4716354288657465,4.55151576350132,4.8714010909199645,4.338067525823907,4.748445986906681,4.531331712702905,4.611739952166869,4.09733794212341,4.826869067748382,4.383740274210766,4.417401170333222,4.609494318564726,4.950383052229876,4.2851940049727695,4.535578099489207,4.889181396067135,4.092680873572823,5.034188562532259,4.237312620282168,5.076193773746483,3.6386725634336456,5.147239199181391,4.444275952776268,4.39349642515182,4.489624356826142,5.0047116730610455,4.095053496062752,4.854657955865058,4.8129590446750266,4.647690110107257,4.252087310552594,4.8872910819450945,4.731236165463917,4.16057625909646,4.858896099229647,4.639880117177957,5.0635420752565,3.7511200183629967,5.366873864233489,4.477049885988231,4.5093430819114,4.716875639061128,4.555255889197185,4.620800247192379,4.5416741580764395,4.89011925965547,3.8932721144954328,4.5767728388309425,4.92005167037248,4.2256773415207824,4.418030896882212,4.739922718902423,4.817772863606607,4.089213505486642,5.0404925515254275,4.708923679689559,4.704690155784284,4.335959340333934,5.192480214436842,4.860813789566351,4.192316018144286,5.3498032855987505,4.2807689360777506,4.888679330547644,4.566792910794412,4.951705732941621,4.45696488698323,4.487649283409113,5.124381158053868,4.648481716811653,4.5843775885303755,4.494545110066727,5.023915258546663,4.210297257701551,4.720895713468387,4.6811492940783435,4.29965268095334,4.587693440417443,4.661607214013729,4.709417642255619,4.282678027451034,5.1027180515726345,4.196382754643753,4.9224729006489065,4.348630954126511,5.659220518370468,3.6464112547039953,4.866966292162732,4.346115004320933,4.958654698133462,4.205275242626663,4.7853093505899045,4.650841348866616,4.387413847446436,4.904460069735839,4.690965137680366,4.654895400504266,4.509202488164102,4.972042900025838,5.231410534878566,4.275704070528343,6.075322516163189,4.665322237014766,5.9409288160999605,4.243955451250073,6.220231551130613,4.19205754379431,5.3504791623353904,5.034464610119654,5.399514787594472,4.83682950854301,5.309255296488597,5.364437151948607,4.6091801072160345,5.34410538355509,5.100325428247444,4.86116631517807,4.678500062525266,5.406193053424354,4.847495951553178,4.188385636905824,5.3186640957991225,4.719819026887411,4.308894024093942,5.05545863737662,5.039429380893701,4.7921795540054575,4.036950538456438,5.1344155191381695,4.542946687638754,4.343836502929523,5.185712715784702,4.626416541437301,4.558078026473519,5.071270706554247,4.684436621566608,4.947816075682635,4.257224657038844,4.813358261485887,4.790693340003485,4.3208101919293345,4.891662300229068,5.374193594257032,4.394888381163275,5.054979582230243,4.508901200592512,5.188085483511283,4.080958923498787,5.2597507404287605,4.349787905712919,4.964999784032498,4.710133497913673,4.915685892601801,4.222991184393561,4.765479807953034,5.505626919666923,4.101237681309378,5.021371284027888,4.427695302863912,5.092285189032549,3.999727059602735,4.94688957611719,4.256542866528029,4.6330191419521904,4.52521120289961,4.935267797211799,4.706801122228298,4.526466092566645,4.9846787440776765,4.394343258738513,4.390537870029603,4.801847242613627,4.350160276492432,4.724868695338562,4.532495182454581,4.824568658967807,4.490649078090981,4.539902285536124,5.047889887591196,3.9829781796534824,4.466752666731671,4.513925715883568,4.697811208566025,4.165784119069572,4.573564459284142,4.98993786076704,4.11824249744415,4.902641479472314,4.805946388244624,4.765229899287217,4.780011827846363,4.524166374305879,4.627547803719833,4.6921407192945415,4.527539312044775,5.010142278373235,4.452532184123988,4.421687411069865,4.915609383086356,4.687262939016019,4.499497729241842,4.717078173160547,4.689282059570147,4.365754729310667,4.757099938889339,4.551460226476187,4.220132413903867,4.75679514229297,4.449273219803964,4.892015469074242,4.256896331806974,5.04432473967472,4.399030240972832,4.8173737509051895,4.138374720811839,4.880941226383045,4.70814247965812,4.160432144502795,5.153242210646463,4.320147811174387,4.732151014506812,4.643524057467771,5.290719363590076,3.8829551332195558,4.940195181866482,4.879978573620312,4.6723291459679555,4.524746319353576,4.681466563045972,5.195998250941431,5.0369034979740706,4.877531469861661,4.946765694419536,4.612585256000355,4.912595628301295,5.333246902028714,4.222900302807486,5.045564325153821,4.758348549803091,4.944675673246377,4.55236493547757,4.542350858549271,4.939888136585547,4.251645055810605,4.7342407180865544,4.198892093102134,5.094758288363608,4.325223133365309,4.907249239285781,4.572479549845055,4.2114545941352795,5.083099938134346,4.3787617858250885,4.771311638752613,4.735385020275906,4.419657800396278,4.813577087024842,4.303179132044311,5.41108840624491,3.846734441220757,5.015109809835746,4.438792438606416,4.8812724312146445,4.044498494168119,4.832213228742276,4.75806860506534,4.480462612609063,4.699255769252771,4.458427118559674,4.736883614361281,3.9149454430739046,5.282509693503374,4.454580258230363,4.687445757587746,4.464042696356768,4.518119604289527,4.668298546771203,4.144986114005244,5.296541574299329,3.6090852443377166,4.791704013943667,4.597200751304621,4.664792221387222,4.7802598522106745,4.322106262048082,4.86087898910045,4.366355706850683,4.241000560522076,4.88290654510259,4.333246742884314,4.806053116619581,4.267932675480838,4.879282378057632,4.164560219546156,4.26630483547846,5.379665998419121,3.8251236826181376,4.757232784231498,4.989763403137519,3.9124484499295527,4.6618432959914164,3.994454061190285,5.366171901921426,3.9474597946802743,4.524164981544013,4.74936381032069,4.45947946985562,4.160997470617292,4.630326803127917,4.847152569989358,3.889628793001173,4.968665028115107,4.618560157020881,4.204547525346275,4.589765247901275,4.8205498205621975,4.4613769246141075,4.647609243293598,4.748690187831714,4.178925484518206,4.439769102235631,4.697976952791208,4.398075746297831,4.637399624089395,4.406736366649464,4.607584785620366,4.357380107839898,4.263572814961271,4.97262234926223,4.378787397444245,4.322165011266863,4.614349958995973,4.584066494107241,4.3321895553668295,4.263783281842863,4.823098856508727,3.928735544880228,4.5738693639636,4.72122448374827,4.3474697743852895,4.766358131070925,4.3642201951146085,4.974963076015306,3.6230134697755147,5.146781068146222,4.3578275391459425,4.623627012272671,4.591309818128741,4.7004521441459595,4.592069072027997,4.2248403604825295,4.813395542601738,4.681341988543664,4.18511776377757,4.611570279796913,4.623768535256381,4.5447699383894555,4.429653002917762,4.358553594549494,4.660209064483637,4.020557712117828,5.252145877778523,4.104389562805489,5.124389742811514,4.022348594268159,5.746831871271129,5.06438613533973,4.880035875042274,5.968149525920548,5.3616496707002295,6.1157663679122924,5.436682995657123,5.901849475999674,4.903702990909411,5.571309690177438,5.2202471078435515,4.8858574346701245,4.896777348021661,4.724277404348049,4.990472376346582,4.683660070995485,4.8378358099857905,5.09215122242768,4.169384003281589,5.363933979074155,4.245493209163343,5.292544569174444,3.7271653544902765,5.559975205659862,3.9680535588661803,4.931620989044501,4.482078571915621,4.489619914094601,4.298919149339196,4.579482850333048,5.3106728931268,4.3667778933048185,4.488694016933436,4.791485903958473,4.422272902329759,4.314406209190682,4.634871451656019,4.672757095595194,4.37148558348417,4.114207748572027,4.750514384508126,4.451740738650158,4.036594699819879,4.746334184805547,3.9462678218881257,4.833387420276796,4.313565881748989,4.843809006810182,3.9773732021450963,4.52394435157378,4.790951265394682,4.00569726169109,4.468306206266081,4.395481288135046,4.680847655038034,4.3734182488918245,4.122977586587266,4.912032144268347,3.9618361629048953,4.825993172427012,4.448185316125548,4.440525281925991,4.295243286589778,4.73323606093724,4.495901738603904,4.3303833813468575,4.293578097919617,4.68896022488673,3.8464736485481232,4.803249409099414,4.676613138616079,4.093536661763983,4.461897893150642,4.301664131581779,4.665755573312436,3.907326288918651,4.9218239308396905,4.185347412625945,4.695140276849266,4.2894812912742255,4.612699577609692,4.490736784934993,4.4392836123704855,4.560107476711269,4.41178015818198,4.347962746024129,4.439943965176735,4.502343179782226,4.060731080174442,4.573979436457152,4.682776166399314,4.359451321860149,4.3683868812521265,4.384283005992566,4.748941900531445,3.946925111412998,4.750312329828734,4.1182318286100985,4.570731326142941,4.239117591281727,4.896735169788195,4.3683676436543415,4.1683501405517225,5.061815209190043,4.51215010285377,4.733597889343891,4.212199740509189,5.08528032888968,4.252927305400369,4.656169420778745,4.829375734031194,4.245199823776876,4.404806978106495,4.996409036119773,4.4132468386491075,4.501178815662857,5.219140877425665,4.356571857929227,4.796882546444728,4.755842358370617,5.163627522091065,4.936972435911489,4.823617933392519,5.785906777183214,5.839416321615377,5.738728341360886,5.923163867592811,5.79608625213305,5.8293254499634095,5.077727933724714,6.118228559195996,4.683890368640417,5.082000675400092,5.170902164181066,4.9570248517394,4.934254793127373,4.785226473112894,5.256991583903625,4.581539282103374,5.132427076598003,4.615680256684616,4.739492063919697,4.6247277547915715,4.678924956520392,4.747330000201854,4.431348001162207,5.016242444614562,4.618516300121937,4.72036146461963,4.954672724405919,4.891520875195655,4.668289581934606,4.105173683762547,5.5087451655666,4.5878283567229845,5.003398042917245,4.54701153248548,4.905325534939759,4.361871098875995,5.061204049090537,5.0941568710406555,4.414283821483448,4.395000437895453,5.241812413930888,4.517540015578264,4.6868420266111634,4.492238275706763,4.673057972788804,4.373409232000505,4.992468266387775,4.720063045720253,4.673331103622909,4.629871511757368,4.88160373826821,4.805168525973951,4.24916582802931,5.200318526625628,4.464941198925172,4.603958350022629,4.968839026093477,4.562696828941498,4.778751640816524,4.089874723851677,5.3274680651227575,4.527287442882851,4.644220995306963,4.400618141690885,5.175248267054551,4.26640784958998,5.081630017956091,4.567132311761373,4.858728827337418,4.122909505863981,5.05717835903167,4.459405830303823,4.34912013282378,4.842592044870053,4.603610702951744,4.524547368983423,4.145376083056127,4.844316988090669,4.806164844433461,4.022041850686069,5.188051290412737,4.284253754417097,4.702191231846805,4.347944500346972,5.070678982138628,4.257383336226139,4.437089678744472,5.168591339091453,4.347102272411185,4.6749463938673275,4.138246428271131,4.878729642530276,3.8081031426787355,4.980670048197104,4.348241256376102,4.5279582094152735,4.304670044581091,4.8447093403339325,4.4187415215372985,4.163234004179632,5.003180142740402,4.208614368438717,4.744485076268509,4.513825165728722,4.673872698446109,3.979006733894345,4.680524891614909,4.901026392877094,4.00479320645332,5.139043395817274,4.5151995061834596,4.310952097376182,4.228875005145864,4.7265254403154,4.637871695061519,4.443548980355259,4.669124220311636,4.214340737362699,4.735153477787966,4.094209178189432,4.960766551593934,4.0915322811404815,4.6602997816602345,4.458638945420578,6.908389723598962,8.679016056358824,6.756667929490411,7.2664999512831425,5.589653990666068,5.415179141461846,5.088578120072675,5.332565503617122,4.605226217110945,5.108638318379714,5.067183236877116,4.9264312077561945,4.621578268607451,5.519300914804137,4.679941523373122,4.707313444217039,4.631771999200179,5.134617464939746,5.054198573430374,4.465971330900981,5.081957456866894,4.6488480291763885,4.987705289125436,4.780209566553427,4.889458509981625,4.453418208758031,5.252141431967411,4.747928964396311,4.585653018454706,4.66972449233134,4.909436858793092,4.136284787456192,5.012526223460826,4.426143588523066,4.999152790109309,3.999810148974257,4.811001831193758,4.979010733962053,4.117117599745587,5.13531348317861,4.386045374770953,4.286962964634097,4.609284082651131,4.800792983273661,4.564013104140752,4.078874923984207,4.974504748980197,4.804177883962786,4.752954193154964,4.601827520330741,5.039363970557842,4.681229682664069,4.462614033321536,5.258501002788538,4.536021442512667,4.0801784000794035,5.2651731496055865,4.207021720806752,4.852195203701649,4.886048355996602,4.98449526915947,4.553143133819097,4.8982850769162125,5.1421344352761835,4.622765027383959,4.653392713765297,5.182133700152232,4.726953804890307,4.7315321249763125,4.843308583398653,4.69213403463363,4.32436428089936,4.840023871858908,4.872146316766732,4.361047259072459,4.403115530908103,5.020992722411944,4.715994701584173,4.455096466938651,5.462329381008939,4.574285371700919,4.983535808920853,4.750723397831116,5.613086355527239,4.938308799763514,5.084453500807278,4.915126628875725,5.444767395059264,5.014216030438734,4.966624850630755,5.590290377040698,4.739141217768187,5.424496132234728,4.770614875654372,5.080171349147949,5.312106026212368,5.591250654757021,5.26684588015079,5.210394023060793,5.32257676571607,5.613434534172215,4.9505314070979685,5.775003207127252,6.107744751274587,5.126996240913861,5.632782426277796,5.017437423070263,5.572892631292341,4.6426524233818,5.490932126243906,5.253754542767996,5.031395167807731,4.587371285160378,5.507802767753597,4.601531764566893,4.829181512296193,5.120348231891786,5.459058005114391,4.034184615512685,5.374031238555904,5.342905996143812,6.883165200750037,7.4714466670155595,6.981846498449649,5.626714127560453,5.605121575792627,5.129330767095082,5.609462537566817,4.7949336603283825,5.668177097340422,5.402331048548216,5.270916214485958,5.605511509478089,5.652333254615462,5.031238622764739,5.45472165147463,5.33546528746684,5.706718600094316,5.144393488168712,6.062737270891665,5.271312645475064,5.462895398636654,4.896501824557775,5.6553546343247065,4.962332980136069,4.930738357404862,5.9076168753703415,4.79034512708584,4.856307397882136,5.032706148624413,5.554403371612228,4.558278543651098,5.040923480391497,5.155025256375464,4.714209236502642,4.915308530032628,5.751914624472459,5.0406049304207095,5.024569353560601,5.1883384485046,5.64765447348356,4.395203462938463,5.425522244572635,4.775779992143306,5.267800157268836,4.750631224115684,4.928026993076,5.277359162767724,4.775374434590333,5.619223874012626,4.816149012247715,4.996808281044159,5.237241516013933,5.348324834108347,4.729455843965207,5.4676432814200675,5.280566660761828,5.205106751819446,5.506317437589165,5.272241535087421,5.907099865078925,5.084419951836263,5.51410633832216,5.5773596381147685,5.2496619421243595,4.841275336444372,5.6053554907441105,4.790371984144046,4.88410716414451,5.203325232068692,5.120268806616457,5.187957147757206,4.930521225829914,5.742011507054167,4.288674103319639,5.390083530445889,5.039346831738942,5.174920115371537,4.644274652500942,5.202370471159608,5.378104091187313,4.660884599288299,5.541729146043456,5.460719633201754,5.713535008827842,5.102583435773843,5.513727924525732,5.58233011037111,5.084792189002031,5.40180341293414,5.218648859659825,5.3655096040169346,5.088516994118684,5.583469332953289,5.688023587465285,4.502676205535725,6.130004082620146,5.252048718333238,5.940553777019183,5.550644791424271,5.66536456386248,5.188882632752253,5.637836667001245,5.700084370076654,4.872935429116084,5.664578055838741,4.904848825236155,5.638616592089332,4.98801460941632,5.5851581345001815,4.869538299838695,4.872679879963393,4.77714517672856,5.096693151990567,4.590980235238865,4.556117025017733,5.208273748060061,4.867782537341112,4.733481209576124,4.970167174736652,4.854661863148207,4.731403182248268,4.656781580448145,5.160598620673013,4.539700609644249,5.144838807086144,4.769172545472775,5.134342517654094,4.086090154647824,5.562393795649207,4.861328104535732,4.80417950590451,5.114665170609944,5.1327295797069805,5.0460846671462,4.536369378169372,5.187223209937407,4.516679157714043,5.157655665079748,4.783195033669465,5.469214594960208,4.61588736156622,4.876606687208011,5.096594154238694,4.402407536208625,4.432037662168339,5.146820497810833,4.384257843295727,4.931639490425581,4.875273015101746,4.719088941117122,4.618610264559582,4.570356906950469,5.297867100238793,4.634195036590094,5.143923622071737,4.799174310962353,4.976414219737046,4.722268685400481,5.071665894289804,5.046579331854972,4.26929330527782,5.466750368972615,4.7231940054893435,5.128433878322435,3.8024233601490613,5.511921365161733,4.187362882296239,5.335226174890989,4.2023300981521565,5.1509030629197685,4.929935462375476,4.4076096431414244,5.480759721497691,4.279990362823005,5.175555794934424,5.0644600555300645,5.307980306744569,5.404232060114539,4.768648824890448,5.669785262942311,4.4213528316219595,5.785202013750867,4.85734929074843,5.6688056318958555,4.949347790777677,5.473556897342201,5.483810834288593,4.7884140820304495,5.465498561064397,4.9961587609847316,5.2209322091937,4.946605757077529,5.263714192410302,4.948950531482691,4.750701334675147,5.3422105723619415,4.874132314423714,4.809819669524822,5.214971041480694,4.926278774837646,4.725177947481467,4.867864935298756,5.2074757974346415,4.875654986302052,4.60317197889089,5.290519613027566,4.137059668699895,5.08041864494482,4.463864684204254,5.0442255779107334,4.929670290847613,4.573503451248004,5.860767906705538,4.079269129037854,5.1794163337349834,4.8624943043788225,5.301840883294736,4.519273442129289,4.6338664500911975,5.349832604428128,4.080102149744825,5.325859582026794,4.2642990592122025,4.834966627558066,4.5034950772921185,5.232512488961213,4.350593690971529,4.695471016466612,5.17767914672692,4.544918431838348,4.571444456179931,4.5575105643272344,4.939474593102926,4.410071429610248,4.6774555130799556,4.915514609018953,4.814934352934355,4.191489342848456,4.989371910492573,5.183080245157076,3.852502685387926,4.92235953787962,4.617415280540778,4.613360245426491,4.496475886503851,4.85742194404204,4.571981733739372,4.132982941369212,4.819587912261479,4.503372883796687,4.431433000564571,4.556241753995412,4.757180999716118,4.4593121286233215,4.418486822942889,4.780458713571224,4.282760840753709,4.842396919131272,4.832391164402161,4.839183576504382,5.178994424740466,4.480718646347517,5.170704997976615,4.097959863642847,4.726872727870936,4.734605373740191,4.665760963459804,4.63441116670767,4.010056859652198,4.7788061387340175,4.029649728933967,4.538970060149823,4.687597163319581,4.736012559731795,4.089544372757273,4.69354725758234,4.9179473050435325,4.256120747327801,4.65678735395272,4.378923388222848,4.603397791385645,4.328664656082786,4.760365015367661,4.540776393810902,4.451875683963294,5.104017226795348,4.179918641845382,4.72290913263956,4.677782815595463,5.001832134028269,3.952331110437709,5.024564241766923,4.810938981274757,4.090479617516196,4.7066228364904665,5.226718080341809,4.436006723642343,4.462542148133115,4.501768437226607,4.757845252354935,4.307497144639487,4.616251048743719,4.753320190409813,4.8673406153917265,4.228878915508584,4.918462123771502,4.428669254183765,4.178203278978662,4.9537144588430655,4.568426018555952,4.627562193870539,4.093595347603159,5.42885196814934,3.92082754820585,4.567261291046932,4.975091144939257,4.454497739871336,4.70717954764763,4.3779118395845025,4.745075187385078,4.348646591802432,4.727267788847282,4.6076850969592655,4.5051026151577584,4.063552735646562,5.133922114173564,4.386062814891333,4.166425174971417,4.743602253198618,4.711221887071921,4.42854912668466,4.553132303655143,4.868798107107474,4.500744683245813,4.68845241983731,4.626866640051201,4.843434413870168,4.171798521081602,4.961010363101952,4.5450912413001,4.265272097984947,4.585829085508977,4.790103693902488,4.600789955556387,4.2618550043304735,5.231908538341515,4.0888502465685175,4.7092043176293314,4.723407229781144,4.735212680498751,4.473235172231987,4.496412803332006,5.030761113166803,4.355980509718254,4.5828126374880425,4.692987651228899,4.620888174672916,4.4830652681986445,4.7184318059682795,4.510479232867553,4.7277335225542325,4.653423742651935,4.94209207693735,4.30646137932936,4.232155984540777,5.0342415394385585,4.466507690846914,3.971723498205341,4.754883683919901,4.351847946345801,4.46854731758435,4.338297973672545,4.97970941046873,4.496165564755594,4.609203183253601,4.662348508139446,4.558210249046478,4.294928071399526,4.871550456881516,4.493812634547547,4.552070171733692,4.316178635060783,5.070078225235139,4.069948209226128,4.681631332735216,4.604853392740085,4.824284509718413,4.42931746055682,4.533909731606638,4.5046219207843095,4.58088649908701,4.04401398837566,5.220865333576991,4.137953084707258,4.530351044237609,4.6075982595483405,4.723346222341053,3.9584291477998073,4.644666647613042,4.358068915804223,4.384108612140015,4.310345232884085,4.662150732676182,4.5437830177942855,4.584585157334799,4.772057495315863,4.515919815003866,4.48355313032865,4.368168943623697,4.563149130046361,4.242846712072687,4.20379427750905,5.3016313772400165,4.41207929939031,4.512017809549963,4.711325484315548,4.462462541659668,4.406079552173611,4.430698013206317,5.061903832256786,3.9448892255624104,4.698450203239912,4.917061222096277,4.102501463294025,4.5540213440855295,4.6135698546965855,4.7963962870836205,4.020167721013225,4.631589068373039,4.598111043473078,4.406070561508334,4.354214657247061,4.866660511493678,4.651068921089165,4.226682923138139,4.375543540318802,4.969708169400686,4.252928428252535,4.9782060848673115,3.927282885809737,4.930587862829361,4.056972254614032,4.898289370338117,4.149706728955107,4.459603495498494,5.089011468887322,4.138925476272897,4.671909724970654,3.8703843480348548,5.191444412072493,3.8073302343487723,4.788105940421416,4.49580524583657,4.7050347660978575,4.156228809654709,4.735006316006179,4.553955852886034,4.236758773823576,4.721423906783256,4.8830165836214965,4.603758736451461,4.497846213281151,4.614955917994175,4.134534191191194,4.979399506151669,4.657102415760353,4.563131369153652,4.748202518423394,4.598558105230325,4.875417138536765,4.075122071504589,4.757247564891968,4.680667023460065,4.749144777754936,4.471751746137933,4.468178742428615,5.203890342315032,4.111493432124452,4.920734503964577,4.436091513931745,4.6078971659143715,4.714874445994688,4.669562629659964,4.403727534313992,4.291050689319766,5.050592920482152,4.591973602871096,4.148799603482082,4.789048045078908,4.6968717590967755,4.465566790501272,4.456846107145145,5.207572367489332,4.394888309737041,4.265814129312829,5.058476493358604,4.222695811887578,4.775462508499616,4.4696341793735765,4.6398755544423995,4.312776786486304,4.570224770009513,5.001948076685262,4.236792596677935,4.669830235640203,4.478607396582757,4.602531645794704,4.163221833805239,4.8353404873609485,4.551487387418742,4.476060046056902,4.30312732994556,4.628543993830675,4.465145821173982,4.168540499309695,4.904511735439294,4.223631321092443,4.413425880074496,4.291865462561444,4.653572673499578,4.101562727987762,4.537767494122182,4.578386136392746,4.436014930009836,4.237978893717125,4.475817304154231,4.667063239415481,4.188987472554044,4.8059859444697635,4.384425123433267,4.300415057341254,4.647035625477626,4.625830112795029,4.254206603169437,4.3051238459348635,4.9378934495647675,4.0921329714854515,4.200865410367643,4.355583496888475,5.087896886368586,4.043443371256189,4.571273486316199,4.866722446978086,4.28260787626107,4.56797993600368,4.408276612857972,4.448134215275442,4.376197360853348,4.80174315253893,4.64926629563172,4.374948490361368,4.765983578364048,4.5122527316212615,4.2733764963348655,4.286547568539774,4.776989077627653,4.225900750656917,4.293949205378688,4.682772694031391,4.319614564776417,4.215279099941251,4.474923699498172,4.7674029979109696,4.178831242124235,4.585967089434459,4.651314501762385,4.784831067522361,4.234497926235195,4.9804161932071,4.526722562213732,4.493259748021757,4.373675362865124,4.8412257730960775,4.53953274160623,4.239058482646938,5.028697748382879,4.128325913647806,4.861398416459555,4.4962152818838685,4.890360004107151,4.572442641158894,4.313624761402602,5.026652233501269,4.262910610636071,4.636697059969103,4.654959481457863,4.4840753371516815,3.8865931212902045,4.695920086403683,4.825500017801914,4.323125917116797,4.302417623798047,4.853978906273835,4.24588245819012,4.442815656363959,4.445834747652209,4.365538749992842,4.4900543796022685,4.280685569047922,5.008097464044882,3.9037982201576202,4.619999177356555,4.933929958641523,3.8871544598539636,4.8580020724733615,4.56017009109258,4.455841761827463,4.216205115516977,4.541753448943292,4.701436606744919,4.080786450008547,5.003314643998935,4.587372305591895,4.380119060973321,4.207194229960439,4.88579132507244,4.413992882172264,4.411925393442308,4.459015928506846,4.774868999123567,4.488876793285207,4.717271678348377,4.647841689487294,4.285928164323166,4.425953493217622,4.441316304604207,4.35821382840474,4.4072143955032,4.5220666466156585,4.353688308298583,4.123148604631421,4.547225964963432,4.482415763735766,4.4042824397484415,4.149785401225086,4.457657379408673,4.582454495231304,4.1293258623282085,4.621275393466148,4.661551615794495,4.0206671097874604,4.75783605943123,4.3012013132373434,4.442506146331623,4.024508735338844,4.807044355670604,4.213491540749863,4.476247856219605,4.296522045135494,4.8207850912213255,3.903211541871227,4.8446230927109655,4.717698925634219,4.188319970170653,4.122958730757232,4.472351907690361,4.669744654297822,3.7482988195617986,4.971711060702795,4.3051846019426945,4.497335943877691,4.298465736607707,5.12296701182921,4.037283879021801,4.251641114652152,5.1519195250670045,3.9592205837368937,4.496178092956538,4.264410306215283,4.976941192150108,4.028261572221911,4.647883958816522,4.608498291472588,4.100368028183775,4.624571984112258,4.40107723365227,4.396911345024899,4.017340991099673,4.766690912246698,4.62404528121153,4.2062250755230535,4.654342923561727,4.5736150219043035,4.532496874332423,4.1746115522583285,4.938417418003076,4.284374556740121,4.4810420268773985,4.018702080547807,4.684563471774253,4.250693570375439,4.523707994023954,4.596734787821764,4.407190334498877,4.23105303217967,4.63808143874009,4.20352737486362,4.3040593984723055,4.678765896757437,4.559581451018648,4.539435626467062,4.140242569843924,5.152741819818808,4.056115960478778,4.405819090902801,4.355358124971385,4.361526611844696,4.00732127209504,4.832054182589049,4.291793130040164,4.384678379992639,4.28575309793154,4.861331910888348,3.8406330399711894,4.604568771918609,4.590041085779662,4.647814018825682,3.9966402557492233,4.53900913804769,4.673586959540839,3.9161270810166964,4.7773651843269604,4.460481754938756,4.6127644299467345,3.8167282127340605,4.726986793279642,4.869666020472838,3.941013702948885,4.934513567189369,4.61259780277808,4.3081516254941565,4.509791713456308,4.733877973854535,4.523467276394363,4.258844845990336,5.1526908821860875,4.0443072695533395,4.537442227502658,4.134876187940436,4.611567328770949,4.2380657916267666,4.146730665564533,5.161400287548695,4.078539244035877,4.648113739490504,4.194625829756255,4.877470410664871,3.7801854108770665,4.558823083539799,4.6868605362375515,3.990926454265909,4.563990785280858,4.065790598591165,4.8630697487791315,3.9312585060795118,4.89202482591072,4.430775495171542,4.46562003632386,4.670577441255245,4.368635475138819,4.257112904687719,4.301329571008678,4.681539781888319,4.315310420691962,4.021996130545931,4.434624725778892,4.373211508989329,4.346741626163319,4.7604854231079345,4.326963466405863,4.485706246395901,3.9083907243609395,4.866815810700251,4.3732342965404145,4.033919224739071,5.039402844905847,4.219880492488539,3.893896508713561,4.559396747251346,4.898058278163267,4.0171136485536865,4.750944596727683,4.307843957046663,4.73772427807251,3.966509670615194,5.4057669775684625,4.112767171959079,4.604452567001179,4.456514002482091,4.544747596184407,4.228505365947878,4.618934185306225,4.459679929316039,4.248374205231663,4.7363993706305765,4.386998339692746,4.27800297260284,4.315678751269972,4.71080644100904,4.7502793599168385,4.322773089309529,4.571174844006691,4.342539499203362,4.563651796976719,4.262134108146028,4.768679322302336,4.456668779055274,4.042016641000902,4.918711065451298,4.657598932782803,4.2715856316685645,4.357597573101516,4.909414207140597,4.307111275196071,4.322005152503644,4.977556111812584,4.5062890021999635,4.378193628291284,4.417960874040919,5.1308216839035286,3.979048281311986,4.751932505766545,4.507172852754588,4.7346285043160075,4.5099094112714075,4.715655316511785,4.524368067781125,4.054854738414284,4.82172254711389,4.024925694465633,4.9667625693480115,3.6839394295215584,5.233732207616165,3.8873892870545363,4.7285487850507035,4.3859114526708876,4.8976633189121825,3.9031430940826706,4.675084780057265,4.681454003055885,4.097230300803975,4.509148599207396,4.684794511397674,4.460150660177067,4.120641100903349,4.9473388861616385,4.136905857920643,4.358052777647967,4.409653443992133,4.466135682264959,4.278974817792571,4.379115058382347,4.871470798353348,4.0531622352202685,4.3786790316303525,4.446807374656195,4.784471254646772,3.914603273272511,4.870412911971405,4.023247577647365,5.121786622703069,4.033267605503396,4.934736884633693,4.040196772217747,4.304741609493887,5.1246821878353686,4.068044241468108,4.527995700935517,4.28681906431913,4.971815109749628,4.2254062684377,4.18881246934334,4.821706914504364,4.066289258797958,4.830051286915933,4.338413061996297,4.648684891164297,3.766413309673466,4.60883759995301,4.630477668146287,4.296325629055495,4.607774700621758,4.624847025175884,4.198580766518907,4.350336527923739,4.553051052391523,4.3811477156480105,4.286812419195965,4.390486653546488,4.798597669700776,3.9893419995903927,4.422733104725674,5.083492357035471,4.298782929182049,4.5062465890248555,4.313311267892515,4.804919571081792,4.337188908060387,4.446291603644684,4.668509025573724,4.0350067598621004,4.964731274545186,4.264875523646669,4.692743549048895,3.8523728969693156,4.673955012460543,4.505830022692675,4.605116274356837,4.436013324360047,4.608344015379742,4.1741450827320365,4.583812926808989,4.685913683176034,4.3282977224389665,4.393464053670561,4.4468204711874275,4.558996622363721,4.3160132796565644,4.756021968026951,4.295457154810423,4.058520546257493,4.5625707652171394,4.629673579931254,4.259433481991286,4.21344965567191,4.622709076503907,4.218995838562643,4.616977648437018,4.523874591290944,4.449533745447791,4.218409240245814,4.5269894533356,4.699284752507998,4.086083426177498,4.510948219398652,4.7393202035625706,4.454069510499631,3.9974025937914814,4.555044629176453,4.7098512673377915,4.469506462017691,4.606843370795244,4.4837182507912265,4.597315590778981,3.8447373576958936,4.583927627106503,4.648637135227515,4.259109284877773,4.996461567083988,4.260187352399028,4.79059930076201,3.772681514521438,5.302517055273052,3.7191375182072295,4.835133157173787,4.371435993313784,4.465820320546621,4.449952787657574,4.344504226446147,4.753903625706825,4.260512790183222,4.562021595438315,4.3850319774945525,4.593391992747778,4.089062997202075,4.640059126118813,4.284818416635191,4.401474069654937,4.516048805812988,4.3690712407231285,4.085765957832332,4.704139697849745,4.638043245275809,4.2605757495760885,4.5240757588545435,4.273448931078111,4.524193350275353,3.9269537205497382,4.921346129178994,4.042214777270948,4.849580286443228,3.852063013215856,4.930117144783331,4.119862088759736,4.424408622582749,4.686440865695471,4.287195866107935,4.799023807942862,4.169968842665351,5.077252590854956,3.5083355893691355,5.083899533847961,4.019457416037715,4.559988072415189,4.364161740640794,4.1872000701228735,4.778510987063243,3.881620876391726,4.7758470284938745,4.145497657557325,4.600397218763822,4.289631229241685,4.718546654482676,4.388380632003144,3.9715187209844554,4.9982730247576965,4.197844377358751,4.541854021549219,4.052709261973696,5.2406851975123026,3.7112292464574153,4.937199930449321,4.101903754174705,4.73573079268137,4.160440401037531,4.881360709865882,4.302293084859843,4.227319254477815,4.660302264094346,4.038874993920323,4.630698784391081,4.545224628249799,4.394580456912513,4.185964736640448,4.5089014413952775,4.56880556116501,4.453330261011914,3.9995431599020925,4.610908294518783,4.654362529714897,4.108352615237232,4.4572452917695,4.260438851515448,4.8079852844277955,4.074164981643355,4.655240779618417,4.311359394590055,4.253645359476403,4.299280288020765,4.685924137731387,4.298579798936839,4.531994267503417,4.623869758645688,3.7679640286167433,4.377280765374496,4.204049074252443,4.597096711099142,3.9668328237533537,4.839562190274392,4.403999448716635,4.136902086436745,4.558255305190876,4.511204883555567,4.561048449873919,3.804965608417985,4.948420659800364,4.03064748873313,4.372709623177841,4.223547512292859,4.985306414961808,4.02636435627937,4.624815705219899,4.707486645778014,4.260880594253535,4.183692103723681,4.3356386492649674,5.002100203931325,3.9723143230875304,4.741388271947695,4.541208513478434,3.7572493013739563,4.731727050244802,4.217827150126294,4.726236630479488,3.76280125826597,5.060254619121544,4.165615442891912,4.102255315681295,4.702116305629406,4.383770473599429,4.234136494894819,4.510220148066676,4.368997177779669,4.229322593907512,4.154545188049471,4.728031069835021,4.177401968638097,4.374639715154961,4.339978014429406,4.565394932727013,4.292378179728981,4.427629695634042,4.639414594968155,4.553498525818184,4.0642645007371865,4.698847486972802,4.064311643838879,4.512815861900643,4.506733515461281,4.12706972211599,4.358220759332175,4.296979474922017,4.689024768968417,3.9680547356605502,4.3439234319329225,4.657703712681924,4.5968433135747855,3.9669425989190703,4.329496134916938,4.690707733631128,4.52254028886556,4.063273134926952,5.122903985778484,3.6443745597203563,4.729809128642077,4.454664216240241,4.659763445258135,4.406627982755497,4.469764353036876,4.560769015451266,4.544180325965082,4.377959195772802,4.857986821730925,4.053289819657799,4.558680211802319,4.2225180145104675,4.868728262980772,4.005450325210886,4.924248670935625,4.028646683394904,4.540699059168492,4.27408747096856,4.7050165943304645,4.447931461731587,4.3637623155117,4.604820513526593,4.310808681050932,4.459012871483957,4.251738563875352,4.595454297860459,3.800586836536722,4.717424758176004,4.523830644090965,4.404094158212338,3.9110714191198315,4.65871590226888,4.439674591620759,3.807861396471657,5.127436094681416,4.0520987731218305,4.608333464066181,4.145932058592633,4.826901819805298,4.045856988628702,4.31198601543903,4.84899699489275,4.4356620256106005,3.9582986506819697,4.910360502203298,4.4007971548040645,4.2443983856836915,4.075620189011093,4.771962836782133,4.009942392011479,4.456300436953699,4.607541396419201,4.206117319564021,4.278844320972755,4.5106681958834285,4.534658691088353,4.4601345689098,4.221519847810264,4.6385096608598975,4.275549924572304,4.152527205546693,5.0822942022482485,3.985027204155918,5.063494854172064,3.9831219020485844,5.2358045030633535,3.449323140084742,5.160269177556031,4.175716194808478,4.783638957540187,3.952250333627061,4.676391871174171,4.740573107202842,4.051947040359175,4.704170883198574,4.645713265736892,4.834832945565377,4.0857180640101385,4.80863080143928,3.866238821546233,4.823626984059805,4.275325196882083,4.98970461448033,3.9839793177445695,4.6896290382742825,4.734240139623476,4.103964151243366,4.4019572810331935,4.569420748750362,4.579325264791643,4.262227952480311,5.069435554742806,4.361413249174749,4.555882432262098,4.414773633877432,4.7140059578418665,4.438727974295612,4.454593897263203,4.744000559747214,4.053085872133569,4.717807706693802,4.318943497141197,5.072426230212046,3.9684533728162417,4.901702656547223,3.6662003210186938,5.207246621648465,4.091134025057153,4.875354114075495,4.086098298331097,4.204297244350111,4.906454919675981,4.388229339818154,4.119330013195668,4.444960599442318,4.6719648974140435,4.292929152349626,4.5207913382848055,4.4916518729925095,4.111772024830179,4.381714797417318,4.648406300048028,4.342915522257481,4.3928486285606985,4.740691939791037,4.676148837407426,4.199001347521937,4.6304809827605835,4.692224393089606,4.184959041774269,4.235561969180898,4.3546662182609195,4.726000954707458,3.980625507632888,4.722062848508353,4.517592423061525,4.385113681058084,4.3132230308651875,4.5554004114866204,4.330815716385837,4.023023976087566,5.117704228162759,4.3464858367045665,4.506193944215771,4.317396779358381,4.649443292617793,3.989754258493579,4.376002000172928,4.834144451518847,4.339405656357601,4.084121427933372,4.7023923279841675,4.32628957221905,4.271962252358591,4.6291298786799056,4.2242336983482,4.285724132756387,4.073107549548145,5.220867326557629,3.6817384220162994,4.610342987775798,4.444179741243516,4.083533746798829,4.669990655283128,3.871616289814309,5.242590608199431,3.5763925922910347,5.102262233694389,4.233859634002046,4.276259722411627,4.099641575316585,4.85942157318194,4.5944669634103725,4.013445682227608,4.765066192448134,4.299146280288691,4.645568945010497,3.8517851016918794,5.06601667861143,4.58974603960911,4.084399018784359,4.719433656136189,4.062280353506402,4.853897116680935,3.8253427006800926,5.145486304263267,3.693879673580326,4.814562545120709,4.474321150382355,4.4240946480631775,3.830537442862984,4.770109321574363,4.31255412369966,4.264185369213418,4.591308954954141,4.467694641550377,4.371992377440131,4.380446137885247,4.783492034773024,4.219067741632458,4.2555551976958865,4.700722376505528,4.736517195502911,4.082462123235064,4.878290090759588,4.3144932412107755,4.598991989791387,4.0250471678376165,4.902633717457446,4.372961312830444,3.985896190802252,4.487441542943313,4.584841186404223,3.7985287537177386,4.663866201937193,4.606275073985254,4.222958965500191,4.426775167683755,4.56701710671186,4.456193890174224,4.275407247642672,4.66584770282109,4.399807294309135,4.3913771322369515,4.709159142176305,4.304773613711194,4.193167431453859,4.688817112247143,4.683897988895569,4.200104497075077,4.475444071392214,4.377111344337457,4.416011316577588,4.160492404798663,4.508621179759498,4.480904201467826,4.566243744194502,4.373379393219944,4.550994806389007,4.0280016835530565,4.442981171607966,4.823820954958593,4.191913262108957,4.547125026683008,4.367384924987947,5.19314043382803,4.009461759726204,4.702687054177119,4.710753770967319,4.477048893570894,4.032466673552987,4.659911194940402,4.27550921519597,4.367983383635676,4.862893017729117,4.690577617287631,4.632774529258403,4.219340152740474,4.942443284591032,4.350376929342742,4.627843080361679,4.544845433632529,4.694430602391554,4.1004486744602495,4.4532270888487435,4.600279630919292,4.515835825800891,4.473328965902323,4.6167392031351655,4.525078689952686,4.36690496285756,4.676515804429843,4.6224582756559,4.186855024794733,4.722588448127104,4.954538097282244,4.347363177041208,4.7158978737393955,4.832886383632813,4.262080779075617,4.497501589159166,4.453972160220141,4.883538989921404,3.9975796380639044,4.816906647582843,4.494917042851443,4.519085887471829,4.482967867155864,4.8402692859371435,4.687641032636159,4.590330540935193,4.9348376271128584,4.66543512086073,4.319116581579044,4.935421603322023,4.961615600883953,4.715095137457048,4.561825687587255,4.983448374569409,4.683133655289803,4.301081411540503,5.066898522178324,4.557424672941361,4.492702487210427,4.665828558802598,4.926554260750605,4.39053841054439,4.563073124786212,4.68105744838714,4.8204101586341785,3.9246905832489296,5.186895744204515,4.482914582292233,4.215328541298704,4.7013292635480495,4.247834477225936,4.732495152254893,4.369358848532036,4.846181670824681,4.690515965620671,4.246829892992969,4.533691330254072,5.058771193722877,3.905951334039367,4.646761306722953,4.3710412198305075,4.831180728177222,4.1916947145263315,4.879920941591255,4.532839089035983,4.280574273765082,4.730400539437924,4.805036447147522,4.1119620554645815,5.017147899071369,3.951240470111366,4.928034351468081,4.170077844758825,5.247389210363223,4.331518702904379,4.445031651457146,4.770732574462885,4.419856198032693,4.3100337900718015,4.663643735150491,4.76210945139328,4.24568948467572,4.75083971112966,4.38642960151036,4.828871493538215,3.8831115429600045,5.486022509137785,3.849421194493766,5.21565922836462,4.074265755911664,5.003072290619206,3.9557852423191036,5.3210015716155326,4.798144419292603,4.770495875477784,4.491023014684513,5.094168605705096,4.5307665617267245,4.403545012176031,4.861684829791381,5.112110538482659,4.374876070916647,4.659764301081492,5.155957128902269,4.644114703933393,4.42023847262064,5.340971640845135,5.029016235371424,4.553288674751913,4.89506072511275,4.949554112950954,4.5670928818980805,5.466080175042149,5.4989905419945675,4.790131145616367,4.586932004491484,4.826228306790187,5.2233361173669435,4.233418353497979,5.393652929663654,4.493766107658541,4.585299866298829,4.664416179060931,5.1508694259325605,4.916689194639517,4.400050676365689,5.094196867048733,4.777205481231207,4.707399122913673,5.121986393431817,4.625371236701801,4.308515242437517,4.497514864901697,5.260878887772556,4.195650424957272,4.908050476809337,4.651763742466763,5.366815697451427,3.7117022766669576,5.39234125167131,4.578031848768387,4.6625672320524805,4.603064905405039,4.970615725616608,4.534362747867896,4.38915936907132,5.016131679018331,4.3222093431154835,4.623756197293595,4.628636598885053,4.8847553359468705,4.64488852143287,4.111535204350944,5.094693849881483,3.819794585903483,5.144175054033591,4.578639480968311,4.97036223739385,4.6358088752627316,4.242969013849889,5.023197610378259,3.729053705632684,5.147816579639906,4.465970009267324,5.109563525716457,3.6950102444489765,5.1400646409392285,4.387480487823481,4.587495046059286,4.487823913892106,4.753289552628988,4.373453173538046,4.531852627396577,4.596694785455856,4.570359130601082,4.71359389374653,4.480632491310434,4.626860703031216,4.428022945920622,4.515858210523917,4.4788127922018335,4.078313724994655,4.840421600441132,4.353155982991055,5.051611859798426,3.8631997172037735,5.029983340501778,4.127145725786682,4.4807091427842725,4.478941940963262,5.05469243605931,4.079881029129024,4.655451398690536,4.793205999433987,4.390375398596123,4.3896662990252135,4.672927625974014,4.643418465256685,4.241527523199713,4.753224470118675,4.4362185806035965,4.456310103734329,4.248486253619191,4.922673538525892,4.607799406647678,4.2164578303694675,4.633020396729305,4.5859536107381125,4.231815678675965,4.700407211383178,4.859248400330538,4.359430689016973,4.071387050747868,4.692816056609147,4.38150743891795,4.039772757291789,4.942571051716798,4.178745766977466,4.594622826973592,4.285370004375771,4.658695650398725,4.33087138543526,4.676277557512118,4.790835138559336,4.345811804135637,4.088935375710325,4.79156894842783,4.2792066742976465,4.553810290098185,4.548083393275732,4.854695303241407,4.142500634094075,4.9092438081900225,4.85896715452273,4.3309335509935964,4.511071388224755,4.544192564586793,4.7613704479734045,4.546789263288173,4.328165309627846,4.624272355834638,4.577678276201085,4.45565064122279,5.060487923721465,4.408499044676616,4.442098700900867,4.4156044736504505,4.634450250864023,3.946833261450129,4.7500085579355495,4.463006133536493,4.2917024771372425,4.513607478340462,5.002406748632584,4.392904465595877,4.086386623382563,4.630303434630229,4.433707373042896,4.516729626258209,4.76133258591095,4.619437422951056,4.289686330457524,4.732326184908543,4.332902538279686,4.281263420780496,4.229280095497762,4.77270844082037,4.668660343488051,4.0609051480889296,4.617954491078848,4.575969183047607,4.102082473536329,4.468286949296787,4.4668837649623505,4.558431333402787,4.119000004132586,4.94769430100917,4.539828431109583,4.0994271719455675,4.408597425321733,5.221489692529037,3.6593320162097585,5.071587117413673,4.431282286345952,5.037869195739422,4.097254744172093,4.842218552629147,4.9713114129503495,4.054424057503537,5.290680205722644,4.166647080580389,5.036717310547822,4.004142435491082,5.1053508384029,3.945140563348926,4.764544187486165,4.815004193484778,4.306661810974274,4.423192115326717,4.344893087148661,4.921386952400201,3.9463935711979827,4.725746192435418,4.757070197761052,4.41010075082381,4.293285312950607,4.826748835742467,4.645044793585932,4.559966257611904,4.6038194463650335,4.887406467099978,4.185246943334735,4.449194777707254,4.7189623282353015,4.350242510040596,4.486892974674697,4.742065011262888,4.333363145589823,4.446977081298823,4.835510326822593,4.729052016337707,3.954772203465299,4.626318315962945,4.47717653691768,4.78992088456948,3.9878183202942177,4.872041614154968,4.428665990432098,4.351073864698406,4.528674446046347,4.674030658404026,4.401445139845207,4.5187068819006235,4.270113982260223,4.324164417485393,4.498367467522615,4.813190720081323,4.3642603830496425,4.219559513131773,4.337551882465676,4.776128925283744,4.339377983212467,4.173078234493729,4.97373891403277,3.8458322805166203,4.553480674525097,4.490712715983386,4.471854993502293,4.7701956984400695,4.067034256160254,5.2516876399517,3.5394130670030886,5.105794316430879,4.243927703400448,4.523721852997934,4.587889780799543,4.3576624041795675,4.571590036650492,3.951550440688925,4.747742737233633,4.621851180493827,4.174970853130017,4.451416390438871,4.65623562574386,4.36072205205758,4.23657471309105,4.658445153435066,4.479546602964396,3.9592011858026144,4.766899972657357,4.372089070081705,4.384578632215655,4.435042642255619,4.712079150080676,4.419003906647359,3.9646812071402824,5.145475425322844,4.224253837267553,4.674615216851229,4.230222485860185,4.752852990229918,4.100775576829907,4.41093060791492,4.761957420309378,4.511287238399182,3.9465852706630984,4.787168799837424,4.390017401576038,4.6303558994332885,4.582597569127872,4.501787194311612,4.609204774300252,4.10459681709607,4.807483230729891,4.320975172619019,4.290908207794026,4.625218999187147,4.48811718086401,3.974022949437298,4.701596559484793,4.45726222813129,4.900701275269184,4.195980671346183,4.995938124855353,3.980373813211914,4.629573526581122,4.736862652202442,4.554984733959033,4.752745349009826,4.333948631584639,4.811514729658756,4.234247898260748,4.486447199980413,4.978423272172605,4.722025615771605,4.420765952169892,4.732121424575641,4.425109817882374,4.3956513162453925,4.5637864053249295,4.888575319548442,4.087627463936801,4.499671828945473,4.875790429313971,4.351517367859676,4.359483318328853,4.949438872933381,4.073379313747085,4.550000342826044,4.788778710861996,4.604160394271209,4.267965971827503,4.372211433947081,4.957451766828689,4.1913499896724975,4.815919245282802,4.333253942728038,4.7759861916303565,4.120638231337066,4.962974932789795,4.873349015911414,3.8016190594434702,5.282826887468492,4.100990893741443,4.760104165673251,4.02310253600279,4.78251952161391,4.7868319891889834,3.7023471592863384,5.109453493356697,4.09011755943298,4.292139864563937,4.382566042443111,4.791392983694866,4.221288513839241,4.647284383277094,4.619916340112679,4.6488902758558535,3.9256703431407574,4.641810450156525,4.735136386354758,4.300325153966741,4.54371742566426,4.732562854389343,4.598010234932099,3.926545025308924,4.75645706892013,4.402176753481223,4.533611466685926,4.398655758400753,4.698804244498406,4.171399361093834,4.646779163579141,4.628678581714624,3.903881695866583,4.7862967270612655,4.52703223039706,4.5490649087230315,4.189154359400268,4.227216722865895,5.142336538632703,3.6612962971130987,5.226477356453731,3.8050644982854505,5.088802676101519,3.5308864209055884,5.030518794556452,4.01822685251633,4.4302408752838724,4.634653511742746,4.64536748349666,4.219658417304353,4.153579239845271,4.941471728682512,3.7987706365187934,4.9421044720212555,4.343999526401356,4.761006866792832,4.347580189605549,4.56318142364422,4.682584094802532,3.9928344531853965,4.545031415522093,4.823846654891961,4.403354027569289,4.415817144513125,4.64073573927084,4.814980900486304,4.258146092096961,4.713092767099533,4.679777412315205,4.161282466351981,4.836186246375238,4.840998562574379,4.235921134054657,4.54847002377112,4.75994221935669,4.39960451205571,4.164013849496837,4.47349807252486,4.561818324228122,4.228574169476823,4.488354773422077,4.560772224466,4.046019440591332,4.357212951680019,4.471248089075084,4.303353886504962,4.353884315590061,4.253027862111722,4.9079692169030436,3.8147230499982805,4.771358266969515,4.2707512616117755,4.302298632462813,4.193364765346047,4.303746560513968,4.663871951699251,4.125130004783467,4.574078969260051,4.3086229594548495,4.037574226458863,4.642098313371336,4.558415893812968,4.549548741281027,3.98657307386398,4.707996504406128,4.169315782288705,4.269532579978303,4.447160872916374,4.735562589764591,3.879420680503047,4.969408863286171,4.499173059562836,4.419779333770271,4.41149016509453,4.566553297042841,4.556756166716412,3.9676517209410633,4.706633711755268,4.244158718089259,4.504419947365915,4.537450443406894,4.533371270696316,3.9542692805329924,4.469413951536015,4.354761935472483,4.552318838536735,4.29163203477859,4.525780893762902,4.4992806904514575,4.332453763286269,4.3113933584094,4.514689159492646,4.593714687625561,3.9005277764797186,4.900178024272118,4.134277242223418,4.362967182000473,4.876279507974777,4.60927446832259,4.358332174420352,4.318049669365084,4.70943545520305,4.355920873483017,4.074636390407877,4.765229774812852,4.432232487996414,4.29443795184294,4.701721870601171,4.539032143354411,4.4815521076321545,4.165093430479364,4.823954403201733,4.01963955322901,4.681356279154613,4.664757617811356,4.112101281483966,4.516240481336905,4.281420441667234,4.747905974487457,4.0519275798400205,4.504037002523734,4.876076437731577,4.256564238667484,4.245016524791712,4.787367509305471,4.292426202396547,4.794613640805079,4.327672373056407,4.698808714846763,3.975172926088171,4.760838952660554,4.514867319564019,4.292208965818082,4.3150617098808235,4.595796503126616,4.815488315622005,4.274914738436535,4.662943847874795,4.728100499113395,4.3800606792171735,4.330313336849208,4.591858410437896,4.1344939836859655,4.891956150035058,4.09907173623641,4.84790259500344,3.9616058067480697,5.24219190369049,4.269441323578353,4.367164239982759,4.390251703659689,4.621963917414341,4.454633291463051,4.1055646521846425,5.020862657229099,4.212288633783655,4.347874658604457,4.751731585363541,4.426858404676113,4.441983958482738,4.521984465122217,4.7763894831140785,4.043545733292893,4.541477245191728,4.564215624431764,4.386531393726662,4.309518859585122,4.2889064805706285,4.841148380935186,4.08147867719332,4.494870779812331,4.233005759914711,4.661148700118059,3.966756788790223,4.846837030450496,4.1839803709586425,4.302802685896551,4.572249246040975,4.4025470675031295,4.805460047821199,3.8380489674210514,4.865327511032416,3.951301311552521,4.887157915731264,4.137892009019847,4.432311773995553,3.881866797407465,4.7138841474056195,4.3119748023152304,4.140322167774038,4.720280836721256,4.50070997456709,4.057662095228828,4.40980049649874,4.652837913731728,4.410755218565458,4.221000764171278,4.486977870364979,4.337142920096711,4.185740313033259,4.39572519600391,4.6347440343101765,4.394958778321738,4.38254688719908,4.5743940959374045,4.242800006965791,4.464239349265888,4.210361619989072,5.0879244362314475,4.09557110180457,4.303354945977525,4.304739112257952,4.438261879583197,4.2250123693545625,4.707173186540598,4.6073817310730565,3.835327992538609,5.084377005000902,4.530421412388478,4.502580409745371,4.286253620982165,4.685104997754092,4.54130294521649,4.012241799732045,4.7749264634648885,4.260618873337901,4.3919286488493245,4.557227911055083,4.861882267594331,4.456827088991796,4.08454206715027,4.848432974914702,4.152150105039274,4.391516959071153,4.7163310322165435,3.8949116408824898,4.637095454533889,4.209930599232511,4.883363007307047,4.301379276017344,4.258272859950856,4.693698180317872,4.001431297957893,4.496046123305952,4.703842753966643,4.6780703758199955,4.09125855773687,4.451357704003648,4.556750630438321,4.264855338633057,4.308860176503654,4.785281386574102,4.285157032608982,4.2898179338375675,4.685193496048446,4.451210266153012,4.183709863821662,4.537963868478928,4.9902089525262445,3.5154228731989843,4.716003447075678,4.357548893690105,4.437039792438343,4.547011332114532,4.409063029984628,4.6085134926438265,4.093183332085607,4.464660707910851,4.94249760816494,3.696913561820981,5.19246681084235,3.749558572272457,4.863296881318086,3.7197612990935625,5.066029032170766,4.30609058141708,4.080096441308653,5.0085207334160735,3.9495518034696535,4.727615849276379,3.9554715690016713,5.007175649503861,4.4676460066437675,4.040437495410439,4.70422445615132,3.9809932997822726,4.5370197701454105,4.150219674408432,4.990614524284991,3.726146398286022,4.942264329890404,4.378450628519053,4.675877325733497,4.216077231168742,4.539563999076679,4.88655110239982,3.725342115064459,5.034848352968686,4.245111911594864,4.755575059056277,3.8654846097032207,4.661509747902546,4.1788906539479855,4.571231958270067,4.215533924003438,4.481879902084663,4.165003941754497,4.621714031994337,4.82979038814703,4.050647516449288,4.540001288255051,4.377933244705196,4.487717778583362,3.9771057356397277,5.373390812178448,4.287356596787766,4.3525469903151155,4.513596313397084,4.295206981301304,4.5761589427789,4.265364391307032,4.953287542859706,4.328633290926611,3.9910506915052704,4.896561974088345,4.105791488786536,4.788996986746782,4.033689005374906,4.830047507882111,4.081993391116457,4.346025656958416,4.69574953069289,4.5980967574318194,4.081397620240844,4.505876343548291,4.834743703206375,3.907792104880012,4.721601838370159,4.341373346249258,4.382860113084313,4.42520387599865,4.485847215453779,4.429365713298315,4.108775015374022,4.950130614936345,4.392799993256722,4.411305305461084,4.4775427056352255,4.6266685182849505,4.142265706161654,4.375490456918871,4.816090928117428,4.3567298769950815,4.4665637938181515,4.401902263164515,4.662926476796464,3.907580790817733,4.93344948391119,4.498867304921145,4.513512596786017,4.013668976724145,4.832172370751692,3.889675293962158,4.832780621051783,4.399406868616735,4.389959394832448,4.394506770968432,4.338922990858551,4.626076985796288,3.9191241053740145,4.733818773229911,4.812141414582722,4.627093200186883,3.832687781751153,4.982956001261864,4.522397697369252,4.014839513103164,5.065118769605948,4.448407181600725,4.379198839465772,4.229477886358892,4.820480576256905,3.9052865444620424,4.323703980048493,4.869875651101265,4.295777490536369,4.237044728199636,4.3750948143005335,4.460109296838437,3.854444026847678,4.694874374071751,4.562046173314247,4.643995049695169,3.8079370241363812,4.588109313249582,4.304851233263805,4.199695966144398,4.6602176299691145,4.211431199610229,4.813603254258626,4.089421855012572,5.032835316061966,4.012941962281859,4.7469808164238865,4.307779106696443,4.632514443496857,3.7488564343253743,4.780733596881223,4.478012858231857,4.091148173908388,4.5172822010517075,4.451157934168968,4.451646301349,4.186384734412029,4.677733183105781,4.410698087513442,4.132112953265504,4.628857776125266,4.35559846480687,4.408926461537674,4.335109081566328,4.391118668913838,4.3584400117397255,3.926806078751879,4.984117521047585,4.279670182863868,4.183239862124121,4.439566985865429,4.778419362803294,4.288120769063627,4.077627770105994,5.17063274264335,3.6659692792097713,4.980685115257893,4.1739632171392405,4.465475147763883,4.194245292146998,4.542710995972151,4.10053857296705,4.625852779746051,4.43175573120514,4.515238676468526,4.239803961912787,4.277894607086972,4.880068599879736,4.229025396505986,4.16920438935359,4.62262279570102,4.704886282185709,3.9808482002218524,4.239775011042751,4.3643621399998604,4.531432798703507,4.310425521532689,4.3980732952554975,4.470244780580197,4.011566831866897,4.8200314093629455,4.203569992184635,4.186998638808722,4.479061523675914,4.830866936345888,4.02652846097946,4.278770599961276,4.3172857470313675,4.4736172493298785,4.268113035460309,4.252208451827361,4.830521553556119,3.931550698777036,4.688696824312205,4.320171720087524,4.642622612615421,3.930478818913297,4.633127743701134,4.890886474450423,3.922074530720707,4.623416479925309,4.311721228261785,4.52912917554378,4.0604696932435,4.641301653683177,4.208112586537992,4.365505958497519,4.648732041319206,4.3147355874379425,4.478021308084323,4.595198367734745,4.835849511027329,3.970682602226731,4.75616550167401,4.349597604771452,4.426217577556764,4.124868992765742,4.753584203819428,4.367923632860177,4.263043151895201,4.671990994513028,4.566752178966994,4.347264346083,4.284675204157826,4.49024539848168,4.586379682918385,4.201392108897363,4.934455120464159,4.0909827784697175,4.262322478592392,4.37344820340474,4.648131930132701,4.077452970047788,4.47912838796774,4.761853568057213,4.175117566585536,4.29321903367837,4.512980571289851,4.280582959850626,3.952942815224325,4.910225929220512,4.421288361648712,4.3093364964922225,4.50126398434241,4.873156514962508,4.001945594449834,4.360147428115203,4.664174007276688,4.20851684659719,4.443079681297138,4.057318514784174,4.849662252863243,4.172088573873038,4.2527460891008335,4.614511548082027,4.648775558869039,4.533303518493965,4.344893208841478,4.40102585047483,3.974802234272159,4.78492753118276,4.463646593292548,4.467177701294417,4.102989990413185,4.991788639426225,4.269576332966483,4.285166237453614,4.537834696372344,4.7671752057472805,4.308167783319947,4.631498733262216,4.465263998607789,4.160251448452469,4.502063895364596,4.755022205611065,4.410658097962532,4.484202678402261,4.865067404508583,4.5188550264636635,4.3082121339440285,4.551896618604655,4.569296596844985,4.285233477652068,4.678947888513401,4.688754525184625,4.299939186970388,4.34203571448723,4.652250235478077,4.740282026131942,3.8808647511402734,4.92725883563359,4.330640308260913,4.637496678630505,4.353574422895904,4.768495610654347,4.337360064387316,4.153906126717723,4.673785272936019,4.534099364082014,4.227465404371415,4.993621324201419,4.466556868652497,4.50291986405849,4.360341617862378,4.8784040208657515,4.482726627190901,4.0821744712193775,4.996319038768602,4.272079679071899,4.411319383382792,4.68364233841498,4.4045021305481535,4.584821670850112,4.164442316095031,5.122049064238858,4.223184509078658,4.410497421920295,4.933946808576578,4.426990632414813,4.404397149483358,4.568538206020985,4.826571735242996,4.253399577041461,4.40665847510099,4.9142924324671355,4.387742582658922,4.421084036827081,4.732729820807768,4.805372229218477,4.395364837050432,4.898404999772701,4.428887854119135,4.792687464853123,4.459563275575632,4.972437643408768,4.3596533266703235,4.559782767693197,4.8515531694889,4.747835866113498,4.246819305221234,4.866217859884097,4.709949668745193,4.602109895249202,3.9463042722145683,5.066565487583472,3.9796689439813258,4.700006076991553,4.685700517197444,4.603088207443549,4.1565719028313906,4.822771880825355,4.488980303704732,4.311582413613793,4.681454500257963,4.906236153741672,4.083897075951095,4.689503068824604,4.3618790328502595,4.920272049109135,3.821459924578663,4.805682406127447,4.381330519219234,4.350581366519128,4.945380265414709,4.362784097790713,4.865105211039378,3.793384709656235,5.102574069499963,4.201505889495209,4.368927486340201,4.645790807108079,4.777236510415866,4.259785934785998,4.443514141837751,4.483572873969867,4.717501779297982,4.236546925405658,4.763021766344701,4.377808156112825,4.354580825169877,4.542173161904012,4.720221857428544,3.9633225841323503,4.863872432510052,3.912406021853285,4.609492616355413,3.9853449836373294,4.763024336795006,4.352431757847462,4.243378635247544,4.469013200501595,4.657678188582256,4.483129071394596,4.068889870444931,4.847983460326983,4.04682959069808,4.380897767444447,4.577731493413442,4.418690917491909,3.9183383885025944,4.368650654951726,4.63933394223451,4.0883664981524115,4.428181860248242,4.250273679594195,4.614282521903509,3.855943195223805,4.917158916095887,4.182386777698989,4.118439813454942,4.6090582882364535,4.149379600783185,4.346608079373832,4.000487793584662,4.622117391626034,4.107723953525221,4.214661969443158,4.730382302304104,4.556178899109358,3.6305796293417596,4.7310329344868585,4.552863374749814,4.058677104413506,4.230068238675591,4.413636011083916,4.477133335570489,3.7971814962228114,4.7654368917147245,3.95260168155034,4.475356271465613,4.121503609319525,4.45598266512155,4.336520367364083,4.426076878408587,4.546337308188274,3.9578675750891334,4.5716392078002235,4.476250046392277,4.150386130313075,3.8469338666399295,4.858784159223233,4.625984915395572,4.093386272887386,4.468310131827986,4.440773881574467,4.508362649679179,3.833331852952636,4.949623034993801,4.320389182666933,4.2154239563147184,4.434417121807729,4.314545225799078,4.601693501869833,4.22291450798511,4.751382326086357,4.077871396342909,4.442989053030804,4.72744552969932,4.097011649111903,4.630065153837199,4.324186156292752,4.7327335716287235,4.067483601470785,4.388676866491631,4.595029282768562,4.430292803744471,4.223917557597158,4.581901182631645,4.3539594708879745,4.3839951081077215,4.525842032829916,4.936875563859932,3.6041148061553616,4.8710202365120185,4.576187418202554,4.357053100864087,4.175243526995179,4.819210430582357,4.472857493857537,4.234997964998083,4.575029695530727,4.831110910475248,4.275604594349857,4.345821438630418,4.69292581021785,4.23699102679888,4.371268498897547,4.371253144542372,4.676983355780437,4.260231847862399,4.265154162744676,4.523324980537093,3.8137343383828775,4.925910273989037,4.1136150616407345,4.436021081705884,4.233587704499558,4.955313862760855,3.814201317032176,4.64981521169344,3.99495662907759,5.088551555573934,3.6684877757231376,4.7286676557858724,4.445740021467203,4.221650688449538,4.412320105036096,4.068335293730095,4.8169562865296935,3.810987596909202,4.695174666146431,4.355043207406993,4.543861473103359,3.789225307703016,4.8352539730071955,4.106930751701192,4.299314905802404,4.509934749305243,4.223807711402571,4.5745132543643265,3.823614128530023,5.103394557138276,3.6295666477084136,4.584229384859397,4.447060125867522,4.500163666903967,4.081883096595603,4.530653534432246,4.408483887215451,4.122194650073842,4.459433834950124,4.693685378531609,3.7875970319906833,4.6714163463314335,4.357123654882107,4.393232204814748,4.24984731038411,4.3681112096706975,4.194298566579815,4.147895603875313,4.274819030265008,4.728768108089758,4.229648281037804,4.297025684018924,4.617480549911654,4.258932402829324,4.073436484138167,4.822702404657993,4.155245265762008,4.475713062981758,4.259159835577007,4.5376877734065,4.301041885912414,4.271303684214746,4.778988903264198,4.066343796451882,4.414227706392602,4.585310187538458,4.471212893128391,3.96950045585632,4.808438081840668,4.406397249102586,4.2407781478762585,4.1747194314996365,4.7945975485444015,3.8936163199941287,4.570450543463225,4.241491047541296,4.713221663037931,4.1831958585977524,4.407370726962879,4.304688221613561,4.486883518099781,3.98929242422183,4.910426389674339,4.321779606441651,4.096758703589436,4.692324821352953,4.02012862761815,4.276713794767852,4.504303734898562,4.471978706717485,3.9351697514454504,4.842154166897131,4.245688742001847,4.507555568714931,4.343623599708076,4.464082168440019,4.542154637674485,3.745095125734802,4.861411861181252,4.3033555631836204,4.3975281706452325,4.116884045203523,4.6570278413097,4.1139891453584,4.317446420391395,4.721241517762338,4.173896849652127,4.166431213021275,4.407209347685171,4.57041376382112,4.159524179597692,4.389869201878701,4.459079439739379,4.675869170725341,3.946413991451259,4.677781981627141,4.393276320993895,4.170211662451424,4.4562648357947605,4.6420811014374035,4.187827244400973,4.218853437403833,4.472067166070138,4.321948144336536,4.347124882936474,4.745090846319986,4.323222051858899,4.448159001171582,4.163605891168114,4.772014310161267,3.9531487626830697,4.8583665965994145,4.542648823857301,4.6855166060725795,4.002478065192695,4.556259512404596,4.564051220615699,3.6643687264124525,4.930108581980063,4.068998593986031,4.57879083981116,3.9630281992753322,4.557367902497444,4.420118897457913,4.305000689824418,4.663385260999197,4.303117836515105,4.047457894980904,4.584458638230953,4.511495527128372,4.125078973372773,5.209108851552003,3.9825221143166187,4.8216912145415876,3.7714086660742736,4.721941097676749,4.463152109185848,4.120104827086126,4.867013332247726,3.838653309841947,4.842684142192199,3.9137078414360658,4.934527138968303,4.437249411344522,3.9988882025082875,4.660666523377094,4.033993460535999,4.611464055677249,3.950018691420553,4.9287790580590505,3.8157250598072983,4.947207868794593,4.470177005827421,4.279022872845328,4.298430686096346,4.41794859518607,4.967955290178452,4.056247618397073,4.606470580101007,4.335277798573172,4.549956464866791,4.36701768805583,4.41223408510287,4.543336965143677,4.316592366198694,4.856351720790062,4.417030976514016,4.3402785517772,4.407704669833178,4.664128303428485,4.019100770751632,4.808934014737599,4.6873680554826995,3.9843716800212814,4.215648813446359,4.601973489423586,4.551811054746304,4.049989777406053,4.488620332976177,4.3596611147125515,4.143032604257263,4.176060793002442,4.703606944580867,4.351507797241206,4.0810110830267226,4.517366976340606,4.839152118662987,3.586051412224768,5.0372913503646775,4.15594306449095,4.260246783594285,4.5133268656333225,4.273568380276358,4.389508244593934,4.146174964408075,4.529612481693421,4.155797874927518,4.239619716306522,4.705431413352485,4.51110705027977,3.856859775483606,4.46556836932897,4.815881665647024,4.228853334287798,4.297720017929867,4.432573976218696,4.774328421354286,3.700253971914449,4.699654435714078,4.369951055149233,4.029991698265071,4.5731351579228985,4.966999043126895,4.043397349516547,4.333347498079136,4.438238912721469,4.278418916066483,4.403013945917283,4.707659166951967,4.167102653582886,4.377838465174034,4.200996345877644,4.596305012106889,4.491684968769545,4.206551195383067,4.23290908892949,4.569084078768884,4.2314915492137235,4.330198768774664,4.5670247843861524,4.163709842165307,4.509499234457805,4.156269078056013,4.818286222616825,3.851120670835174,4.935306266546242,4.205627472897367,4.440373782515521,4.228740639090534,4.79235965073108,3.7823697636524805,4.404790854156012,4.8560329060753125,3.969434314866857,4.54057466467221,4.293932285805537,4.739496487677092,3.71263063728809,4.7390382469693755,4.431249132752413,3.871637300749616,4.741735510726764,4.476489009261125,4.660378679434453,3.7711645577351227,4.908877594868335,4.246362605094905,4.033840250571565,4.474214222431177,4.366530950963491,4.4209004963437675,4.247662938634549,4.3601307807366005,4.553608539700502,3.91730041235685,4.923579198916746,4.070226157605645,4.573920212984079,3.8750068796674384,5.04572040319442,3.5324663558602314,4.802987040082607,4.485251972575977,4.348619999686872,4.009485329290228,4.584849777917062,4.283979059457774,4.541366375784074,4.503165092865619,4.463821377754206,4.183580157756802,3.862549698154128,4.945714705586427,3.8721437864502235,4.95779966771602,4.336346724132692,4.618697825372212,4.19132152587175,4.416865233878289,4.60232240835825,4.257530460059638,4.770409713586165,4.229975876112774,4.6988713162143965,3.8181499656041433,5.14875236620505,3.894916341702139,4.568332654734447,4.297530173758661,4.679602750539773,4.211577920019623,4.373282354772085,4.8010578060150095,4.348183750112845,4.261812580923235,4.587577273845665,4.697374522586658,4.156748483180994,4.488653467992937,4.413789963622882,4.342895168066021,4.595809166034057,4.615059498051796,4.769671323398743,4.151519644856449,4.656393152077988,3.9374453695615093,4.4498222995797745,4.38826324909925,4.48932963530222,4.330977042516067,4.274474662840363,4.897244353989754,4.270277382632092,4.3802214731772695,4.382868609726423,4.7328985701998025,4.250817518134907,4.3989772516488985,5.072416216731064,3.626593843003113,4.886448001762223,4.3651345721880555,4.413270418643944,4.177111660738783,4.675503491858635,4.358138426542279,4.150546221931771,4.688135147790109,4.785397148927046,4.206189683874444,4.322202984690661,4.166519716580705,4.442392901281511,4.363378423055009,4.722013221482429,4.11553091237942,4.548950211207067,4.416347605089341,4.664492264091964,3.920058680872119,4.88260104109843,4.25033299783865,4.79434401939312,3.9390348716576864,4.689075531363481,4.511762923896307,3.9683079777161248,4.932742159167919,4.1296870919068605,4.610576458175973,4.074427854716773,4.982231204013022,4.187765573660527,4.45515227268139,4.638276542623832,4.598775114317729,4.000329385101792,4.89050712168216,4.383479399184381,4.485962866346036,4.289029174149032,4.677216791510576,4.6643875964482575,3.8385525709390613,4.875593555668984,4.097615368366237,4.511984902322286,4.230076076487696,4.594488899310424,4.21040664752324,4.5118967812259925,4.555427796443298,4.3007067285974765,4.4749152420957845,4.614924914340172,4.591561904847617,4.004916201730565,4.54309155662854,4.371733552217478,4.258948930899297,4.18014341562986,4.404347812136009,4.572101463675494,3.951915008127687,4.792137964864565,4.398433932860688,4.1465066921710925,4.66721223165591,4.273425656557078,4.1585990378260576,4.531860602299367,4.74254707505305,4.204301071166988,4.427481112678841,4.28875551273425,4.266117149094737,4.160892751018203,4.621422272920602,4.636753338575358,4.136886204580462,4.30733358830213,4.851832798222692,3.979433996677395,4.564248725871239,4.684682356317833,4.365397718250746,3.9612867193420698,5.027967189351711,4.106563449005281,4.378727465967334,4.600833647648488,4.41460946609576,4.385669021308418,4.135222406884031,4.570195380449288,4.579465081493054,4.231733220020925,4.2960501882433855,4.872388085623575,3.8545515745878176,4.365169295767941,5.071012768149369,4.237499285538986,4.185969540874158,4.294322824776168,4.800030275285237,3.7487759006023373,4.946142365535093,4.4117631566524445,4.139036651055015,4.449471380412574,4.476969599127765,4.530462886194382,3.8071114966273285,4.939283719162139,4.121104122598962,4.550105607509608,4.395454734166458,4.445052124361193,4.155472536683077,4.460131769080952,4.62035988291104,4.36406838069359,3.9597136448820396,4.826506797969334,4.27923519601424,4.407853805820142,4.4327511294682775,4.844064020216458,3.866740322411057,4.540339096585903,4.307590964337185,4.567207841873163,4.209272305270031,4.717921390732124,4.303135658005869,4.212214754919206,4.4733579630653,4.872041419049097,3.7992988726496675,4.877809175352249,4.228114748597139,4.76963434785604,3.840936706562835,4.769700383841985,4.543381038208797,4.070328022440269,4.686700797776376,4.359107474287346,4.329105403224623,4.436507441500817,4.815884514451021,4.402710556884601,4.037658577660716,5.015324186980717,4.417796780963734,4.318156651953853,4.308775345186387,4.566681303381915,4.35937473158041,4.468566738367076,4.5003313200672395,4.491728956401342,3.952550591826435,4.894585837026431,4.219367949068542,4.241878505746518,4.586118867297962,4.474049448370927,4.274108930528159,4.420638200243309,4.908251833021633,3.945590788225329,4.327636301914846,4.485905306140577,4.552937294940148,4.083344194293018,4.2994813092549595,4.8373277264833385,3.8824475114544184,4.8290632881720805,4.400913184185818,4.508079895476495,4.47871497780084,4.271706044673914,4.4127401836713105,3.9598588741819025,4.564350328445429,4.418942435185109,4.21166920860608,4.208774567544456,4.621957805156702,4.172380312879875,4.384019763271009,4.528384545147413,4.48161919643481,4.323003915051614,4.435982790589327,4.503296139339602,4.044287028213338,4.716211127738153,4.173105765581124,4.773462745745973,3.781839549740152,4.648102865517134,4.511211110552146,4.203924597104386,4.719939011732731,4.581635462840392,4.264825513164198,4.346786749660963,4.382089744706943,4.482313357194259,3.9732223453124336,4.816949106554184,4.487911832729971,3.966375151574608,4.5887578378121,4.27108418166637,4.657454727888101,4.341103947361305,4.366149453024065,4.56839674443006,4.074747849702832,4.727056366205209,4.369477982819077,4.141836532155668,4.7509896065791395,4.385436013638968,4.337109369635577,4.245153319537635,4.785471404194825,4.0824800815184865,4.308323419193423,5.044799901743723,4.50406611412763,4.312743593752381,4.6342344503601325,4.519084603488441,4.681369485557073,4.090872829556461,4.903251268764331,4.19854749411344,4.673366606036817,4.416577755312118,4.456921090185638,4.236473676760986,4.41106863001982,4.503405121068153,4.4122587420543,4.054504219293588,5.0063066075245475,3.8014735689759225,4.288542952934897,4.740592790544027,4.538719619015847,3.886376220981278,4.675026094516112,4.350002666711801,4.257488671143846,4.569033466776205,4.643049210011955,4.168317056496933,4.693420258760447,4.253790812691047,4.483102362453932,3.7638481595118805,4.688243331412468,4.437282588084534,4.364236969550446,4.3493765293558395,4.509042232036585,4.220975435475505,4.4692068272829,4.40621516068776,4.522097268998618,4.046884403725462,4.7927156193057625,4.688628408014768,3.8687456081310874,4.521412767569219,4.726870532631867,4.297464465101556,4.2857519772648764,4.72783470988273,4.699388185342147,4.221354546546933,4.627417999903355,4.564879562358057,4.087557575305298,4.648701202174023,4.19380709121624,4.762963871757185,3.9311652288834216,4.837751423219833,4.1661700394749595,4.352478185693419,4.483194633821641,4.586198081870867,4.288973794877525,4.26015575309594,4.927679402927551,3.9961934932072927,4.640031557480489,4.405512813727056,4.549469347099457,3.797633008162178,4.630966435372823,4.513652131656801,4.219137567281719,4.336734033922351,4.820178283552322,4.4233845770359,3.949167972902453,5.248897162179145,4.0580528663595485,4.4159463122487015,4.607662361860269,4.452276217838124,4.44809506853421,4.271228296458717,4.63349020560582,4.303496888577933,4.332689137856161,4.500029222468529,4.04486539016167,4.43348059991995,4.215256185233589,4.879320699075851,3.8864659588535604,4.53941632141669,4.720567774871979,4.192943056921159,4.451964490910367,4.550449208021158,4.35125470658143,4.072409515678879,4.91218007922172,4.059222021698946,4.9561345122257805,3.5615924775600405,5.346336914300913,3.508378206292786,5.061306337416165,4.17486496229966,4.836343485116952,4.053638844291365,4.592900111377234,4.547098629772656,4.491223195592558,4.399506212075545,4.688119562764957,4.729672932326788,3.9589575805266666,4.75404769410689,4.380099392831321,4.3812814809878615,4.510604155659671,4.575659395257626,4.611549967626725,4.269830004374182,4.663288741608455,4.330738168060774,4.125333604613936,4.878231526811911,4.462883087595299,4.630549440185223,4.221100192566708,5.018553236822281,3.9692993303139974,4.740684963464731,4.64948833684126,4.368642809391017,4.515670634309445,4.433254988988236,4.791957648495826,3.683696402808028,5.003309905628355,4.366426285703972,4.1568679970502815,4.389184904297188,4.792798122664285,4.536409393151596,4.088220342199003,4.762493668993308,4.4567491511503805,4.196395477652546,4.454996636013186,4.6771345192193925,4.345039880871767,4.173314502437904,4.923077565630271,4.090930226941898,4.426638539632158,4.805036053756866,4.571139188607528,4.313548022707298,4.559030275642866,4.8579492316643345,4.001988955736157,4.614492239157355,4.184162751436229,4.818981676101679,3.896236755847927,5.165618454217905,3.9545582801103545,4.633984538714086,4.5104751758774055,4.766514518360291,4.200053508977091,4.331805555423095,5.033530245323968,4.221309607326981,4.255065228343006,4.714465071360264,4.080547545254227,4.559122393131251,4.167570965886112,4.961588173409297,3.9160064495603217,4.8877169761061605,4.686113701264057,4.292060050070282,4.407401493191714,4.264176783064995,4.74381078342596,3.812852633496123,4.824939691722388,4.517784663736814,4.473095314701394,4.094550660252566,5.146687908569964,4.536687340339018,4.3037706025441445,4.675538396139935,4.73058193912108,4.44027545223633,4.1492603460947635,4.7255368244647915,4.166743364135421,4.469443290134266,4.692926120360687,4.180951588551199,4.486610519091283,4.772579119900857,4.567050606509045,4.248901588122044,4.718831450045104,4.399697324236228,4.754802977740759,3.8237779312332436,5.072133586406702,3.85566825062036,4.66087665299574,4.457089643279705,4.831304781436914,4.627930312554036,4.314028400977447,4.9414355281988716,3.6794073531031586,4.97545679310957,4.561089116930955,4.520273464421426,4.188459319472308,4.797533861994738,4.480078600744402,3.982570058504737,4.612501040498411,4.69321893334388,4.1783940481146145,4.4940774580836225,4.797455173035458,4.366797181765232,3.9862638436754514,4.91313689619302,4.342158409257725,4.294201727410153,4.555526028076803,4.233185006380078,4.599007137119765,4.017244644165036,4.99181867539882,3.8391134728987977,4.658599740266794,4.981237159967415,3.978536789317922,4.390282892882819,4.398456195195511,4.787603232959899,4.088779424826301,4.795539548397058,4.609661528269443,4.40221318364143,4.234662884076432,4.4822592484950965,4.6274837961792885,4.009260684152442,4.7904952460527355,4.609322434167063,4.166697032550966,4.191278176407016,4.761019547283643,4.229270623127616,4.543387807309622,4.842169056236737,3.924758683443066,4.622003849744791,4.264184362689651,4.627278727392349,4.281841645042098,4.413273596068218,4.856058210829888,4.182395067811006,4.17393610825141,4.844791013697775,4.167704852521416,4.369990909794961,4.566930952270821,4.406514578660324,4.005525990724561,4.655700397392108,4.563102581103638,4.145680020650224,4.632027001778279,4.235526680648323,4.7184835961461005,3.999460812707739,4.4998319786786976,4.625126055479044,4.039351279735562,4.564335728685056,4.542977615495517,4.48131023784478,3.9543058433135307,4.732396380404626,4.06312136818965,4.260315056045845,4.404691146711503,4.373219194213544,4.498097975254054,3.8794765189290006,4.728308477501068,3.9948533559838895,4.601592164734995,4.305165062745408,4.456336902081961,3.8668809509277313,4.63008993973334,4.325491759181019,3.992998180190718,4.661017185151572,4.338103769123548,4.573535426656399,3.8074796381592724,4.813035473227495,3.990618143081662,4.577038220465178,4.39822076161702,4.48518674820661,4.457741817931328,3.6704979116717955,5.263944215178484,3.471526783704757,4.820010737180704,3.904519767761228,4.7562039181590015,3.7891070417563086,4.932919299900526,4.45046725004911,4.295114026864365,4.501611831585562,4.307951422135031,4.266960272192951,4.342522953351334,4.8705509949723815,4.099947868684924,4.334068800707652,4.831518131395175,4.296693598031994,4.362374359667296,4.064581486980116,4.868088340063882,3.8038132754961635,4.735745669205977,4.036477636794246,4.775939370791111,3.920541919370489,4.774756573935344,4.823582501908136,3.8592332703868504,4.84373225063085,3.9149416646361312,4.484961525400475,3.771731412609415,5.00287068029244,4.6805008096496215,4.162949011127149,4.270148044725255,4.453107166985665,4.31307593295971,4.564692406058306,4.425870634714757,4.693034569720422,4.144811434745783,4.7839968150854055,4.032856537202989,4.267295519908265,4.71352421621481,4.494099924763038,4.267597008049482,4.380792704125241,4.870486556986961,4.141970444122946,4.341561785240963,4.638542657494539,4.286564143598074,4.357875671188031,4.472178827424838,4.5050418963034895,4.342875843445455,4.184002074201897,5.043987293839447,4.287339009543254,4.347725182175633,4.561857823034121,4.224552823106444,4.425359692772225,4.111001387039817,5.051247013012561,3.674656899372735,4.768480330010248,4.584798300961648,4.638959246675167,3.8541514908273986,4.698195500969881,4.473517010410621,4.263350799282389,4.496142668823396,4.6274583662549595,4.25773722082376,4.654146374265348,4.749435208141798,3.9980739911397256,4.4925573950012465,4.66168683936198,4.294193580746646,4.050507008234656,4.504470925033087,4.5291763120889605,3.8464157866438207,4.458215556144709,4.858938678602371,4.044799260894454,3.9786077667276034,4.517782613138352,4.422585128843779,4.254181283116337,4.678932818373038,4.391103595296537,4.246229864358898,4.0862793138623195,4.6652437699834435,4.473947183291113,4.062662234107649,4.645242659648254,4.375929218828673,4.385350656012689,4.154571634928382,4.838865697880579,3.939446089665091,4.7974612960219325,4.183265264928337,4.792347638706361,3.8497001299262013,4.6739390823245,4.070677992701526,4.5046024749676326,4.364433037837341,4.452831571400161,4.132333624164259,4.154933166205878,4.871844963033988,4.196418930689489,4.570075231293831,4.216241800089672,4.922838811874383,3.6375215631723368,4.913627209862067,4.4150416830182015,4.070451634228226,4.442643899122868,4.465916211108362,4.521772112747028,3.9840387501319214,4.8015943337480165,4.135967036783692,4.306429638663923,4.387912735044951,4.5238750951488775,4.714037095109615,4.084468324780462,4.810449697871996,4.108996652762091,4.482885427872334,4.41683106333017,4.397504969835276,4.2753184467554055,4.296054568489387,4.910653648177776,3.877148457467553,4.53959845801194,4.599735658963516,4.651364809274667,4.09967095126708,4.7291698427994975,4.44064922491709,4.054033334553238,4.498146420220529,4.167097985744473,4.460477596521373,4.349255898992216,4.975617738962166,3.7977942417065287,4.527305975556367,4.152692876656847,4.890666467646751,3.9474411443869246,4.648989157179985,4.22176580359538,4.394207901855305,4.519816256264841,4.58139036605755,4.3511270008484475,4.386393882731592,4.719382825493806,4.156206988890961,4.3845670548081355,3.9358764057358075,5.16555282980203,3.795253068010009,4.79126033008098,4.553685396512343,4.141059717337286,4.017549884517985,4.808818277219927,4.443304736713562,4.001691940228141,4.383211065928136,4.497438951929405,4.093949217001593,4.410237515171364,4.520229240159189,4.809481314619376,3.7721852083007463,5.072401427725945,3.803260588049886,4.761142135262484,4.11836705178022,4.467123962541415,4.35291148692369,4.515393916368478,4.775196283757681,4.186743718485034,4.62921498358249,3.8863966565330794,4.850555402934544,3.6266298156976666,4.9396202708283985,4.115716045896208,4.73243624011675,4.103444773058093,4.787469897369538,4.426434048513567,3.9214302817980418,4.688058305780086,4.23731253266334,4.535658199588451,4.236779995858664,4.731094089150423,3.7067692614595074,4.685237576762829,4.460683412849898,4.314913665652271,4.265021723310149,4.571734879612918,4.267100964486595,3.8994969294468524,4.832125984529648,4.612871576547616,4.2030629234512595,4.1756537074844005,4.697117588520043,4.2515603926777805,4.407244286139801,4.221728010475632,4.529881500601763,3.975893964767453,4.618989204366996,4.725567065676047,3.860762517849602,4.745712327758465,4.420588940183317,4.569019008278841,4.233472704887387,4.673113389611238,4.259242514371867,4.396149382690584,4.621716604232782,4.611326250533257,3.9916617023944827,4.7329523977637225,4.6882038802901835,4.373090869585668,3.872458586295443,4.893803144395345,4.240451046923792,4.676297765771541,3.97626285721858,4.852526338696473,3.8641269498070057,4.5602011085549945,4.620756424963469,3.9924640619754745,4.761466202040508,4.422099973956739,4.53110741347074,4.275894322693344,4.4807133375604895,4.892081270416571,4.016973768671349,4.837201956709221,4.251296098728969,4.833516705731545,4.084245139261082,4.7957348156968695,4.4663935091098095,4.41855141818523,4.539584453801307,4.941307802895698,3.9990432763099633,4.413546132743354,4.916703003247573,4.099329783419765,4.719018068710956,4.277423294583952,4.490418591598664,4.1666763956348065,4.377774841090039,4.920093576908105,4.03525826046864,4.679432652691994,4.181644076804316,4.500021015008285,3.8928915751973756,4.9544276517629555,4.214657177825765,4.413088743786012,4.383619676431016,4.56482556343078,4.060770605107145,4.586317978699997,4.697050855358436,4.45342100689808,4.100756311615305,4.520828912556166,4.57243350495894,4.265504242678479,4.242913360893722,4.594470964272811,4.084006415605541,4.507375108400976,4.293087968826288,4.344013303617631,4.052868970831233,4.5991137249271015,4.630842108627156,4.123376881380871,4.739197757144763,4.3876482915878245,4.311656423807139,4.086832419435179,4.719187629719569,4.1933970823883975,4.481463870704169,4.4116861368219,4.298294705251849,4.269438120623425,4.230396227141217,4.578820729553693,3.925154895782468,4.702215909262493,4.40920426746209,4.469155657788113,3.8787781693538,4.653064316709831,4.025572318732735,4.601880384186899,4.158743821481859,4.618262361288066,4.137049772342042,4.2594553460677425,4.620516886810456,4.042809822857375,4.330070774356521,4.397836708724493,4.359721132020152,4.27452378471692,4.299595231811201,4.801943723559373,3.793506903449691,4.6087130453189165,4.5142078538735655,4.213013058602806,4.227362714509165,4.81748722404241,4.27662738313277,4.375903709232802,4.445117713510985,4.3786433519919665,4.3458517196774435,4.2580994671583134,4.211329584022359,4.531519270837303,4.2055207681655835,4.94276530961195,4.0923695343732795,4.127257744272546,4.425265137950574,4.808208883504066,4.021447965204713,4.373821273346737,4.93525514831145,3.8979822884003283,4.335593614677585,4.434414223531876,4.747767847875748,3.875463415880994,4.715665201842779,4.179094227254386,4.440255826016261,4.360681260327494,4.58088972906271,4.137143569091952,4.39461298803488,4.80616751601298,4.411148005028561,4.27698455760876,4.589846854408576,4.24735485553741,4.302313433587546,4.837349513769145,4.167052164077754,4.697140647371605,3.516203857163585,5.270999184846874,3.9163512155413587,4.410914190212882,4.502410645484918,4.640787038008365,4.6157071549693685,3.7096981577078476,5.124138150215142,3.6677545861403127,4.886488456527386,4.153144738972183,4.6580657202998745,3.80773952692747,4.762764629324272,4.521955234209691,4.2424630160133,4.304998788138226,4.572284787893289,4.1861484956741295,4.136308676103747,4.607793583869928,4.608784542679782,4.214786037504669,4.57964312811692,4.370771020054812,4.152263636887071,4.6243911216656315,4.322491334676738,4.378902342120801,4.2737707901000945,4.6533828121423655,4.237042881250378,4.557526069184138,4.449728183547651,4.5522692105174,4.22087119410435,4.507863520185148,4.659858392973735,4.300959288875258,4.379196597139035,4.588525206148619,4.580197526812547,4.211861309309796,4.350071549614267,4.653857566714282,4.342843709886069,4.459346061050886,5.017049952844772,4.273031012415881,4.551340849498903,4.303553097148731,4.927076142827663,3.746528610388436,5.224315766096108,4.381143542031442,4.447309668759499,4.431387340426441,4.513985311388963,4.437612452010309,4.262793586552139,4.756865706741803,4.515688245594497,4.162155473033583,4.816036517322058,4.574736729264253,4.086412456730997,4.586603361666197,4.350439583758508,4.631945441067214,4.240652798513566,4.837835328876967,4.399380013446007,4.304687467714147,4.348634767929708,5.152634879549338,4.336417257289088,5.120114155809078,4.334767283002531,5.233083132902774,4.069122220675148,5.319613475104166,4.690205521086847,4.764185214638704,5.021660449405505,4.705237429340674,5.240819373627499,4.0028169590234715,5.411491270562006,4.228930033246671,4.922089131971194,4.635444116791085,5.173432500958435,3.8403665628035832,4.812887298862132,4.5178461485107695,4.716166354616478,4.324208706021304,5.4511523022254265,4.064176381528373,5.206992593010261,4.35294186641772,5.262610287467632,4.053970539669192,5.0614073146382905,4.490140534142649,4.739321166574948,4.637165024777249,4.894199834664655,4.7114544046918505,4.067394626835978,5.10622848083575,4.086323119898632,4.780621633927022,4.205003551741438,5.166198007961107,4.0040683309237135,4.892111229797197,4.457368478973702,4.556224525968228,4.381862047513321,4.787058081229521,5.093167766133936,4.111324880520498,4.569160794218376,4.544166121582184,4.738565983474249,4.495880641539887,4.683910323679441,4.427899162073926,4.429285925130043,4.7428957361976245,4.638103339771423,4.192416299680865,4.968884595731887,4.869823980132733,4.249924764633175,5.046887083450947,4.904338439603639,4.650901246567561,3.826971158087252,5.2015984367330805,4.500023203790182,4.3567424554626095,4.8180528731147385,4.898034251133593,4.387153823177015,4.759774429301415,4.921027979453398,4.4294131089250195,4.6603579309582654,4.814957770307852,4.371926858027772,4.683156634668504,4.531382350623602,4.685264939467106,4.194291448990499,4.951482714811954,5.2050129518906205,3.857158780097958,4.913173185586923,4.358966425359244,4.940201920767618,4.302212582429245,4.707043765087916,4.953792410890254,3.804768829743064,4.962558139165236,4.522358244856192,4.6024991823236086,4.7240319101015675,4.979332096477343,4.676736497183635,3.8557814723253228,5.211822812159849,4.324449914197123,4.767628922462459,3.877663533687589,5.081608175834012,4.537122415999566,4.061044588088985,5.289632113575928,4.349124972323572,4.450807075103119,4.348868481715515,5.025187107821299,3.751472169458862,4.9215031191706595,4.306930643022055,4.516924388309315,3.985545342167216,4.789896891713138,4.5544389327367085,3.954032633701957,5.01697650154431,4.464453341464196,4.267166419426596,4.5677228529254545,4.882001398503774,4.618377534747118,3.966485656499858,5.180298722386353,4.523379642466698,4.7706018060445725,4.60442314187685,4.998895820180568,4.178543206155296,4.554410609702264,4.81779217342535,4.473419340948259,4.83135599692662,4.655090203483892,4.804905760089552,3.8350249358018194,5.114126604298744,4.5345655408501555,4.628806869983669,4.427287691136194,4.97527236570914,4.3384010964631985,4.33878408759832,4.859108002980543,4.685711296200745,4.639620962142939,4.594474820395304,4.86741971602042,4.475148578981552,4.380304847955699,4.84075295120477,4.526523412168022,4.658519072035943,4.825173702239984,4.935760198632869,4.248825156887367,5.0969777397314635,4.495722180008882,4.9146611232558834,4.489698215822373,5.167697688341134,4.455842286845043,4.246681774655973,4.965078034798298,4.571528148353093,4.351435871422286,4.875854699512316,4.723451221982634,5.086646622220668,4.123033499717709,5.252710579435023,4.396521126230553,5.170426979362958,4.68656974335511,4.777327472964916,4.803789596160247,4.261717463930443,5.3153138500451975,4.720406053066249,4.923763641615702,5.008798461457087,4.541114479204013,4.862714797258371,5.268176349798831,4.4335032659769,4.519103544056411,4.897072878281268,5.341246236860746,4.523806587656334,4.314643530348932,4.973805347979061,4.770813982983424,4.297288970748579,4.836182972292098,4.543620875179762,4.270974243481948,5.243919454018269,4.659846469859276,4.2869518639643935,4.908049622078729,4.837230622172349,4.594077292978757,4.351232751905914,4.749627324740084,4.899968517323329,4.305550564328823,4.702772183716292,4.731146488090348,4.816147393484903,4.571344185074165,4.602149186333015,4.388550112942849,4.524438699483866,5.145766423543287,4.214286234776174,4.68171861459811,4.592535107334449,4.646614355941607,4.401707172195112,4.246567157308256,4.97555650989214,3.9404284536838508,4.7981271919608055,4.667144110600148,4.550702858070527,4.061056455969807,4.807979804078731,4.8437099900841645,4.746443020999425,4.331575401226675,4.613562905887758,4.33277234623829,4.386948759555812,4.706783386170859,4.2187590596079785,4.758901372154547,4.378606607019897,4.9156766369938785,3.990482522845265,4.315539054671919,4.886764476994666,4.256882554590698,4.597033752997712,4.474321289360518,4.592653586963806,4.166839045087493,4.97066278934478,4.665110901494815,4.5191268612941045
