8.540135831236839,8.552995481491088,9.43917139828205,8.307364354729652,9.563279361128806,8.588865237832069,7.737475237250328,10.76507682442665,6.696526383161545,11.931670874357224,4.895264000296593,12.455439971089364,5.0461842960119245,10.495972964167596,7.8884602624177935,7.5099105346202855,8.303859637975693,8.185931823253632,7.79902467906475,8.04271086871624,8.460591297149659,7.738240832090378,9.052806411385536,7.633144237995148,9.938293801546097,6.598832263946533,11.849873145222665,6.692005026936531,8.810355929732323,9.644702337384224,6.671790001988411,10.759446256756782,6.924973581433296,8.794476556777955,8.884566459655762,6.802787516117096,11.432969899773598,6.546424018144608,8.290810157060623,9.937971970438957,6.642661535143852,10.259328166246414,7.735883142352105,7.967541661858559,9.891802318096161,6.845247989892959,9.386730105280876,8.627081443071365,7.981859807372093,9.26384116590023,7.865870553851128,9.20050200164318,7.776943934559822,8.862265654802322,8.54154949903488,7.675519281029701,10.117523233294486,7.441658802032471,8.123028432130814,9.13894849359989,7.688229765295983,9.283141185045242,8.6980013358593,7.764573723673821,9.333608296513557,7.691236962676048,8.742871365547181,8.565934962630273,8.229587225914,8.65716184914112,8.313253265619277,8.602939502596856,8.491450446248054,8.562614483833313,8.650195642113685,8.16194857954979,8.657195444107055,8.586457783579826,8.314604178071022,9.189927841424941,7.733471192121506,9.232854781746864,8.198894358277322,8.53254054427147,8.996122481822967,7.7012386411428455,9.73395122230053,7.925689162015915,8.532481911182403,9.130958635210991,7.989581788182258,8.734669556021691,8.463975706100463,8.657108165025711,8.903260325193406,8.245667881369592,8.80803282380104,9.351772942543029,8.48807658970356,8.325647174715996,8.886720284819603,8.691079996824264,8.774873773455619,8.620646269321442,7.975988032221794,9.119720894098283,8.718419919013977,8.258238723874092,8.75041097342968,9.396113684773445,7.632644237279892,9.553149150013924,8.29957620859146,8.464123292565345,8.515880522727967,8.490277621746063,9.53702063858509,7.76495071709156,8.842977436184883,8.467322245240211,8.208399943113328,9.451074718236923,7.409632002711296,9.323074280619622,7.934369928836823,8.12810200572014,9.350383096933365,7.948278936743736,8.401440894603729,8.620033950209617,8.219450845122337,8.029793990850449,8.115233388543128,8.823488243222236,8.364773669242858,8.00829236805439,8.243961102962494,8.640293481349945,7.6953899371624,9.279555141329766,7.968740140199661,7.8358696919679645,8.540356985330583,8.974188971519471,7.921509737372398,8.789919625520707,8.020290223956108,8.455408994555473,8.573786514997483,7.744798249006271,9.446320787668228,7.864307460188866,8.45900564789772,8.714028553366662,7.892585979104042,8.810654731988906,7.704935904741287,9.501405102610589,7.659871528744698,8.799895585179328,8.519031948447228,8.304286900162698,8.442588114738465,8.747064510583877,8.848696206212043,7.722099288702011,8.444104268550873,9.047900802493096,7.646103144884109,9.036055824160576,7.783299008011818,9.192906356453896,7.744690143465996,8.627156422138214,8.837731446027755,7.98791267156601,8.944745421409607,8.365585758090019,8.534303877353668,8.513413001298904,7.934137297868729,8.85367132127285,8.088562240600586,8.89125202715397,8.304804311990738,8.246323834061622,8.80491770207882,8.17661702990532,9.243200501799583,7.546352742910385,9.54464443564415,7.815589036345482,9.01261944115162,8.504339151978492,8.29044480919838,9.177854340672493,7.5019863784313205,9.703638536334038,7.661760945320129,8.94271754026413,8.59203722000122,8.90938839495182,8.524025708436966,8.237093848586083,9.286358449459076,7.589129718542099,9.618083995580673,7.840159702897072,8.9260634213686,8.47071431517601,8.447661910653114,8.547716543674468,8.412487841248513,8.770735027194023,8.4935680693388,7.871245456933975,9.570705080032349,7.5245761513710026,8.917896476984025,8.845832815766334,8.460079508423805,8.720452153682709,8.013480376005173,9.048257873058319,8.308055590987205,8.861536495089531,7.997029886841774,8.535777346491814,8.684136611819268,8.100643870830536,9.117826100587845,7.928462296128273,9.459049848914146,8.119567813277245,9.013572456240654,8.216137173175811,8.822197866439819,8.651101647019386,7.997977795004845,8.87444922208786,8.555422558188438,8.468499258160591,8.856987221837043,7.984963048100472,8.852472057938575,8.820875329971313,8.122012133002281,9.1682063549757,8.51215413749218,8.501396551728249,8.617011695504189,8.15146313726902,8.959606153964996,8.175312799811364,8.986827839016915,8.647869139909744,8.356009937524796,9.190859647989273,8.047341436743736,9.187175369262695,7.628624178767204,9.346229016184807,8.52274745941162,9.117526762485504,8.373583275079728,7.757004057765007,9.646639086604118,8.366310836076737,8.44192921102047,8.945850941538811,8.412085230350494,9.895524148344993,7.968864244818687,9.405839036107063,9.244500349760056,9.152462881803512,9.136724492907524,9.6160657954216,9.180340037941933,9.265437149405479,9.690240072607994,8.766436966061592,10.069643815159798,8.660256913900376,9.795659486055374,9.008158887028694,9.461823573112488,9.407448056340218,9.308516103625298,9.196097141504287,9.366619415283203,9.202480694055557,8.878965979814529,9.050394687056542,9.407323397397995,8.96010868549347,9.467058995962143,9.226580157279969,9.234676495194435,9.001605643630027,9.089009078741073,9.057374449968338,9.001009997725486,9.139613713622094,9.056222319602966,9.113052229881287,9.250313709378242,9.381551378965378,9.177406923770905,9.41389877140522,9.347472954392433,9.219622634649276,9.28806178033352,9.337908815145493,9.002554011940957,8.935549156665802,9.072629452943803,9.138865221142769,8.844463933706283,9.145186297297478,9.420629057884216,9.077309801578522,9.235661416053771,8.757705659866334,8.931261364817619,8.663643580079079,8.730800611376763,8.46537535905838,8.269025792479516,8.261564150452614,8.324720618724823,8.23855287194252,8.213162419199943,8.36351750433445,8.505680288672448,8.484059696793556,8.485446748137473,8.466824136972427,8.191831188201904,8.087110352516174,8.163518878221511,8.082947033047676,7.938634672164917,8.128390611410142,8.104166543483734,8.00951144337654,8.165639251470566,8.270274263620376,8.263131900429725,8.301230499744415,8.397482352256775,8.180129327178001,8.17974368572235,8.297429290413856,8.439990473985672,8.367191691994668,8.460350230932235,8.62925451338291,8.379979636669159,8.314392107725144,8.30456609427929,8.20375173985958,8.100853298306465,8.152384247779846,8.187473937869072,8.060870985388755,8.044530897140502,8.062810466885567,7.853328365683556,7.970074140429497,8.014118561148644,7.955153580307961,8.149652438163757,8.208866699934006,8.119663903713226,7.9662796342372895,7.9393328607082365,7.867145091891289,7.862154819965363,7.929872401952744,7.94938377559185,7.8444590675830845,7.967229284644127,8.160016258358956,8.202878225445748,8.079905856847763,8.088973431587219,8.082413495779038,7.908750041723251,7.856136051416397,7.953778876066208,7.897621634006501,7.902335304617882,8.056107746958732,7.941188595294952,8.073868534564973,8.27483636200428,8.194985635876655,8.13702220261097,8.043658304214478,7.922996791601181,7.672061058878898,7.69404191672802,7.974171624183655,8.02844780266285,7.90213163793087,7.904010397791862,7.887485465407371,7.857761685252189,7.844200909733773,7.8459222435951235,7.833891562223434,7.723799901604653,7.834910771250724,7.825409806966782,7.791862642765045,7.883425545692444,7.869929263591766,7.756999790072441,7.734191036224365,7.828011631965637,7.8346846342086796,7.728066868185997,7.850717088580131,7.808571723103523,7.6967789822816846,7.73496109187603,7.70050242960453,7.720361707806587,7.662214737534523,7.7845881682634355,7.683391733169556,7.552858763337135,7.723455684781075,7.6111715644598,7.578278598189354,7.707206784486771,7.69421273291111,7.628267949223519,7.614679197072983,7.7235191243886945,7.700566325783729,7.626311390995979,7.700706115961075,7.677605490088463,7.640434837937355,7.725045222043991,7.716552545428276,7.669301303625107,7.646453976035118,7.736755355596542,7.602233390808106,7.523248123526574,7.560127310752868,7.633637618422508,7.576802238225937,7.6885823881626125,7.697927258610726,7.701021658182144,7.714963117837906,7.79405745446682,7.663860232830047,7.704532861113548,7.72197193145752,7.653526921868324,7.617716910243034,7.750372279882431,7.638984322547913,7.675264568328857,7.715987825989723,7.850813673138618,7.91063393175602,7.876450613737107,7.9989927262067795,8.105894046425819,7.900777939558029,7.923861545920372,7.985709145069122,7.891654406189918,7.796271679997444,7.8459963315725325,7.779094899892807,7.710929863452911,7.832940474152565,7.7364661204814915,7.695842404961586,7.798094044327736,7.814281714558601,7.773969289064407,7.809279389977455,7.854269056320191,7.745713109374046,7.6416466724872585,7.809739369153976,7.696694806218147,7.685943964123726,7.774846625328064,7.7827945017814635,7.707567005753517,7.71723073720932,7.773000672459602,7.767139658927918,7.602148465514183,7.853495723605156,7.815986832380295,7.726890026330948,7.868381651639939,7.9767776530981065,7.90315747499466,7.962805352807045,7.880926213264465,7.811056183576584,7.805631885528564,7.9128911870718,7.765094470977783,7.650592808127403,7.752790040969849,7.692152465581894,7.667096363902092,7.691283779144287,7.757426474690437,7.668998811841011,7.572667638659477,7.679702168107033,7.652138257622719,7.600409050583839,7.666866238117218,7.7056470715999605,7.546162204742432,7.594187068939209,7.6357326459884645,7.531744191646576,7.416717342734337,7.605607563257218,7.53249800145626,7.579913570284844,7.585598708987236,7.625043222904205,7.557206390500069,7.491353269219399,7.611222808361053,7.555701349377632,7.422331134080887,7.583263138532638,7.532679734230041,7.4266700994968415,7.58578173995018,7.594607834815979,7.480248914957047,7.538655732870102,7.612225046753883,7.563001185655594,7.412913451194763,7.534881141781807,7.490805893540382,7.494864645600319,7.598204621076584,7.69558730661869,7.7306663328409195,7.839660581946373,7.886155840754509,7.898020684719086,7.902260621786118,7.812241545319557,7.625177261829376,7.67675604224205,7.9118652760982515,7.766736935973167,7.794528830051422,7.792654150724411,7.688044615983963,7.751090939640999,7.7430302864313125,7.695181494951248,7.632386386394501,7.689678607583046,7.761942856907845,7.72937348484993,7.536589167714119,7.556237040162086,7.7657367378473285,7.699859318137169,7.66199226975441,7.796764717102051,7.830607527494431,7.770063244104385,7.774687691926956,7.747542730569839,7.633715988397598,7.7287702465057375,7.781739013195038,7.723338799476624,7.685799127817154,7.797418920993805,7.697055213451385,7.631730071902275,7.987145087718964,7.920887390375137,7.775351507663727,7.802204487323761,8.168938788175582,8.55895265877247,9.006041689515113,9.207616065740586,8.713683744072915,8.25840421974659,8.291727206707002,8.240158571004867,8.16254689335823,8.271939552426339,8.349105944633484,8.418982081413269,8.239162996411324,8.317297279238701,8.17406179010868,7.9530793291330335,7.934763945937156,7.966972764730453,7.895835608839989,7.85289102256298,7.871641036868096,7.905194433927536,7.877855488061905,7.921272585391998,7.908588430285453,7.8857877314090725,7.9206171244382855,8.003278841376305,7.867755286693573,7.7386697113513945,7.843424211740494,7.767015135288238,7.781373925805092,7.799387589097023,7.727830956578255,7.721345053315162,7.7852332675457,7.82754710316658,7.811469783186912,7.904535406827927,7.913533077836036,7.812053413391113,7.720161104798317,7.839477728009224,7.718530409932137,7.723499352931976,7.799546046853066,7.857783239483833,7.723420712947846,7.678325425982475,7.8101416248083115,7.781031935214997,7.6747340953350065,7.74376866877079,7.692721193432808,7.716562873721123,7.8030218303203585,7.833872305750847,7.7564397531747815,7.773235841989517,7.803671253919601,7.730500083565712,7.652964010834694,7.829081324934959,7.712404316067696,7.741848397254944,7.81030544757843,7.9217352122068405,7.736860189437866,7.70006535410881,7.775735102295876,7.837465002536773,7.747198877930641,7.77784323811531,7.723251658678055,7.660322467684746,7.673968889713287,7.805091899633408,7.639321226477623,7.627050003409385,7.809008434414864,7.726502475738525,7.6191726106405255,7.663196656107902,7.695033231377602,7.6561940449476245,7.6839304959774015,7.765881078243256,7.6888265752792355,7.7361028057336805,7.779596351385116,7.674259355068207,7.645721057057381,7.723329691886902,7.668553457856178,7.61982633292675,7.744902527928352,7.752638840675354,7.66712341606617,7.609396619200706,7.709782317280769,7.710970244407654,7.543800007104874,7.68596524477005,7.688883152604103,7.573932734727859,7.691083495020866,7.750747933983803,7.699066403508186,7.6071953493356705,7.78530920624733,7.751110153198242,7.587042900323868,7.732017516493797,7.746304956674575,7.691430961489678,7.693264148235321,7.784450917243958,7.74254374742508,7.702265915870666,7.771649780869484,7.742936543822289,7.720574499368667,7.724198437333107,7.730637330412865,7.688052421212197,7.695208707451821,7.778423897624016,7.709072359204292,7.641240193247795,7.64786924302578,7.809995336532593,7.646717090010643,7.720483677387238,7.708397572040558,7.69498705804348,7.694465371370316,7.754781575202942,7.723907744288445,7.711553571820259,7.8147333329916,7.751186152100563,7.752041135430336,7.878096036314965,7.92860172867775,7.871269634366035,7.853055719733238,7.92704902946949,7.973185424804687,7.919603928923607,7.944860317707062,7.8739674299955364,7.74007628262043,7.75506374835968,7.789600374698639,7.777840812802315,7.8021836030483245,7.820606238842011,7.710906979441643,7.674033108949661,7.635067740678787,7.502943179607391,7.371443457007408,7.481989030241966,7.3930484408140185,7.35597208738327,7.522338438630104,7.604853837490082,7.656160528659821,7.654660440683365,7.8036664074659345,7.730606169700622,7.681284117698669,7.819218656420707,7.7520860916376115,7.710684769153595,7.831123898029327,7.823410338759422,7.7936861485242845,7.742173984646797,7.82132120847702,7.8150899463891985,7.685714668035507,7.816815294623375,7.837342064380646,7.798123203516006,7.8535080271959306,7.8652871209383015,7.76481740295887,7.723841434717178,7.799160672426224,7.744110314249992,7.563575667142868,7.684020463228226,7.746283926367759,7.71769606590271,7.771686734557152,7.650031966567039,7.193144649267197,8.21007141649723,9.501165330410004,9.015731435418129,8.146573777794838,9.185322813987732,8.799053352475166,7.956271895170212,8.147977176308633,8.21513237118721,7.784454289674759,7.765647090673447,7.605262650847435,7.76609802544117,7.668591457009316,7.699509862661362,7.72468681037426,7.584363508224487,7.729741452932358,7.516985467076301,7.452554028034211,7.578515365719795,7.682968413233757,7.664149152040482,7.641969764232636,7.592975916266441,7.505134328603744,7.564192596673966,7.642064965367317,7.58496232509613,7.592193137407303,7.649472472071648,7.690351450443268,7.576553345322609,7.6155210953950885,7.670734922885895,7.704758447408676,7.6120805150270465,7.639068061113358,7.622575081586838,7.511583244204521,7.57374342918396,7.615629648566246,7.652684415578842,7.654091036319732,7.6888642704486845,7.650388105511666,7.586344606876374,7.698619151115418,7.74619800567627,7.763020126223564,7.766342555880547,7.8166705048084255,7.720731293559075,7.596087027788162,7.607092633843422,7.652796476483345,7.56760956287384,7.734127215743065,7.689688383340836,7.653112185597419,7.683751067519188,7.646108077764511,7.596116607189178,7.581361561417579,7.695970175862312,7.656197169423104,7.589633470177651,7.700140286684036,7.745189307332039,7.572507707476616,7.630437239408493,7.691852030754089,7.733667359948158,7.628233740925789,7.701776756644249,7.65122325181961,7.608861237168312,7.686055495142937,7.638824097514153,7.692301123142243,7.604103910923004,7.677012842297554,7.700173025727272,7.599966740012169,7.697951830029488,7.650866037607193,7.600959913134575,7.753941363096237,7.750808166265488,7.686397854089737,7.789444332718849,7.852723193764686,7.780057653784752,7.665036631226539,7.761597201228142,7.737506244778633,7.662201637029648,7.793616330623626,7.745535137653351,7.687035759091377,7.742056068778038,7.779105300307274,7.686055995225907,7.723416793942452,7.8583865892887115,7.796356656551361,7.814875348210335,7.883190683722496,7.939520711898804,8.086810433864594,8.145533035397529,8.284847384691238,8.278018633127212,8.261849312186241,8.563229752182961,8.578158568739891,8.232782862782479,8.186967760920524,8.04150654554367,8.011219062805175,7.996471067667008,8.02519112944603,7.951278809905052,7.8787384808063505,7.90247995197773,7.876372787952423,7.791609905958175,7.914393628239631,7.940774747133255,7.798805024623871,7.8100035005807875,7.930156331658363,7.863018333315849,7.772662936449051,7.871693769693374,7.804519766569138,7.753888425827026,7.8038082212209705,7.832729083895683,7.778399410247803,7.820999585986137,7.872506735920906,7.7773977237939835,7.7156107431650165,7.7842049139738085,7.77033842921257,7.635531916022301,7.742681401968002,7.8197176337242125,7.757132164239883,7.7551869976520535,7.827829744815826,7.8240998774766926,7.716288614869118,7.848487837314606,7.877972128391266,7.825792579054832,7.944885831475258,8.012601086497307,7.836986892223358,7.85133424282074,7.964586165547371,7.864731341004371,7.698998545408249,7.793924353122711,7.750530631542206,7.663423011302948,7.772166586518288,7.82418082356453,7.726479344367981,7.808957402110099,7.84171451151371,7.85260900080204,7.785389436483383,7.833378981351853,7.741859734654427,7.737899180650711,7.812958620786667,7.76926604449749,7.769156889915466,7.7748717719316485,7.805985963344574,7.7466943645477295,7.672225005030632,7.713024813532829,7.766040003299713,7.784827253222465,7.841791483163834,7.827934831380844,7.639412109851837,7.678238356113434,7.832041357755661,7.678104533553124,7.702842940688133,7.785050969719887,7.691864374279976,7.7587709605693815,7.98841058075428,7.947954089045525,7.839096468091011,7.757251926064491,7.686176895499229,7.764089543223381,7.846098229289055,8.32678815662861,8.221195720434189,7.968661659359932,7.864567614197731,7.866161985993386,7.776660730242729,7.734846544861793,7.737146024703979,7.751637090444564,7.6170034193992615,7.730495499372482,7.728479861021042,7.786688914299011,7.743713596463204,7.73777923822403,7.725638870000839,7.655188946723938,7.634596711993217,7.6762835776805876,7.679338583350182,7.732898629307747,7.6907702100276945,7.612797309756279,7.7305375719070435,7.706921931505203,7.730277485251427,7.7744368088245395,7.659491530060768,7.653151218891144,7.592100183963776,7.60439183473587,7.653942581415176,7.6628163933753966,7.671332206130028,7.689627140760422,7.739198201298714,7.716688694953919,7.6898027127981186,7.703258349895477,7.63877543091774,7.714834503531456,7.644766221642494,7.5709517985582355,7.666396485567093,7.7065706479549405,7.587753260135651,7.639336821436882,7.758275239467621,7.694613648056984,7.51670093536377,7.617517615556717,7.617173490524292,7.5530882167816165,7.677169982194901,7.640483928918838,7.586191845536232,7.609421326518059,7.515760375261307,7.581872762441635,7.540463522076607,7.6615274375677105,7.601421072483062,7.567491058111191,7.6614111709594725,7.690324489474296,7.6063969999551775,7.608093655705452,7.763815504312515,7.659344096183776,7.574680325388909,7.677291840910912,7.671657692193985,7.609617181420326,7.6554575055837635,7.718231637477874,7.673809436559677,7.609125806093216,7.739284430742264,7.678574743270874,7.646894791126251,7.674713466763496,7.636892786622047,7.593610525727272,7.718680732250213,7.760822871923446,7.694900282025337,7.61044420003891,7.776883006691933,7.628939155340195,7.561719267964363,7.671159507036209,7.745601280927658,7.743874762058258,7.7737787944078445,7.719191517829895,7.693820126652717,7.597242801189423,7.685019596815109,7.673047012090683,7.589223414063453,7.692146137356758,7.72401477098465,7.594561334848404,7.669167088866234,7.797524270415306,7.636040412783623,7.6344949835538864,7.696112836003303,7.687288411259651,7.644704143404961,7.691391503214836,7.63771401822567,7.6668114864826205,7.755223808288574,7.740670093297958,7.721755877733231,7.735511339306831,7.815853717923164,7.674456368088722,7.599668858647346,7.659089133739472,7.66012778699398,7.658014153242111,7.700533136129379,7.709013265967369,7.6337324595451355,7.597597227692604,7.679367843866348,7.582417253255844,7.501748124361038,7.67629273712635,7.592968888878822,7.614224395751953,7.630430246591568,7.611297290921211,7.571529190540314,7.524428368806839,7.583161867260933,7.497037101984024,7.384651809334755,7.505423924326896,7.421688969731331,7.329119173288345,7.461340306401253,7.530140607953071,7.527572063803673,7.523058079481125,7.629301527142525,7.612924497127533,7.414222767949104,7.471284573078155,7.424737266302109,7.332805581688881,7.511418737769127,7.4957270860672,7.535541684627533,7.559493288993836,7.641872152686119,7.595352813005447,7.43680155813694,7.518845490813256,7.296460943818093,7.330602549910545,7.294033280014991,7.3592986190319065,7.378210743069649,7.408816295266152,7.230104770064354,7.16348023891449,7.246416267156601,7.141728572845459,7.216817896962166,7.077722182869911,7.366577517390251,7.164683629870415,7.279749704003334,7.126260071396827,7.446693621873855,7.091559267044067,7.340147588849067,7.041964564919471,7.31783905684948,7.015089228153228,7.115159995555878,7.134508048892021,7.064656320214271,6.977535457611084,7.100410049557686,7.178221037387848,7.015571555495262,7.241208261847496,7.120756004452705,7.23767676115036,6.917228306531906,7.254148934483528,7.146718218326568,7.351403513550759,7.196345457434655,7.159348208904266,7.021772163510323,7.413145944476128,7.206182986497879,7.371636276245117,7.308489947915077,7.361288402080536,7.289713279008866,7.143640457391739,7.250985973477364,7.512488292455673,7.469047244787216,7.387227098941803,7.278113283514976,7.012351239919663,7.22747830092907,7.023607172369957,7.237143793106079,7.026029942035675,7.1496228843927385,7.106391732096672,7.048530088663101,7.315051494240761,7.091854875683785,7.218021721243859,7.20534660577774,7.14923565864563,7.090909922719002,7.087432851195335,7.136263307332992,7.010543504953384,6.881223910450935,7.184779894351959,7.017353231310844,7.035588104724884,6.954998199343681,7.245161919593811,6.918518450260162,7.066496794819832,6.980098083615303,6.969689351320267,7.1078278785943985,7.2630191421508785,6.979235702157021,7.273979763984681,7.348824546337128,7.116609409451485,7.168123492598534,7.0600905418396,7.124430406093597,7.051307153105736,6.973670322299004,7.206533036828041,6.979470565915108,7.054099091291428,7.2442068672180175,7.0853363120555874,7.104319861531257,7.132156485319138,7.171044852137566,7.174792306423187,7.249724969267845,7.257567361593247,7.290903198122979,7.1393045234680175,7.2756532549858095,7.253938376307487,7.050420644283295,7.124669029116631,7.0232666212320325,7.1464289224147794,7.2116144412755965,7.278255681991578,7.31921786904335,7.095243719220162,7.201738579869271,7.250237932801246,7.108652099967003,7.162006011605262,7.235874507427216,7.30755356669426,7.072246969342232,7.256832976937294,7.070263838768005,7.037587704062462,7.089659550189972,7.10119733452797,7.139741339087486,7.17441212952137,6.967666185498238,7.0683777809143065,6.9045163470506665,7.123386346101761,7.060148019790649,6.93500080704689,7.104924137592316,6.98673023045063,7.193479245901107,7.022559156417847,7.05204677939415,7.027282778024674,7.1251591718196865,7.091308031678199,7.140988479852677,7.115879603028297,7.05802124619484,7.3382658940553664,7.012925097346306,7.168589861392975,7.10674989938736,7.104175036549568,6.969394288063049,7.046511315703392,7.08986391544342,7.093886784315109,7.056137125492096,7.267448300123215,7.01662553191185,7.331809986233711,7.113435897827149,7.1908592200279235,7.141254385113716,7.045466673374176,7.140703464746475,7.114559401869774,7.19147697687149,7.20569861471653,7.277292283773423,7.083262361884117,7.286033669710159,6.975565168261528,7.04945616543293,7.116710550785065,7.011218376159668,7.235100185275078,7.077670727968216,7.262033972144127,7.031852507591248,7.229541614055633,7.239260559082031,7.134608949422836,6.989437131881714,7.254779474139213,7.025231587290764,7.1732552587986,7.1179395622015,7.185732210874558,7.028688297271729,6.9400578200817105,7.02298122227192,7.0169693219661715,6.938267119526863,7.017243046760559,7.016894191503525,7.059368425607682,7.052253403663635,6.925354063510895,6.840680838227272,6.794877395629883,6.837559707164765,6.8470039355754855,6.667311835289001,6.830658302903175,6.7600696456432345,6.876597819328308,6.754599274992943,6.886381158828735,6.511685881018638,6.845008045434952,6.651546320319175,6.620273852348328,6.403311511874199,6.597388717532158,6.2757775700092315,6.428856019973755,6.301425845623016,5.718549427390099,6.306976576447487,5.63905194401741,6.6385650169849395,5.880989898443222,6.478232461214065,6.092233527302742,6.3731896919012065,5.925096967220306,5.938161831498146,5.955661264657974,5.729323418736458,6.011301779150963,5.720773563981056,5.937404724359513,5.590692093372345,5.867093878984451,5.5871933513879775,5.764148285388947,5.805085107684135,5.640542058944702,5.653745800852776,5.425917385816574,5.590124520063401,5.306649901866913,5.552439606785774,5.624598613977432,5.420285034179687,5.884510833621025,5.3736689972877505,5.849612177610397,5.236144833564758,5.835237945318222,5.41959459066391,5.720861829519272,5.613854737281799,5.71605448782444,5.517380061745643,5.724375824332237,5.995707015991211,5.7584047961235045,5.975139182209968,5.671204249858857,6.114585561752319,5.826630163788796,5.7948759746551515,5.5336946445703505,5.893452383279801,5.6903182655572895,5.868018190264702,5.861702543497086,5.982048179507256,5.727950875163078,6.217271785140038,5.907391627430916,5.978954733014107,5.810580657124519,5.946198026537895,5.927552890181541,5.920821969509125,5.710267770886421,5.732994377613068,5.655825048685074,6.04553306043148,5.806659792661667,5.9428565108776095,5.781609792113304,6.079623407125473,5.922374616861344,6.2187715744972225,6.1229449683427815,6.340946754217148,6.074643465280533,6.573137945532799,6.352310318350792,6.1997971624135975,6.536410650610923,6.234705763459206,6.4555757492780685,6.34741178393364,6.6132535243034365,6.352610366940499,6.58166239798069,6.335603679418564,6.671540127396583,6.4371976441144945,6.486685163974762,6.2432838088274005,6.368974764943123,6.420806761980057,6.583553621172905,6.5173364692926405,6.503965142965317,6.420244831442833,6.498311123847961,6.380974227786064,6.75136865913868,6.3459072995185855,6.6285934227705,6.279102827906609,6.679101966619491,6.626757473945617,6.33466609954834,6.565620302557945,6.639067043066024,6.336893675923347,6.4818862795829775,6.355412144064903,6.241391433477402,6.201936250925064,6.533590567111969,6.140451912879944,6.2935865318775175,6.2198597401380535,6.36333370923996,6.250658231377602,6.254726066589355,6.030773811340332,5.89022001683712,5.966052557826043,6.0775572001934055,5.952228293418885,6.31070873439312,6.774508806467057,6.434101130366326,6.700760138034821,6.564090233445167,6.720918152928352,6.226536922454834,6.569644405841827,6.505517400503159,6.669980568885803,6.7220410692691805,6.88269358932972,6.833931716680527,6.754617871642113,6.93633328795433,6.884865961074829,6.879057393074036,6.6093702083826065,6.780563746094703,6.699478018283844,6.749313890337944,6.755731725096703,6.762132940292358,6.698301905989647,6.860378833413124,6.798154289126396,6.635425503253937,6.692387234568596,6.844953895807266,6.619839439988136,6.639915607571602,6.820773001909256,6.5543098098039625,6.534658932089806,6.624608817696571,6.755936836600304,6.755980784296989,6.64442381978035,6.662922590970993,6.589258313179016,6.459171653985977,6.509295095801353,6.596544906497002,6.534874875545501,6.7292027139663695,6.68251368522644,6.635899124145507,6.729528995752335,6.401286671757698,6.777047838568688,6.4742785757780075,6.648921021819115,6.381593188047409,6.402531688213348,6.554002261161804,6.380119132399559,6.439669370055198,6.201894981861114,6.261874368190766,5.995194528102875,6.137830940485,5.990277589559555,6.291857019066811,6.0680127263069155,6.244863814115524,6.306043775081634,6.330445378422737,6.0660815680027005,6.42530733525753,6.374000687003136,6.241393883824348,6.263621523976326,6.521008853912353,6.119354749321937,6.397834599614144,6.505210880041123,6.4826244992017745,6.1601084274053575,6.386225095391273,6.267895194888115,6.148091758489609,6.200767316222191,6.351863815784454,6.078604348301887,6.418164163827896,6.313763191699982,6.412442550063133,6.310456866621971,6.36724490582943,6.211692004203797,6.065303169488907,6.4165031915903095,6.264801667928696,6.166983142495155,6.445790809392929,6.123235713839531,6.290799005627632,6.312628439664841,6.209090780615806,6.437482190132141,6.171225321292877,6.028760995864868,5.712381736040116,6.502078831791878,6.733837187886238,7.026351809501648,6.752551792263985,6.885230454206467,6.602584251761437,6.700143511295319,6.708527675867081,6.8186389738321305,6.7345137429237365,6.533306016325951,6.696213219761848,6.7495948058366775,6.631883593201637,6.657348311543465,6.2552113980054855,6.970085244774818,6.615621737241745,6.573073395490646,6.052337175011635,6.520321466326713,6.466708841919899,6.553208736181259,6.70726283967495,7.065765933394432,6.821720214486122,6.920915509462357,7.039344337582588,6.986464042067528,7.018678104877472,6.965195602178573,7.046095963120461,6.95657572388649,7.143807165622711,6.80896870970726,7.030596186518669,6.898257222771645,6.950883010625839,6.871690136790275,6.643902441859245,6.700935379266739,6.359944047927857,6.451963673830033,6.502315577864647,6.7033123797178265,6.939676995873452,6.835225374698639,7.137068060040474,7.156491597890854,7.284642168879509,7.21878371834755,7.3557002454996105,7.319718168377876,7.203812112212181,7.246517001986503,7.083320057988167,7.226443046927452,7.136397105455399,7.157227129936218,7.182880535721779,7.114244830608368,7.310841038227081,7.294710036516189,7.3068617558479305,7.507297200560569,7.38676664352417,7.402252010703087,7.424511944055557,7.494354298710823,7.4940741592645645,7.436171656250954,7.515102936625481,7.574824315905571,7.490772945284843,7.588562377691269,7.559277256131172,7.498472927212715,7.552473427653313,7.550448384284973,7.53404088139534,7.5496826964616774,7.611299823522568,7.559391899108887,7.4920543068647385,7.573310963511467,7.58896179497242,7.574477891325951,7.512707760930061,7.576159873008728,7.5381288957595824,7.436454409360886,7.5613429689407345,7.520307179689407,7.536521881222725,7.5251870304346085,7.5592355573177334,7.416858534812928,7.486838750243187,7.550387258529663,7.497149749398232,7.491890926361084,7.51538802087307,7.50036774635315,7.55056258559227,7.741012215018272,7.762656881213188,7.691766124367714,7.702963078618049,7.887463037967682,7.868669669628144,7.829032316803932,7.904394915103913,7.903290528655052,7.793922991156578,7.8082268184423445,7.690511223077774,7.530556884407997,7.613152942657471,7.605843775868416,7.725252907276154,7.767037886977196,7.896181291341781,7.719185451865196,7.688293756842613,7.698450936079025,7.662401795387268,7.668374732136726,7.646122317910194,7.939326319694519,7.8181388020515445,7.76141640484333,7.778115631341934,7.726162090301513,7.670705401897431,7.82726693212986,7.797324382066726,8.129297118782997,7.961959401369095,7.555471205711365,7.3228817540407185,7.201450135111809,7.518465728759765,7.5137187832593915,7.526919180750847,7.559124275445938,7.434546493887901,7.250729332566261,7.417173273563385,7.3958141493797305,7.306992514133453,7.38365264236927,7.443119562864304,7.295981590151786,7.263997638821602,7.2615678906440735,7.276441068649292,7.06471355676651,7.013898301720619,6.944442675709724,6.549406797289849,6.5283719176054005,6.681633139848709,6.236483350396156,6.3839374512434,6.7055582660436635,6.733298010230064,6.588695023059845,6.9640898221731184,7.067175184488296,6.909044705033303,7.097547647356987,7.120578990578651,7.088679226636887,6.971098491549492,6.94788592159748,6.881428159475327,7.021375588774681,6.94838088452816,6.95024116575718,6.910440576076508,6.961551376581192,7.041073160171509,6.981788456439972,7.112054388523102,7.200246622562409,7.256302552223206,7.188125261068344,7.11475603878498,7.340175153017044,7.194034956097603,7.103139032721519,7.1666037636995314,7.26209120452404,7.136439397931099,7.279127987623215,7.223810248374939,7.179685196280479,7.170058059692383,7.096332587599754,7.152989481687546,7.136050144433975,7.357739432454109,7.342905470132828,7.358448474407196,7.406320658326149,7.388276100158691,7.325954213142395,7.456257582902908,7.5047566854953764,7.423318659067154,7.39021025300026,7.445524430274963,7.43891852080822,7.429242918491363,7.529048129916191,7.631403948664666,7.570246821045876,7.507082630395889,7.571450600028038,7.529922161698341,7.408614152669907,7.583561876416207,7.435043370723724,7.342209258079529,7.438947847485542,7.397795332074165,7.4533907771110535,7.28803818166256,7.400802249312401,7.421177871227265,7.252662467360497,7.502820222973823,7.383136255741119,7.384564844369888,7.51758303463459,7.564554302096367,7.423492510318756,7.387683658599854,7.511572805643081,7.495706292390824,7.403899673223496,7.615958415269851,7.536162638068199,7.452318223714829,7.608444253206253,7.566680080294609,7.555102719664574,7.519125447273255,7.652614958882332,7.645176129341126,7.4978639787435535,7.653069872260094,7.703953125476837,7.570154902935028,7.583215672373772,7.625169838070869,7.4957778263092045,7.4127619403600695,7.5337657034397125,7.5899894541502,7.422723963856697,7.538625432848931,7.458654013872146,7.424268828034401,7.529246863126755,7.5116945308446885,7.3854936397075654,7.317744834423065,7.512585338354111,7.331938509941101,7.1431358420848845,7.229906126260757,7.254448952078819,7.240486233830452,7.2775014364719395,7.197498421669007,7.151442869901657,7.0549752032756805,7.055181701779365,7.019751452803612,7.035229860544205,6.9106463992595675,6.854991981983185,6.874376170635223,6.801930155754089,6.834501985311508,6.767447304725647,6.906180264949799,7.0634815400838855,6.97843875169754,7.17265146791935,7.120984106063843,7.245998693704605,7.152334855794907,7.219475874900818,7.261237217187881,7.2129420161247255,7.249756012558937,7.2008023250103,7.2207252079248425,7.179960640668869,7.354397863149643,7.18357413649559,7.286541020870208,7.246115495562553,7.354639338254929,7.266542059183121,7.400232321023941,7.450952820181847,7.32514817416668,7.251150293946266,7.3441857028007504,7.380925741791725,7.38368859231472,7.537743800878525,7.485943269729614,7.376307563781738,7.424704647064209,7.403928546309471,7.389801807999611,7.348159285187721,7.4915741086006165,7.4041066992282865,7.417423950433731,7.454499140381813,7.4775972032547,7.4582855570316315,7.40193521797657,7.478333967924118,7.47828558743,7.41601252257824,7.5658925032615665,7.473230608105659,7.382438432574272,7.596570055484772,7.559841486811638,7.483491844534874,7.588929153084755,7.7193284744024275,7.551767833828926,7.456111376285553,7.573495708107949,7.522210004329682,7.449860255718232,7.5090862190723415,7.537105059623718,7.501332364678383,7.494793636798859,7.559658032655716,7.591746647953987,7.462754387855529,7.538794593811035,7.563580846786499,7.502886583805084,7.522161464095116,7.631381613016129,7.523275419473648,7.494790210127831,7.6163460063934325,7.537564384937286,7.363397164940834,7.568575020432473,7.497093669772148,7.462154011130333,7.4921553409099575,7.591178579330444,7.52988142490387,7.5251307451725005,7.5716979676485066,7.477760916352272,7.369476751089096,7.4781876313686375,7.462719310522079,7.396487286090851,7.419949478507042,7.43175655901432,7.482575306296349,7.34718878030777,7.473199305534362,7.434401728510856,7.29027057826519,7.531650425195694,7.42480648636818,7.478244739174843,7.39927443921566,7.538710889220238,7.44794547021389,7.4646786254644395,7.571933664083481,7.651596738100052,7.4996790105104445,7.583399015069008,7.580869691371918,7.5650675988197325,7.709153944849968,7.694632543325424,7.6078206324577335,7.746877743601799,7.768617154955864,7.251382823586464,7.216200067400933,7.605439296364784,7.498339189291,7.369316109418869,7.401061302423477,7.498943693041801,7.526716224551201,7.4502423137426375,7.615248104333878,7.826527217626571,7.829768714904785,8.145455734133721,8.178818046450615,8.15430121600628,7.891473850607872,7.797242133617401,7.648318653702736,7.550737189650536,7.655547534823418,7.564277981519699,7.511371070146561,7.632937915325165,7.5718946814537045,7.600966334939003,7.616440716385841,7.672304239273071,7.632389702200889,7.66576620042324,7.67384224653244,7.7287989538908,7.707450388073921,7.754528009295464,7.73292576611042,7.633901344537735,7.690594646334648,7.787522296905518,7.7211648029088975,7.666645369529724,7.731501101851463,7.687860716581344,7.586459348797798,7.701091527938843,7.508961451649665,7.39163889169693,7.256636324524879,7.2259921669960026,6.9730425935983655,6.958141611814499,7.1414730602502825,7.120838177204132,7.148174234628677,7.21104610323906,7.39472194314003,7.425046066641808,7.516998578310012,7.551030205488205,7.537413821816444,7.407526894211769,7.440357628464699,7.433669298291206,7.368228667974472,7.38669329226017,7.47988763332367,7.3662459707260135,7.329890626072884,7.348498538732529,7.224164655804634,7.303514405488968,7.392490288615226,7.439393512010574,7.346360615491867,7.515456730127335,7.476811861991882,7.598060877919197,7.505341323018074,7.50755932688713,7.4763842326402665,7.4549515450000765,7.479051010012626,7.4801948094367985,7.447925850749016,7.5074683690071105,7.541757491230965,7.528437963724136,7.560073165297508,7.559043523073196,7.493659543991089,7.497352307438851,7.535295472145081,7.554477601647377,7.573374528288841,7.669890450835228,7.562753729820251,7.375734722614288,7.6013178122043605,7.481134998202324,7.514801676869393,7.442653775215149,7.693507944345474,7.566482166051864,7.496227501034737,7.624537763595581,7.604668025374412,7.560291863679886,7.650246667265892,7.668300631642341,7.678218829035759,7.769391840100289,7.8372588914632795,7.924786028265953,7.730293909311294,7.772359455227852,7.738031921386718,7.75716381251812,7.681069161891937,7.731632128357887,7.740802311897278,7.670218911170959,7.6886461484432225,7.714151126146317,7.6266342002153396,7.745427258610725,7.677509549260139,7.624957393407822,7.757627655863762,7.778141040205956,7.639488906860351,7.637245879769325,7.780703881978988,7.677743062973023,7.6509408760070805,7.655613403916359,7.666533049345016,7.468060494065285,7.61471664249897,7.506891413331032,7.59640440762043,7.434626338481903,7.548687720894813,7.538897871375084,7.472809709310532,7.564704506397248,7.510621535182,7.49045852959156,7.573311551809311,7.492733697295189,7.519499297142029,7.449779498577118,7.591801761388779,7.627518029808998,7.49412424325943,7.626200937032699,7.601422898769378,7.522538524866104,7.561577652692795,7.508827475905418,7.439454413056374,7.5337096476554875,7.663482879400253,7.6827656441926955,7.580049077272415,7.536781745553017,7.648840947747231,7.53697220146656,7.594849677681923,7.692742531299591,7.53473039329052,7.548959807157517,7.62032972574234,7.641462197303772,7.430807090997696,7.514419901371002,7.419770548939705,7.396284976601601,7.43336192548275,7.568374011516571,7.502393997907639,7.468569090366364,7.638429729938507,7.549944030046463,7.491101234555244,7.5710463732481,7.487884868383407,7.4265462964773175,7.4991565155982975,7.443233897686005,7.407107019424439,7.41089140355587,7.497151336669922,7.47960808634758,7.49965783059597,7.583858913779259,7.588125342130661,7.55250371158123,7.531808962821961,7.588010743260384,7.497547434568405,7.4415531593561175,7.57214782178402,7.543645023703575,7.49124646782875,7.60451049208641,7.588277230858803,7.472199615240097,7.5773417884111405,7.668913811445236,7.529447751641274,7.522912917137146,7.605250546336174,7.5950584161281585,7.563165321350097,7.616017451882362,7.610521856546402,7.6008503782749175,7.633171457648277,7.6097633838653564,7.610993752479553,7.583420012593269,7.660251107811928,7.642584693431854,7.651023854017257,7.687423701882363,7.658137171268463,7.589125006794929,7.679040942192078,7.772646756768227,7.6667229193449025,7.611212999224663,7.702961204051971,7.776600555181504,7.7336634612083435,7.785878160595894,7.695448019504547,7.648249955773354,7.721473418474197,7.68645931661129,7.696445239782333,7.658185157775879,7.7129760652780535,7.75960988342762,7.678012551665306,7.6707719135284425,7.739828864336014,7.76352818608284,7.617017397284508,7.7573256927728655,7.711524265408516,7.637564381361008,7.708615608811378,7.696846675276756,7.679440285563469,7.670662333369255,7.596464538574219,7.54434594631195,7.654620792865753,7.754623997211456,7.724893770813942,7.688064694404602,7.740735737681389,7.695418792366982,7.634304072856903,7.7697080570459365,7.781009727716446,7.7408324378728866,7.814464139342308,7.883993620872498,7.79404791533947,7.742142270207405,7.740818985104561,7.741183722615242,7.698244528770447,7.7359183669090275,7.778567568063736,7.689546881318092,7.769856063127517,7.856286790370941,7.815666674375534,7.691698522567749,7.865187660455704,7.854758794903756,7.710868415236473,7.766649059057236,7.777020573616028,7.6797029107809065,7.720967218875885,7.772184292674065,7.716465426683426,7.725747578144073,7.870929815173149,7.821699583530426,7.746407433152199,7.819329740405083,7.7804094737768175,7.731243379116059,7.7792424112558365,7.860066211223602,7.788195036649704,7.70810265481472,7.851277988553047,7.845460321307183,7.7575935518741606,7.7925637912750245,7.855456115603447,7.819626815915107,7.918544478416443,7.9611625248193745,7.885351135730743,7.85882133603096,7.940428886413574,7.940778987407684,7.940199108719826,7.9931934249401095,7.956791149377823,7.867523396015168,7.958419314622879,7.940742127895355,7.870424484014511,7.874160179495812,7.900702314376831,7.849000351428986,7.811606968641281,7.88066808462143,7.874178899526596,7.819976533055305,7.838034489154816,7.916456736922264,7.863001902103424,7.754345721006393,7.914978812932969,7.854832789301872,7.8641087418794635,7.871974029541016,7.869550644159317,7.8443056428432465,7.8112692683935165,7.906853927969933,7.866853802204132,7.782976756691933,7.889179472923279,7.808832698464394,7.790510135293007,7.905557047724724,7.829115189909935,7.786719454526901,7.738006640076637,7.848904275298119,7.804417780041694,7.737399682402611,7.900112243294716,7.871919811964035,7.713186362981796,7.8735743254423145,7.889769149422645,7.835587624311447,7.808200474381447,7.854662902355194,7.797170819044113,7.783247529864311,7.856817900538444,7.812012588977813,7.702093643546104,7.760661175251007,7.709038045406341,7.685590855479241,7.691424502134323,7.844133583903313,7.8131910264492035,7.7492926061153415,7.852957457304001,7.772885315418243,7.664810597300529,7.674707751274109,7.606705352067947,7.612220818400383,7.578080491423607,7.653707213401795,7.494505601525307,7.459579792022705,7.530987179875374,7.558834246397018,7.478240674734115,7.538870413303375,7.530511016845703,7.552921596169472,7.493663704991341,7.694243858456612,7.675502753257751,7.608510483503341,7.6583423113822935,7.592758723497391,7.5294247537851335,7.564694846272468,7.596398659348488,7.5845354199409485,7.583615363240242,7.662029901146889,7.4876995480060575,7.517997930645943,7.4092303222417835,7.091714555621147,7.166977162361145,7.414116036891937,7.550887717604637,7.556204976439476,7.603441667556763,7.729310022592545,7.584302020072937,7.511202741861343,7.669709714651108,7.667992268800735,7.527222294211388,7.569688874483108,7.659426498413086,7.5345132273435595,7.4799370950460435,7.562887116074562,7.62611269056797,7.477876356244087,7.569819357395172,7.57202818274498,7.406363350749015,7.583460706472397,7.640405545830727,7.619289088845253,7.572432357668877,7.656990337371826,7.5453894627094265,7.554089887142181,7.564282643795013,7.555040971636772,7.487337031960488,7.519841324687004,7.448688096404076,7.49835601747036,7.453954440355301,7.476736159324646,7.427182098031044,7.3890200060606,7.493107162714004,7.412819659113884,7.371894367933273,7.429099787473678,7.557890381217003,7.394135702848434,7.4738535743951795,7.65682427585125,7.603462573885918,7.509239075183868,7.705769304037094,7.662241607904434,7.534507098197937,7.612709652781486,7.603113092184067,7.57244711458683,7.577351758480072,7.6671233159303664,7.535780736804009,7.559063559770584,7.7260688626766205,7.707602516412735,7.635896914601326,7.719681652188301,7.774642639756203,7.6788381934165955,7.682425976395607,7.753635048270225,7.743466815948486,7.681527787446976,7.8126278263330455,7.785844601392746,7.700235609412193,7.823982082605362,7.784677183032036,7.741286745667457,7.755669175982475,7.844037316441536,7.7597016429901124,7.648116412162781,7.758651711940765,7.761847657561302,7.633552258610726,7.736664315462113,7.760812629461288,7.629122517108917,7.6836165553331375,7.744681189060211,7.729333762526512,7.745191048383713,7.817676275968552,7.794464404582977,7.640638837218285,7.70510123193264,7.779275426268578,7.669225303530693,7.762054329514504,7.82977683365345,7.713941610455513,7.676245502829552,7.912477068901062,7.839290180206299,7.684015617966652,7.669713450670242,7.767313709855079,7.718770247101784,7.610749617815018,7.751936211585998,7.777495183348655,7.732908915877342,7.864873925447464,7.785844869017601,7.747793260216713,7.790029842853546,7.804762883782387,7.784475843310356,7.810923506021499,7.83592878639698,7.788515667915345,7.772735961079597,7.911205250024795,7.820329893231392,7.767442356944084,7.786456621289253,7.881627042293548,7.792931241989136,7.769579775929451,7.861949543952942,7.808003749847412,7.794236885905266,7.892819590568543,7.877821208238601,7.766001267433166,7.840652880072594,7.846432031989098,7.80146672308445,7.763320838212967,7.84928303539753,7.841967687606812,7.783921548128128,7.904834629297256,7.857738320827484,7.758274227976799,7.777652752399445,7.8226958745718,7.734521633386612,7.718581342697144,7.851062548756599,7.803304005861282,7.755295625329017,7.880941007733345,7.825254756212234,7.707025336623192,7.790284918546677,7.805743330717087,7.747346720099449,7.728782866001129,7.933624347448349,7.816369178891182,7.759533676505089,7.848619874715805,7.7648523020744324,7.746856495141983,7.789815798401833,7.755611276626587,7.731441347002983,7.724994519352913,7.797755315303802,7.750892258882523,7.7173894965648655,7.819702913761139,7.812093710899353,7.734053047299385,7.776329393982888,7.876956995129586,7.768923556804657,7.726245002150535,7.890569070577621,7.719932444691658,7.586888555884361,7.744892696142196,7.681639568209648,7.636662266850472,7.635322706103325,7.746607302427292,7.692139225006104,7.655293928384781,7.73237877190113,7.692341573834419,7.6277586472034455,7.7618290215730665,7.734496759176254,7.632878097891807,7.709508901834488,7.739757239222526,7.704010061621666,7.647102406620979,7.813976423740387,7.724635176062584,7.7143389540910725,7.758800358176232,7.728909650444985,7.754243003726006,7.861324462890625,7.893816401958466,7.775817976593971,7.707587212920189,7.878395848870277,7.776298107504845,7.656665048003196,7.8785284388065335,7.802563448548317,7.655339319705963,7.782502135634422,7.817823177576065,7.737695320248604,7.782399963140488,7.84592527449131,7.82494989156723,7.624881860017776,7.704632400274277,7.712288158535958,7.65244475543499,7.733471135497093,7.815051921010017,7.744134915471077,7.713493255376815,7.844147122502327,7.831876694560051,7.68571047604084,7.77682924926281,7.754499710202217,7.709751673340797,7.726560842394829,7.822471441030502,7.727642176747322,7.692264199852944,7.772579475045204,7.796341182589531,7.75345226585865,7.813528024554253,7.762587751746178,7.673574659228325,7.741300486922264,7.7902306520938875,7.7679640591144565,7.689365653395653,7.77425267636776,7.763716329932213,7.687104673981667,7.849976415634155,7.8218917483091355,7.762487828731537,7.779992750287056,7.831307679414749,7.781633150577545,7.738826591968536,7.860391608476639,7.793902333974838,7.703317741751671,7.778074931502342,7.7244142258167265,7.677800016403198,7.736940369606018,7.767174367904663,7.7360829472541806,7.686253709197044,7.799248430132866,7.76421228826046,7.732386517524719,7.82852695286274,7.860546333193779,7.703729959726334,7.700752981901169,7.844036311507225,7.762076451182366,7.675256972908974,7.8205725228786465,7.842682396769524,7.743186668157578,7.865253845453262,7.765659652948379,7.7077450770139695,7.777926794290543,7.749709191322327,7.682828681468964,7.740895766019821,7.851623599529266,7.785675665140152,7.67376504600048,7.798068016171455,7.74671730697155,7.705281017422676,7.77648527443409,7.808603428602218,7.702259798049926,7.66819961965084,7.804742157459259,7.796326245069504,7.7006900876760485,7.82555065870285,7.821436771154404,7.736287713646889,7.752363123893738,7.79701418697834,7.775981359481811,7.692669007182121,7.835960221290589,7.775178867578506,7.677795003652573,7.804899277687073,7.805501751303673,7.704503891468048,7.676518924236298,7.809566887021065,7.749403235316277,7.738053165078163,7.813332760930061,7.759101934432984,7.711617440581322,7.839025857448578,7.809590984582901,7.6871290934085845,7.704798158407211,7.746530848145485,7.7027158278226855,7.676075267195702,7.781350929737091,7.770139254331589,7.712952226996422,7.859991122484207,7.807648065686226,7.780316121578217,7.758929779529572,7.84474123775959,7.765184779763222,7.74758610367775,7.8702366209030155,7.880755771994591,7.743183667063713,7.898709518909454,7.853496432900429,7.748508167266846,7.73428659915924,7.874678894877434,7.747271241545677,7.739961611032486,7.866150420308113,7.786840214729309,7.655052840709686,7.807462529540062,7.8340957474708555,7.783532593846321,7.754695566892624,7.865294046401978,7.802319322228431,7.762054418921471,7.915083144903183,7.791247253417969,7.767619401812554,7.799673545956612,7.819565100669861,7.736468742489815,7.746835634112358,7.837994381189346,7.756092345118523,7.676317271590233,7.740206989049912,7.743641323447227,7.749688734412193,7.8307754546403885,7.8314337730407715,7.7676057451963425,7.769172504544258,7.800594879388809,7.79931200504303,7.732970930933952,7.863128641843796,7.782700494527817,7.731966715455055,7.7946204334497455,7.8351409161090855,7.716170740127564,7.76756410062313,7.854361612796783,7.753374001383781,7.650738013386726,7.860343700051308,7.812887101173401,7.6981326413154605,7.822763451337814,7.831308625340462,7.7421933025121685,7.74636447429657,7.828292977809906,7.791748737096786,7.66167735338211,7.818850483298302,7.786415132284165,7.768691096901893,7.732264314889908,7.5695002716779705,7.482707139253616,7.491030684113502,7.727659483551979,7.755702565908432,7.71987455368042,7.787611590623856,7.7318329179286955,7.737991721630096,7.796971796751023,7.899002737402916,7.7372115087509155,7.770062000155449,7.856514567732811,7.738134252429009,7.697323760986328,7.913186134696007,7.828265125155449,7.706893402338028,7.7671515160799025,7.7424308234453205,7.702185730338097,7.735735982060432,7.8002489596605304,7.782618362307549,7.738688011169433,7.856036869883537,7.764153270125389,7.736546950936318,7.844895368218422,7.831327603459358,7.726622796058654,7.770251217484474,7.798323518037796,7.767128885388375,7.620186159014702,7.81063989520073,7.797057521939277,7.71825325191021,7.778895671367645,7.789301342368126,7.665480602383614,7.721012254953385,7.848929270505905,7.748307648301124,7.67802424967289,7.876319655776024,7.767769519090653,7.68856850862503,7.8167206913232805,7.8779724502563475,7.735774071216583,7.721823207139969,7.778916319608689,7.7948602801561355,7.7291424012184144,7.794204804301262,7.757529991269112,7.701267285346985,7.825481449365616,7.789488183856011,7.749771743416786,7.777068418860435,7.8801764655113224,7.851992878317833,7.7316143929958345,7.8001660883426664,7.792824062108994,7.7006171715259555,7.809071424603462,7.820032406449318,7.778152728676796,7.752074302434921,7.810618888139725,7.743661385178566,7.731878687143325,7.793938823342323,7.80260036289692,7.720629893541336,7.793941494822502,7.759154176712036,7.703836335539818,7.673673002123833,7.8096107006072994,7.764753484129906,7.650829091668129,7.761574212908744,7.780849737524986,7.7627513200044636,7.788912290334702,7.811400585770607,7.71912147462368,7.710299565792083,7.801069775223732,7.733880820274353,7.693048058152199,7.837310867905617,7.831132337450981,7.7369416838884355,7.826202345490455,7.813127126693725,7.7441820514202115,7.730981654524803,7.824015577435493,7.781010519266129,7.714344824552536,7.8410122215747835,7.801822104454041,7.712893117070198,7.773771759867668,7.751481294631958,7.663239235877991,7.764992288947106,7.807792193889618,7.689856106042862,7.628669219017029,7.813309940099717,7.719254236221314,7.683866436481476,7.778813124895096,7.764352931380272,7.707453500032425,7.697508190870285,7.757289398908615,7.699073835611343,7.661514899134636,7.801015049815178,7.698244463801384,7.688597738742828,7.716498141288757,7.750505682826042,7.722120743393898,7.6758804965019225,7.765885848999023,7.720263600349426,7.702817316651345,7.765346847176552,7.708920643925667,7.651362827420234,7.715558078289032,7.705910549163819,7.655789378881455,7.6866054797172545,7.7425980734825135,7.738824962973594,7.694708588719368,7.782380083203316,7.74045685172081,7.668481671214104,7.822970789670944,7.790576637983322,7.676241446733474,7.748338313102722,7.795600700974465,7.73769477903843,7.685812308788299,7.7842762023210526,7.70434317946434,7.718920722007751,7.811992325782776,7.829517072439193,7.711576688885689,7.72161224424839,7.7507517516613005,7.750384575128555,7.697202282547951,7.8489164727926255,7.816339873075485,7.7178439927101135,7.858163113594055,7.837696121335029,7.738520540595054,7.706450688838959,7.861705694794654,7.816251555681228,7.713528419733048,7.895369084477425,7.78920196890831,7.70222480237484,7.79942931830883,7.806760286688805,7.79000188946724,7.763550981879234,7.788405884504318,7.815576473474502,7.70525251686573,7.873088392019272,7.789978443384171,7.746317792534828,7.863943287134171,7.806373525857925,7.672067995667458,7.711786856651306,7.867379930615425,7.80681164264679,7.731974534392357,7.995944861769676,7.949155871272087,7.738017309308052,7.862324967980385,7.861825998425484,7.746496152877808,7.753923425674438,7.819978849887848,7.773391748666763,7.778590648770332,7.853106771707535,7.779572913646698,7.743187193870544,7.8262198001146315,7.798491420149803,7.720866592526436,7.773890380263328,7.803918860554695,7.759310050010681,7.69753902733326,7.819555648565292,7.8100066381692885,7.672705624699592,7.732799245119095,7.766713262796402,7.645404239296913,7.350130867362022,7.474803007245064,7.201724297404289,6.9661550432443615,7.220901800990105,6.956942005753517,7.048090930581093,6.9228189474344255,6.943025926947594,6.882491537928582,6.903942728042603,7.002528373003006,7.110338270068168,7.169956743717194,7.234515596628189,7.3031161671876905,7.231934182047844,7.283996705412864,7.473638406395912,7.302626139521599,7.373034952878952,7.444239555001259,7.368116194605827,7.374279526472091,7.350549350976944,7.5593960201740265,7.302320517897606,7.359186854362488,7.245717985630035,7.376809163689614,7.335368926525116,7.44530438542366,7.319337708950043,7.393439963459969,7.516858703494072,7.514142377972603,7.384529494047165,7.2670810461044315,7.432544186115265,7.283633130192757,7.402251559495926,7.4708172100782395,7.289544739127159,7.417732357978821,7.419217010736466,7.514106979370117,7.4330105227231975,7.445247497558594,7.560910537242889,7.6013176387548445,7.569522032737732,7.6457511669397356,7.569006791710853,7.539277317523957,7.640725354552269,7.670794334411621,7.628990782499313,7.7077812278270725,7.743020867109299,7.668630002140999,7.698389301300049,7.675439452528954,7.697198066115379,7.600509477853775,7.689647468328476,7.612830460071564,7.586001446247101,7.649460973739624,7.709549195766449,7.534869214296341,7.493706067800522,7.6563414925336835,7.641621057391166,7.552831531167031,7.786075325012207,7.645528423190117,7.655995537042617,7.6622938805818555,7.61345662176609,7.599334048032761,7.424407263994217,7.558375143408775,7.57483639895916,7.459817307591439,7.57263097345829,7.531667838692665,7.478572969436645,7.443404802680016,7.604153180718422,7.38914730489254,7.246853372454643,7.350258069634438,7.394937286973,7.411949558854103,7.278697771430015,7.328063735961914,7.233082374930381,7.345059233307839,7.381520254015922,7.3639236646890645,7.363210047483444,7.541500952243805,7.536798511743545,7.45947807610035,7.701578229665756,7.656908968091011,7.599338452219963,7.657118480205536,7.656907524466515,7.53601040661335,7.545291983485222,7.727176135182381,7.645398378968239,7.594221799373627,7.594022973775863,7.6173448514938356,7.597554497122765,7.556902564167976,7.573348073959351,7.483974213004112,7.472328732013702,7.597908257246018,7.539708822369575,7.21908563554287,7.23958387196064,7.055031539201736,6.874489979743958,7.087995462417602,6.92036387860775,7.111412869095802,6.729195207953453,6.909997848272323,6.822511433362961,6.98367567896843,6.934675987958908,7.099837018847466,6.95361753821373,7.18346531689167,7.13395542383194,7.1764022314548495,7.146172834634781,7.325060230493546,7.359461230039597,7.170192546844483,7.361197047829628,7.294285900592804,7.303143501281738,7.201264798641205,7.404417147636414,7.229533420205116,6.99257836997509,7.096353394389152,6.964018759727478,7.1213141024112705,7.049295170307159,7.080707193613052,7.015925800800323,7.108668692111969,7.1623275417089465,7.036116327643395,7.1796493291854855,7.127161932587623,7.027282796502114,7.091612688302994,7.0866742640733715,7.176335171461106,7.14113555431366,7.295934371352196,7.291201901435852,7.279312749505043,7.228267006278038,7.341846616268158,7.469350167512894,7.262110477685928,7.416241226196289,7.415360136032104,7.478491404652596,7.450823122262955,7.327099685668945,7.23210183262825,7.309411278963089,7.386379964351654,7.392697153687477,7.227970744967461,7.419528886675835,7.445162776708603,7.302907848358155,7.372088144421578,7.389901445508003,7.449398922324181,7.385187011361122,7.470766385793686,7.271442491412163,7.208744198679924,7.264688091874123,7.294658419489861,7.278227884769439,7.346477217674256,7.42877208173275,7.411647475957871,7.407367281317711,7.45455648958683,7.464206414222717,7.344814167618751,7.531711105108261,7.3623732179403305,7.416963842511177,7.503532431125641,7.371189389228821,7.316918430328369,7.287204230427742,7.316960037946701,7.231666504740715,7.2126764237880705,7.166433468461037,7.525528270602226,7.152161747217178,7.017677304148674,7.02778546154499,7.084245001077652,7.050845484733582,7.25481251001358,7.267029036879539,7.374947543740273,7.44772864818573,7.465306260585785,7.5559353333711625,7.647942293286324,7.644987254738807,7.563608350753785,7.544399719238282,7.641806963086128,7.597299100756645,7.461053020358086,7.517420307397843,7.513091633915901,7.6042584908008575,7.4859341824054715,7.616248114109039,7.67486776649952,7.570599802732468,7.736984475851059,7.665824273824692,7.661911967992783,7.775437113046646,7.637842314243317,7.580775083899498,7.598067705631256,7.486260349750519,7.648750985860825,7.435486738681793,7.656167497038841,7.6399423694610595,7.3448719125986095,7.623407425284386,7.552355814576149,7.690215255022049,7.605556999444961,7.759521616697311,7.573747435212136,7.637424052357674,7.644390956163407,7.725965025424958,7.624961324334144,7.741792847514152,7.638471835255623,7.695521705150604,7.717427255511284,7.619769805669785,7.529501918554306,7.6109346687793735,7.510910741686821,7.524225994348526,7.619907805919647,7.717600383758545,7.60645022213459,7.5943572962284085,7.532912116050721,7.614356096982956,7.634706768393516,7.483058775067329,7.702516968250275,7.645213137865067,7.643327335119247,7.764605393409729,7.732167732715607,7.694313870072365,7.829265182614327,7.675055571198463,7.656353099346161,7.629821119904518,7.677102180719376,7.821950960159302,7.636848474740982,7.774452803730965,7.756077505946159,7.798555235862732,7.764591726660728,7.786853556036949,7.822028076648712,7.783969570994377,7.7881303000450135,7.819191034436226,7.722367463707924,7.813473784327507,7.7810543298721315,7.759408202767372,7.814640653729438,7.837446719408035,7.7060664498806,7.6518138098716735,7.828664097189903,7.727287490963936,7.729825131297112,7.801421202421189,7.69738893032074,7.650399631261825,7.658574061989785,7.821190760731697,7.693538754582405,7.708513735532761,7.753997015357018,7.765289264321328,7.714444593191147,7.805495845079422,7.769561147093773,7.757722730636597,7.779347184896469,7.90884020447731,7.733617334961891,7.738951858878136,7.841193009614944,7.857941590547561,7.787539835572243,7.753252696990967,7.620626531243325,7.715197321176529,7.6982583576440815,7.700094640254974,7.565499920248985,7.38539814889431,7.607680918574333,7.607477105855942,7.634986657500267,7.672558757066727,7.70055872619152,7.747339586019516,7.754824956059456,7.823421496152878,7.7493919968605045,7.6548491197824475,7.873175489902496,7.831619359254837,7.681137946844101,7.725179272294045,7.543475096225738,7.582779624462128,7.610837654471397,7.698402452468872,7.559453821182251,7.636310731768608,7.714084649085999,7.647073801159859,7.677409241199493,7.7700433564186095,7.600476536154747,7.618700380921364,7.756251354217529,7.739276142120361,7.686481154561043,7.631922745704651,7.823166756033897,7.717875820994377,7.695039637088776,7.85217485666275,7.689435619115829,7.600545338988304,7.537541581988335,7.664554679393769,7.609801986813546,7.615004453659058,7.732881165146828,7.666631879806519,7.5837312042713165,7.7073388922214505,7.678058180809021,7.648115709424019,7.647699556350708,7.777006443738937,7.634111199378967,7.662703077793122,7.689741666913033,7.624711460471153,7.504491419196129,7.742640597820282,7.624461611509323,7.693283488154411,7.630280734300613,7.652810837030411,7.630427435040474,7.68831956088543,7.697395991683006,7.681377690434456,7.7512004154920575,7.8246862787008284,7.733915978074074,7.772560069561004,7.838014396429062,7.828943031430245,7.7411627209186555,7.62383017539978,7.72257928788662,7.721245164275169,7.600184900164604,7.835729790329933,7.700883972644806,7.6668159854412075,7.760720964074135,7.780606246590614,7.669767130613327,7.680165162086487,7.854445766806602,7.724781910181045,7.7872432565689085,7.815959985256195,7.7313856029510495,7.735298889875412,7.777960008978844,7.839905955195427,7.699823098182678,7.744994049668312,7.7818839102983475,7.806237591505051,7.736607891321182,7.939677420854569,7.8499782073497775,7.756337442398071,7.876378198862076,7.83581375837326,7.750783870816231,7.7860530334711076,7.916277230381966,7.80907391667366,7.840535508394241,7.957277575135231,7.850648022890091,7.781949101686478,7.84305532515049,7.828173567652702,7.73951441347599,7.823905674219131,7.853170294761657,7.7891819190979,7.762236396074295,7.906268451809883,7.852638568878174,7.761466634869575,7.913356909155846,7.874557522535324,7.822594940662384,7.768710300326347,7.828693840503693,7.74283490717411,7.858183175325394,7.919816890358925,7.859740373492241,7.758899589180946,7.866675938367844,7.855924647450447,7.809762157201767,7.8145157986879346,7.95042156279087,7.855596644282341,7.872060862779617,7.933444247841835,7.755217015147209,7.78254582285881,7.799531110525131,7.793833690881729,7.75047889649868,7.764479809999466,7.8165242540836335,7.798852828741073,7.77339144051075,7.9836259496212,7.81954041838646,7.8340128850936885,7.920835226178169,7.799447473883629,7.766908506155014,7.75135042488575,7.909197641015052,7.772047421336174,7.831438556313515,7.987758557200432,7.842869448661804,7.788334700465202,7.8832874542474745,7.877635002732277,7.825612182617188,7.79361493229866,7.861603472232819,7.733054894208908,7.791921544671059,7.918905051350594,7.753538243174553,7.8386486828327175,7.8621447658538814,7.874067414999008,7.829654550552368,7.87595951795578,7.936672809720039,7.767939293980598,7.751906949877739,7.924144749045372,7.784347023367882,7.745636750459671,7.763990039229393,7.797911741137504,7.7496464031934735,7.734362905025482,7.847234808802605,7.737525010704994,7.786332885622978,7.831108604073524,7.8121695011854175,7.748661710619927,7.826067146062851,7.799407055974006,7.748779173493386,7.815194574594497,7.884829608798027,7.824983171820641,7.844625491499901,7.909867376685143,7.846467958092689,7.794322490692139,7.906082820892334,7.838101509213447,7.798141227960587,7.833372746706009,7.848728429079056,7.701711978912353,7.6717264938354495,7.84946350812912,7.632494932413101,7.783484560847282,7.59308114528656,7.602616039514541,7.640447949171066,7.607402726411819,7.848977203369141,7.705588999986649,7.794923171401024,7.8236070561409,7.651773836612701,7.632053965330124,7.686039456725121,7.511286600232125,7.483524381518364,7.3895176905393605,7.484475526213646,7.428196798563004,7.472642881274223,7.4895333588123325,7.261961894631386,7.316542726159096,7.516663599014282,7.425731395483017,7.260624732375145,7.340400018692017,7.352349702119827,7.381585482358933,7.052858117222786,7.26940491259098,7.178409860134125,7.206200066804886,7.1927275639772414,7.285613892078399,7.2211685979366305,7.479326168894768,7.502380172014236,7.517814310789109,7.505015555620194,7.554004743099212,7.5310488021373745,7.584437868595123,7.681934655308724,7.648071851134301,7.565669249892235,7.729405511021614,7.682467306256294,7.544431601166725,7.734338557720184,7.666595422029495,7.5540620940923695,7.4425227892398835,7.428841249346733,7.45153217613697,7.373083246946335,7.4719322443008425,7.442197296619415,7.438169767856598,7.52931582391262,7.7045201134681705,7.566815255880356,7.578297282457352,7.693922611474991,7.573416540622711,7.605044859647751,7.537802917361259,7.502727636098862,7.529589665532112,7.4611806499958035,7.634539892077446,7.518513497710228,7.582448196411133,7.779472987055779,7.637986877560616,7.570934118032455,7.686614560484887,7.627188382744789,7.6016544634103775,7.473706711530685,7.655253313183785,7.46647011756897,7.619156073331833,7.637620104551315,7.685263701677322,7.526561124920845,7.775361568927765,7.693068476319313,7.569535713791847,7.611182718276978,7.7150098729133605,7.630238844156265,7.5510289019346235,7.7469726657867435,7.666104749441147,7.646625484228134,7.641463155150413,7.617961615920067,7.708322288990021,7.686673313379288,7.706746393442154,7.582645401954651,7.717250301837921,7.777045677900315,7.776499950289726,7.640540895462036,7.843159500360489,7.844213370084763,7.728175728321076,7.781757900118828,7.820418890118599,7.7950779306888585,7.736434668302536,7.804891568422318,7.839748589992523,7.69543116748333,7.861604731678963,7.8724277818202975,7.744407972097397,7.862554937005043,7.902304347157479,7.781080327630043,7.8236307507753375,7.884013549089432,7.818432112336159,7.704392649531364,7.8358648490905765,7.854774411916733,7.826411697268486,7.851321555376053,7.895634168982506,7.82239393055439,7.808810014128685,7.919571996331215,7.906242425441742,7.7314121055603025,7.7452982079982755,7.756283509135247,7.570936906933785,7.8049197828769685,7.8194371122121815,7.716271200180054,7.700676435232163,7.795364820361137,7.709622257947922,7.7046359395980835,7.747121512293815,7.782013550996781,7.675882001519203,7.6528068512678145,7.630275417566299,7.363390761613846,7.572166476249695,7.554434929490089,7.624412087202072,7.505601654052734,7.6236997318267825,7.530637779831887,7.561186643838883,7.469018094539642,7.529307714104652,7.565441635251045,7.622077938318252,7.724733365178108,7.6997108960151674,7.69701301753521,7.750941529870033,7.7768515360355375,7.635739269852638,7.724195447564125,7.799596219062805,7.715164116621017,7.716054701805115,7.800994178056717,7.690982429385185,7.671802312731743,7.671114975214005,7.824506785869598,7.589569526314736,7.742668859958648,7.747062385678292,7.684339780211449,7.646988514661789,7.777417483329773,7.81336639225483,7.687480797171593,7.821663978099823,7.828504170775414,7.754723365902901,7.840931497216225,7.829914786219597,7.688452437520027,7.689114969372749,7.81659518122673,7.81691839337349,7.655068135857582,7.825737311244011,7.835159613490105,7.7519433695077895,7.749487873911858,7.78142402112484,7.740628256201744,7.7135398852825166,7.818860782384872,7.717227306365967,7.763568983078003,7.904402540922165,7.873471404910088,7.8033922207355495,7.900967926383019,7.860309174060822,7.804602079391479,7.796436111927033,7.927919721007347,7.848588469028473,7.693066665530205,7.740481159090995,7.860691853165626,7.733739165663719,7.835527304410935,7.871266328692436,7.769542422890663,7.749970552325249,7.7968449521064755,7.813766648173332,7.667845101952553,7.886398336291313,7.833448286056519,7.736118004918098,7.747240284085274,7.887387190461158,7.77550882935524,7.6265675318241115,7.761232943534851,7.775391671061516,7.634263544082642,7.8419610941410065,7.88448873758316,7.7597369104623795,7.815610963702202,7.828291009664536,7.746979156732559,7.669651664495468,7.726426599621773,7.696554658412933,7.700386419296264,7.794214544296264,7.735038529634476,7.723528705239296,7.851635183691979,7.859996298551559,7.749730038046837,7.6675057721138,7.852785568833351,7.812291629910469,7.699915482401848,7.8601967638731,7.837816691994667,7.720418211221695,7.64851605117321,7.7073886758089065,7.6785131919384,7.642410567402839,7.790679113864899,7.704933273792267,7.701387086510659,7.664174027442932,7.777376028299332,7.7355732327699664,7.787197667956352,7.783763771057129,7.675586683154106,7.597563273906708,7.586414350867272,7.622837480902672,7.656353736519813,7.822928325533867,7.6842708212137225,7.6927902388572695,7.778145906329155,7.776645733118057,7.759496050477028,7.810614858269691,7.863539644479752,7.9082155501842495,7.805139493942261,7.850594838857651,7.818723390102386,7.784299796223641,7.823408349752426,7.803299695849419,7.7355412703752515,7.742079149484635,7.774259470701217,7.814012196660042,7.675568663477898,7.918076611161232,7.854743443727493,7.784570878744125,7.773726921677589,7.823186702132225,7.764804655909538,7.657348971366883,7.854759922027588,7.845125090479851,7.775564729571342,7.915743553638459,7.904624140262603,7.831311529874801,7.848251272439956,7.790877956151962,7.7500899541378026,7.600175691246986,7.716859219074249,7.668074547052384,7.627697397470474,7.66749455332756,7.769040018320084,7.549165639281273,7.695867972970009,7.744496446847916,7.6822763675451275,7.670252894163132,7.8069313573837285,7.725616897344589,7.605176142454147,7.827640551924706,7.797375695705414,7.723985491394997,7.764237090945244,7.818253726959228,7.752449730634689,7.741417552232742,7.780814997553826,7.761217033267021,7.607581738829612,7.836985340714454,7.747695791125298,7.717434955239296,7.725167305469513,7.876896817088127,7.723555043339729,7.7167042171955105,7.890514254570007,7.869814661741256,7.664119975566864,7.781496085524559,7.829933530688286,7.725421511530876,7.775594119429588,7.870900245904923,7.77094142138958,7.769933963418007,7.89507035791874,7.889891462922097,7.803297024965286,7.869018117785454,7.871795065402985,7.788529270887375,7.801972274780273,7.838073316812515,7.7645352947711945,7.811221319437027,7.891921836733818,7.8447244590520855,7.761783815026283,7.876616339087486,7.8486606216430665,7.83566663980484,7.8161596369743345,7.880456628799439,7.816949158906937,7.782298125624656,7.8415227609872815,7.849337422847748,7.7142171567678455,7.875445504188537,7.90628910958767,7.827475509643555,7.859539431333542,7.898030918240547,7.812229193449021,7.810925784111023,7.912630288004875,7.916135339736939,7.812722125649453,7.853998238444328,7.86708005964756,7.818455926179886,7.838921323418617,7.931804284453392,7.81453786611557,7.75543900847435,7.827399138212204,7.844429007768631,7.736801259517669,7.898372705578804,7.874638540148735,7.833708535432816,7.84101078748703,7.88115259885788,7.87112773001194,7.7747532206773755,7.902871835231781,7.922447529435158,7.7893792700767515,7.927219690084457,7.873057287931442,7.835621220469474,7.8894943535327915,7.981469327807426,7.805604000091552,7.809387549161911,7.953127158880234,7.931565749645233,7.781365436911583,7.922298210263253,7.922067484259605,7.780049473643303,7.8459007358551025,7.961602427363395,7.874111278653145,7.814032313227654,7.961233100891113,7.925704706311226,7.797556364536286,7.915176901817322,7.859766774773598,7.804806506037712,7.888726223707199,7.939573954939842,7.944572342038154,7.9665657424926755,7.910683107376099,7.849014546871185,7.812356695532799,7.872947152256966,7.574957756400108,7.391808585524559,7.474684695005417,7.6693906080722805,7.675110973715782,7.791569719314575,7.8487570452690125,7.891875146627426,7.789062822461128,7.952745414376259,7.928342512249946,7.923068901896476,8.000915454030038,7.996376948952675,7.891295486688614,7.7859290659427645,7.951465421319008,7.930072399377823,7.81202213048935,7.9087871307134625,7.86845914721489,7.883803942203522,7.931292032003403,7.9765306609869,7.8667534995079045,7.8554046779870985,7.955983297228813,7.9090704733133315,7.847291924357414,7.91645804464817,7.9097445821762085,7.832471030950546,7.865355823636055,7.923981109261513,7.895903303027153,7.866096081733704,7.952041581869126,7.97347628891468,7.83703803896904,7.977859551906586,7.937618394494057,7.9062522649765015,7.946877745985985,8.017742478251456,7.906471945047379,7.913697574734687,8.044690534472466,8.008337035775185,7.876247324347496,8.0131477946043,7.928010931611061,7.845026890039444,7.865697196125984,7.927950385808945,7.890704289674759,7.912323637604714,7.952563108205795,7.924210658669471,7.802827771306038,7.953085128068924,7.895839502811432,7.78915857553482,7.895861856341362,7.9682654935121535,7.8634240174293515,7.874655141234398,8.024429488778114,7.992540209889412,7.86153708934784,7.942736528515816,7.939237042069435,7.871025639176369,7.849615158438683,7.913697012662888,7.852186267375946,7.790706154704094,7.937157195210457,7.952154295444489,7.825780743956566,7.924404270648957,7.863776004314422,7.828740770816803,7.843788186311722,7.920532792806625,7.873433499336243,7.882729309797287,7.963022047281266,8.023959677219391,7.81254048883915,7.938613402247429,7.900618297457695,7.857020139694214,7.884211637973785,7.974770727753639,7.854976752400399,7.827979307174683,7.93916041970253,7.827056823372841,7.734199624657631,7.887312098145485,7.890424758195877,7.771822833418846,7.84323150575161,7.930331273674965,7.8974325078725816,7.779887029528618,7.9087664973735805,7.871398093700409,7.768187500834465,7.962737273573875,7.861654087305069,7.827844535112381,7.868226065039635,7.924288983345032,7.83618658542633,7.776587479114532,7.954841810464859,7.946465938091278,7.802726624011993,7.920773777961731,7.869647340178489,7.8575856590271,7.8318587434291835,7.952080481648445,7.81543830871582,7.811471179127693,7.988578633666038,7.933833636045456,7.782523282766342,7.924835344552994,7.9362034279108045,7.907582033276558,7.843604406118393,7.964288719892502,7.929774683117866,7.800651661157608,7.873181347250938,7.923352873921394,7.782039275765419,7.847380140423775,7.924972671866417,7.891485977172851,7.8618193870782855,7.95448791384697,7.84454416513443,7.796891423463822,7.9821909594535825,7.930080669522286,7.80238066136837,7.910416105985641,7.933858503103256,7.936204764842987,7.870294305086136,7.93063090145588,7.914119899272919,7.796383112072944,7.853372986316681,7.814101569056511,7.73881425857544,7.844763173460961,7.822800540328026,7.777054841518402,7.824254688024521,7.899916044473648,7.819505957365036,7.8277097511291505,7.9099223917722705,7.939284957051277,7.875636234879494,7.878042815923691,7.883670862317086,7.866546314954758,7.845235929489136,7.886312534213066,7.824780040979386,7.7245508062839505,7.82713989675045,7.832632452845574,7.791564830541611,7.897682420015335,7.8301190429925915,7.724645885825157,7.786349131464958,7.873776341676712,7.783828325867653,7.7669102680683135,7.917481884360313,7.819521156549453,7.7950072997808455,7.917014181017875,7.855980249047279,7.75119250535965,7.825177693367005,7.840693772435189,7.801999080777168,7.787361063957214,7.830319885611534,7.894010519385338,7.801315609812736,7.8894051045179365,7.932905828356743,7.785525268316269,7.8587686032056805,7.9122796213626865,7.7821443623304365,7.8298411881923675,7.9694747591018675,7.957935138940811,7.927544776797294,8.066514983773232,8.03035487115383,7.97248673081398,7.965045691132546,8.002287570238114,7.985926218032837,7.930307027697563,8.050000597834588,7.987176181674004,7.875280230045319,7.9170713186264035,7.886825759410858,7.769849938154221,7.891317839622498,7.961087280511856,7.9460346579551695,7.860746054649353,7.9875905615091325,7.929083460569382,7.74377300620079,7.853198745250702,7.885615971088409,7.817441890835762,7.917422448992729,7.963617720603943,7.891647888422012,7.743644226193428,7.910362302064896,7.808116602897644,7.739548629522323,7.8934587025642395,7.96164417386055,7.839336950778961,7.898810242414474,7.923382284641266,7.906996548175812,7.859397600889206,7.961821900010109,7.963230941295624,7.888624948859214,7.870510077476501,7.904059820771217,7.847180786728859,7.8342416256666185,7.856608454585075,7.829425946474076,7.797724618911743,7.903344088792801,7.806101046204567,7.736059357523918,7.902926495075226,7.897224761247635,7.850356143712998,7.847449091076851,7.914430359601974,7.872346546649933,7.852039182782173,7.946967587471009,7.964953334927559,7.817596157193184,7.903743003010749,7.951103867292404,7.821151888370514,7.823676002025604,7.890118672251702,7.849051248431206,7.786123937368393,7.946580062508583,7.911707672476768,7.818084202408791,7.905113668441772,7.949865425229072,7.862097362279892,7.848499938249588,7.9682301390171055,7.941472171545029,7.839729157686233,7.906582238674164,7.94007087290287,7.770273952484131,7.9240990954637525,7.945073097348213,7.800871197581291,7.855925302505494,7.929211492538452,7.892425476312638,7.807192690968513,7.913329319357872,7.941082919836044,7.836959204673767,7.878749257326126,7.911401798725128,7.864949815869331,7.873902741074562,7.966575278639794,7.9284260714054104,7.853954454064369,8.001004976630211,7.987489246129989,7.876029589176178,7.936127446889877,7.937509604096412,7.834608183503151,7.847983475923538,7.953937227129936,7.852896457910537,7.865757756829262,8.06175572514534,7.9498095238208775,7.871558467149734,7.912190963029861,7.942954490184784,7.866812855601311,7.7844841921329495,7.918463034033775,7.858016553521156,7.789585856199264,7.998920241594314,7.965823017954826,7.816944477558136,7.916430398821831,7.922014640569687,7.794051926136017,7.781349126696586,7.925198839902878,7.92388737976551,7.847195799946785,7.981142154932022,7.915150732994079,7.824442389607429,7.925052366852761,7.914693448543549,7.831697633862495,7.814858812093735,7.8939566820859906,7.881476708054542,7.851138643622399,7.902144782543182,7.929308772683144,7.8123896819353105,7.879811728000641,7.920680341124535,7.8394598680734635,7.900798421502113,7.967278847694397,7.890282924771309,7.809863638281822,7.946843963861466,7.923899306058884,7.818343055248261,7.785614458918571,7.8016815960407255,7.748434358835221,7.710815423130989,7.790531864762306,7.761726340055466,7.723521497249603,7.843198318481445,7.897934358119965,7.767158573269844,7.8196158367395405,7.836896740794182,7.712055711746216,7.7543754464387895,7.774762563109398,7.668002347946167,7.685272275805473,7.733841743469238,7.770610340237617,7.71826357781887,7.600138194561005,7.646787742376327,7.574742661714554,7.49541138112545,7.615041494965554,7.5237056303024294,7.55686768591404,7.623627930283546,7.579376589655876,7.536251155138015,7.662923676371574,7.671442393064499,7.544138268828392,7.5641067212820055,7.630083537697792,7.64927497446537,7.567216373085976,7.751334607005119,7.735198900699616,7.651165782809257,7.714016612768173,7.6864612865448,7.601610119938851,7.59671960234642,7.6646482139825824,7.633343476653099,7.623237224817276,7.6543673837184905,7.668562262654304,7.6729717338085175,7.704205475449562,7.748568302392959,7.6745468819141385,7.686999177932739,7.759054621458054,7.7049695247411725,7.63139278113842,7.739403976798058,7.756606479883194,7.6500422370433805,7.672720599770546,7.789452456235885,7.705503112673759,7.718842883706093,7.784645416736603,7.707900793552398,7.703024071455002,7.771424923539161,7.810298131108284,7.659417616128922,7.766139094829559,7.818012749552727,7.686427474021912,7.66746161699295,7.794472963809967,7.746097968816757,7.716347514390946,7.780753394365311,7.690716322660446,7.575671751499176,7.689041284918785,7.706076049804688,7.617371238470078,7.685826296210289,7.839767926931382,7.7557553011178975,7.728598680496216,7.785468105077744,7.821137925386429,7.71141904771328,7.826352494955063,7.86091971218586,7.73933661043644,7.7514217525720595,7.8837021309137345,7.883976069092751,7.791136504411697,7.928829812407494,7.854219426512718,7.807146193981171,7.8621790498495105,7.860438975095749,7.7828961431980135,7.8725341081619264,7.929110616445541,7.826753086447716,7.8177631968259815,7.927151271700859,7.914420607686043,7.792529620528221,7.936911583542824,7.9002669376134875,7.86653820514679,7.873461050987244,7.916673782467842,7.913660101294518,7.823488068580628,7.985487849116326,7.9189674293994905,7.8273227888345716,7.92327561557293,7.889048471450805,7.8488723689317705,7.78507270693779,7.945138584971428,7.897572461366654,7.880843815803527,7.983513163328171,7.917421125769615,7.808775247335434,7.855563314557076,7.849786792993545,7.816384500265121,7.883931499123573,7.956454409956932,7.902074783444404,7.81926313996315,7.939068312048912,7.913166176080704,7.835268983244896,7.836531114578247,7.784382739067078,7.762509206533432,7.794760462641716,7.902417595386505,7.836973349452019,7.841119900345802,7.96164603292942,7.9235507369041445,7.793217886686325,7.915339452624321,7.862916409373283,7.866575464606285,7.905530355572701,7.910419107675552,7.852918325066566,7.842828664779663,7.961678407788277,7.891457957029343,7.853549965620041,7.883127807378769,7.91643426656723,7.888485991954804,7.83132954955101,7.90173106610775,7.851685792207718,7.7686361932754515,7.915809996724128,7.950559622645378,7.804637902379036,7.875452204346657,7.970667735338211,7.9069695752859115,7.837055796384812,7.915779715180397,7.969609940052033,7.855962463021278,7.955995061993599,7.864892650842666,7.802845764160156,7.813224530816078,7.917107498049736,7.830236818790436,7.804144714474678,7.943026208877564,7.875958508849144,7.766454346776008,7.965866122245789,7.9557389158010485,7.787620376348496,7.871175785064697,7.904990165829658,7.824234023690224,7.871161974072456,7.964064713716507,7.95079796910286,7.8725876462459565,7.979738426804542,7.950742089748383,7.8717645364999775,7.858840658068657,7.886146360039711,7.84326799929142,7.780676076412201,7.951902987360954,7.7885016357898715,7.723552368283272,7.83929969727993,7.871381801366806,7.800980513095856,7.849455599188804,7.917546750307083,7.836045714616776,7.758829882740974,7.91841745197773,7.9767141687870025,7.7774265360832215,7.870327270627022,7.9378303498029705,7.870828256011009,7.919972462058067,7.932078807353974,7.820825801491737,7.863981038928032,7.972689146399498,7.901981465220452,7.85434679389,7.95050506234169,7.9281303548812865,7.833278335928917,7.914476177692413,7.900575262904167,7.867614559531212,7.8731413406133655,7.933581706881523,7.933918390274048,7.872327498793602,7.9314267182350155,7.962796489596367,7.857323966622353,7.94859600841999,8.024267359375953,7.907741754651069,7.883456082940102,7.946829724907875,7.902458998560905,7.817981488108635,7.985053021907806,7.894588609933853,7.8790154922008515,7.893511335253716,7.896418693065644,7.809222672581672,7.840265022516251,7.980686265230179,7.87777705013752,7.819769214391709,7.94023879468441,7.907866984605789,7.804716999530792,7.873665688633919,7.9054015612602235,7.832687056660652,7.7691647088527676,7.882503023147583,7.840052859187126,7.779745637774467,7.91765691101551,7.934930592179298,7.80138846039772,7.861543517112732,7.897158550620079,7.808421455621719,7.80178362429142,7.899667810797691,7.868137525320053,7.7854503029584885,7.949432165026665,7.887343149781227,7.74825110077858,7.814254609346389,7.911964350342751,7.843960663080216,7.8413482248783115,7.9108044934272765,7.91190667450428,7.793757658004761,7.920650287866592,7.929644383192063,7.824730991125107,7.8765860539674755,7.95215972840786,7.902379264235496,7.815108101963997,7.9876519250869755,7.9165455806255345,7.8657824373245235,7.963628933429718,7.861993960142136,7.7756163537502285,7.839399660229683,7.9705348753929135,7.857526651620865,7.813932170271873,7.921981134414673,7.894974932074547,7.888821252584457,7.94033608853817,7.9301799035072325,7.87248671233654,7.907682862877846,7.913853039741516,7.826495683193206,7.805721544027328,7.965876591801643,7.89624418258667,7.785828784108162,7.914337746500969,7.882545078992844,7.85181881904602,7.865183401107788,7.878597162365914,7.860046592354775,7.820319231748581,7.9359625768661495,7.857750421762466,7.7695158797502515,7.945182479023933,7.943256709575653,7.84213546693325,7.8170196229219435,7.927278668880462,7.855262832045555,7.835457050800324,7.953118911981583,7.890932391285896,7.8565026938915254,7.911533041596413,7.923694937825203,7.829259381890297,7.872472121715545,7.843558943867683,7.822403829097748,7.815979440808296,7.923601094484329,7.886757514476776,7.7756182044744495,7.914184812307358,7.936974839568138,7.815489441752434,7.823788188695907,7.8835237473249435,7.83890317440033,7.783919556736946,7.946591037511825,7.897827026247978,7.72695453107357,7.85083633184433,7.895970745682717,7.775288552641869,7.790406126379967,7.872111839056015,7.816232996582985,7.831511248350143,7.917691505551338,7.902318202853203,7.868285275697708,7.888846896886825,7.890325711965561,7.796599763035775,7.840441110134125,7.89666506588459,7.8817786955833435,7.839519028067588,7.922835356593132,7.896457179188729,7.780364208221435,7.9763844776153565,7.967565256357193,7.858537980914116,7.853000869750977,7.933841777443885,7.835772541165352,7.797436449527741,7.952564825415611,7.894471789598465,7.78516164124012,7.9690929746627805,7.949252175092697,7.793872796297073,7.877787576913834,7.895756589174271,7.9236043679714205,7.866637538671494,7.954519503712654,7.910332773923874,7.828068283200264,7.891375353336334,7.896811718940735,7.804566181898117,7.830895814299583,7.912586090564727,7.839097735881805,7.863802527785301,7.900881924033165,7.938146649599076,7.845210151076317,7.923366850614547,7.8823678433895115,7.78599739253521,7.83877640068531,7.855124905109405,7.806318220496178,7.752047299742698,7.865259110331535,7.866484729647636,7.7764601027965545,7.875593295693397,7.9087251406908035,7.853866149187088,7.8750610864162445,7.951818692684173,7.7967940956354145,7.825125185251236,7.930941986441613,7.88505377292633,7.802739703655243,7.9318881618976596,7.967881193757057,7.816064692735672,7.832364838123322,7.884634444117546,7.871102202534676,7.77939435839653,7.8992389267683025,7.902430763840675,7.8648587930202485,7.873656076192856,7.908691883087158,7.854877296090126,7.842563562393188,7.788353343009948,7.6681865817308426,7.601292135715485,7.760218268036843,7.767146995067597,7.798464875817299,7.876552812457085,7.957664002180099,7.825835936665535,7.831962503194809,7.961628471016883,7.836618845462799,7.763838126063347,7.956454427242279,7.953876111507416,7.79027370929718,7.886774219870567,7.8841692113876345,7.789816473722458,7.865409852266311,7.934199547767639,7.834620913267136,7.812726103067398,7.9580918824672695,7.9065651762485505,7.867537244558334,7.9422342538833615,7.896130686998367,7.882370519638061,7.8750092160701755,7.9006856638193135,7.833431693911552,7.856026260256767,7.952862343788147,7.880013728141785,7.77950397670269,7.925015868544579,7.929209950566292,7.800576356649398,7.853140435218811,7.948978480100632,7.825830806493759,7.784775730967522,7.949036943912506,7.908395513296127,7.81455029129982,7.912706763148308,7.9103151518106465,7.767610659599304,7.825942848324775,7.833477710485458,7.790640414357186,7.795433048009873,7.88667251765728,7.830173342227936,7.789685366749763,7.89693920135498,7.883197011947632,7.797405115365982,7.852717692255974,7.955826056003571,7.878804488182068,7.878519204854965,7.92621995806694,7.9055580753088,7.844618105888367,7.947499131560326,7.965929209589958,7.926402649283409,7.842033000588417,7.9652406692504885,7.932738959193229,7.839776026010513,7.942156766057014,7.9437606549263,7.850040454268456,7.9059285080432895,7.907310382723808,7.892667809128762,7.869040783643722,7.919401287436485,7.809653280973435,7.804597172737122,7.953869816660881,7.873793454766274,7.814040094017982,8.001386497616767,7.917970312833786,7.828131384849549,7.861370446681977,7.963799625635147,7.847192796468735,7.837178696393966,7.957464879751205,7.9136196261644365,7.81920367538929,7.9434384191036225,7.9330711579322815,7.864926718473434,7.832777624130249,7.9289239823818205,7.894659118652344,7.835199649930001,7.951234889626503,7.944242559075356,7.864441233277321,7.945696635246277,7.999033553600311,7.865822367668152,7.919578127264977,7.97157220184803,7.915541022419929,7.868757408261299,7.952036290764808,7.8892045283317564,7.842341490387916,7.939544458389282,7.923622473478317,7.831688468456268,7.875844599604607,7.9148557353019715,7.874536632895469,7.806361479759216,7.932989043593406,7.95240472316742,7.84071034014225,7.984119913578033,7.992686517834663,7.842667761445045,7.779446501135826,7.878684062957763,7.839442859888077,7.809545018076896,7.9440722823143,7.860431703329087,7.76116995215416,7.879067705869675,7.868002303242683,7.750452006459236,7.792748680114746,7.8994399279356005,7.8545935827493665,7.77884011387825,7.982690170407295,7.901681096553802,7.785948196649551,7.841234037280083,7.932737124562263,7.818401970863342,7.809466907382012,7.928641759753227,7.877653768062592,7.8036816215515135,7.955880500078202,7.904398401975632,7.818351244926452,7.92950571000576,7.925323030948639,7.807031106352806,7.75137954711914,7.926491337418557,7.877772415280342,7.805885146856308,7.944467188119888,7.911592267155648,7.812747046351433,7.879753159284592,7.893230450749397,7.856495860815048,7.861625934243202,7.964050914049149,7.898312341570854,7.792115057706833,7.915955024957657,7.908638318181038,7.855614689588546,7.930183783173561,7.91099056661129,7.783143482804299,7.818466891646385,7.8797477591037755,7.84898636162281,7.788524909615517,7.877951790690422,7.8456509029865265,7.834376821517944,7.90454932808876,7.917331342101097,7.8614037710428235,7.812293640971184,7.843927244544029,7.876605305075645,7.797417133450508,7.900892196893692,7.827450868487358,7.762248848676681,7.874511670470238,7.9034662175178525,7.866763589978218,7.880635254979134,7.978608045578003,7.897392011284828,7.854749140143395,7.990165434479714,7.960873661637306,7.900778406858445,7.9273738104105,7.917343671917916,7.786464378833771,7.877519018650055,7.95565738260746,7.92021487236023,7.832185770273209,7.94258748292923,7.9345867091417315,7.827154891490936,7.968384439945221,7.965233783721924,7.879602094292641,7.805187163949013,7.885234419703483,7.838960046172142,7.814920472502709,7.948476144075394,7.881443219184876,7.798992186784744,7.878764258623123,7.872165558934212,7.768613874316215,7.8012256646156315,7.8674945467710495,7.864365404844284,7.788568818569184,7.890948025584221,7.906759361624718,7.819979895353317,7.878233633637429,7.891442441344261,7.8088514566421505,7.750549185872078,7.851629347205162,7.792957164049149,7.827726259231567,7.89977391242981,7.860701450109482,7.795403420329094,7.847709122300148,7.861842622756958,7.801336894631386,7.822736409902572,7.851224682331085,7.882780901193619,7.771693819761277,7.867025806903839,7.781934442520142,7.761277375221252,7.855583691596985,7.842226387858391,7.766763914227486,7.744525321722031,7.869866139888764,7.818635883927345,7.770676387548447,7.9179817080497745,7.88085676252842,7.844705315232277,7.9336229729652405,7.937605698704719,7.8299093359708785,7.827148641347885,7.906593245863914,7.837562430500984,7.742839647531509,7.909560490250588,7.8399897849559785,7.754923351407051,7.8342376232147215,7.883775188326836,7.780644382238388,7.7703615665435795,7.870340874195099,7.817515258789062,7.708752418160438,7.9209881502389905,7.871515319347382,7.842235684990883,7.894763969779015,7.98030036509037,7.8056696200370785,7.801348689198494,7.865765115618705,7.795908982753754,7.734182868599891,7.959753853082657,7.890405780673027,7.744324851632118,7.828471026420593,7.923171175718307,7.776678441166878,7.807472797036171,7.9527827501297,7.907825831174851,7.861891628503799,7.970347901582718,7.895040500164032,7.856030183434487,7.935957236886025,7.91061006128788,7.874774086475372,7.816974400281906,7.897443675994873,7.899465435743332,7.853207470178604,7.934810512065887,7.87281968653202,7.801353198885917,7.792686522603035,7.92772093474865,7.882290222644806,7.835632566213608,7.9350423055887225,7.885078188180923,7.754475140571595,7.8618980485200884,7.874012597203254,7.851125245094299,7.915082201361656,7.926700770258903,7.827114446759224,7.7699619889259335,7.86237812936306,7.848857564926147,7.8384366410970685,7.902742556333542,7.900209301710129,7.845140900015831,7.843386470079422,7.839486976861954,7.737342132329941,7.781214804649353,7.839852744936943,7.807261617779732,7.774460334181786,7.915613535642624,7.811965945959091,7.800397065877914,7.78815282702446,7.9016788047552105,7.735964449048042,7.718729211091995,7.871124964952469,7.824682647585869,7.696552521586418,7.814792022109032,7.854892082810402,7.700732057094574,7.834323106408119,7.7998174875974655,7.802624920010567,7.69889583170414,7.797046446800232,7.83220851957798,7.802859133481979,7.871988527178765,7.863012991547585,7.8238646292686465,7.850106909275055,7.869621025919915,7.765075646042824,7.779649496078491,7.8694004708528515,7.855115481615067,7.843247706890106,7.905580981969833,7.795186785459518,7.712118113040924,7.7675078612565995,7.836435190439224,7.730983842611312,7.750012094378471,7.7489802622795105,7.7240518254041675,7.7568627423048016,7.796112506389618,7.8231185930967335,7.721153750419616,7.882149658203125,7.828593810200691,7.7616479873657225,7.717673798799515,7.840261709690094,7.785260375142098,7.737892620563507,7.814088446497917,7.802265058159828,7.734777821302414,7.755911729335785,7.827358545064926,7.612991482615471,7.762348359823227,7.7837398988008495,7.830348616242409,7.680839003324508,7.807869880199433,7.764374187588691,7.761529018878937,7.767565066814423,7.825662527084351,7.756267209649086,7.833982211351395,7.8458050316572185,7.832205855250359,7.732726246714592,7.923655927777291,7.783542561531067,7.733888158798218,7.816201955080032,7.8275530117750165,7.787032426595688,7.738413615822792,7.861375535726547,7.774211272001266,7.675329543948173,7.809199912548065,7.738573147058487,7.765721554756165,7.796315975785255,7.871742177605629,7.701203204989433,7.7413282287120815,7.892316348552704,7.832067448496819,7.741854402422905,7.80834512591362,7.82002179145813,7.7782139909267425,7.7967388737201695,7.895546649098396,7.803844918012619,7.73466335952282,7.794579825401306,7.731161313056946,7.730695170760154,7.882227916121483,7.873516458272934,7.775755462646484,7.823293899893761,7.848987048268318,7.72968000292778,7.71159158885479,7.892909047007561,7.829130721092224,7.696847059726715,7.8364853608608245,7.841019459962845,7.7700393879413605,7.8369459426403045,7.77713016629219,7.726831821799278,7.724817792773247,7.889635047316551,7.8923141926527025,7.703982159495354,7.814274656772613,7.805525761246681,7.803079849481582,7.772359376549721,7.859333064556122,7.751894924640656,7.730006258487702,7.884323332309723,7.833939717411995,7.753632313609123,7.8323949015140535,7.736994686126709,7.640674144625664,7.758875235915184,7.754337754249573,7.7657397794723515,7.7021010893583295,7.808061653971672,7.826247149705887,7.775009536743164,7.903452982902527,7.919281685352326,7.8420144993066785,7.877593111395836,7.881179209947586,7.821716820001602,7.740412383079529,7.869306509494781,7.796395961642265,7.7757283693552015,7.9462427496910095,7.791633695363998,7.816873827576638,7.738349316716194,7.8245651876926425,7.77403063416481,7.7427324402332305,7.7754939115047454,7.8104274880886075,7.750790417790413,7.839404971003533,7.877307263612747,7.836004852652549,7.834847086668015,7.873775014281273,7.8148628056049345,7.816885802745819,7.903138198256492,7.9123644495010375,7.815489327311516,7.936718256473541,7.958805682063103,7.831189219355583,7.818737748265266,7.925742984414101,7.829385890364647,7.785400023460388,7.8177389019727705,7.847352008223534,7.798660004734993,7.919866157770157,7.831769323945045,7.742158505320549,7.873631909489632,7.886197341680527,7.869318440556526,7.807113425135612,7.897980953454971,7.842740531563759,7.78079197883606,7.89984590947628,7.850367791056633,7.781955341696739,7.8377266818284985,7.854744769334793,7.8712043410539625,7.793994372487068,7.92419443488121,7.880391504764557,7.787791789770126,7.918309162259102,7.9049531608819965,7.863064717650413,7.892576642632484,7.981369861364365,7.884685961604118,7.768167089223862,7.860750789642334,7.915934094786644,7.773808506131172,7.887506135702133,7.894879977107048,7.7940372854471205,7.852054265141487,7.8599160522222515,7.856349116563797,7.836205986142159,7.928151562213897,7.924396286606789,7.834525924921036,7.936936871409416,7.820283915996551,7.729726776480675,7.797776588201523,7.807603975534439,7.795997787714004,7.6617286401987075,7.880089403986931,7.882290634512901,7.740539125800133,7.879965537786484,7.774565343856811,7.747286792993545,7.833771187067032,7.796010522246361,7.850034819245338,7.783728899359703,7.819629957675934,7.827251923084259,7.717802609205246,7.8614732050895695,7.855973988771439,7.7552436023950575,7.774387739896774,7.878273558616638,7.73701052248478,7.733133428096771,7.825698707103729,7.7649612510204316,7.650064751505852,7.782462459802628,7.820254389643669,7.765085995197296,7.7512933540344235,7.787899920940399,7.8346485888957975,7.785423830151558,7.833602063059807,7.850312175154686,7.757205629944801,7.855480486154557,7.8556130486726765,7.749273411035538,7.76141456246376,7.826591528058052,7.769724450111389,7.752755984663963,7.914000110030174,7.833054983019829,7.770783116817475,7.905891063809395,7.8715373831987385,7.80821387887001,7.870973113179207,7.857179017663002,7.802199633717537,7.730652604699134,7.839577230811119,7.864611787199974,7.781106015443802,7.875467637777328,7.903625479340553,7.84319729745388,7.812449695467949,7.860934666395187,7.776539716720581,7.773946416974067,7.845136117339134,7.862916170358658,7.815249034166336,7.823563752770424,7.8543986022472385,7.789383481740952,7.852137896418571,7.868847396373749,7.788812047839165,7.799177119731903,7.86939477622509,7.857352836728096,7.7861915701627735,7.878205301165581,7.846352969408035,7.787403373122215,7.82358338356018,7.9149265587329865,7.80315405189991,7.765354045033455,7.877514939308167,7.910933418273926,7.760534635186195,7.872383482456208,7.917815330028534,7.777828832268715,7.841070294380188,7.848769289851188,7.813940117359161,7.7622428768873215,7.883819752931595,7.9111291927099225,7.818146269917488,7.839592595696449,7.91374024450779,7.79894321680069,7.799191276431084,7.896515833735466,7.8708757412433625,7.799917708039284,7.996852682828903,7.9188514858484265,7.746705375909805,7.887743036746979,7.908029611706734,7.821647281050682,7.885784708857536,7.902150626778603,7.814179251194,7.8165806293487545,7.960658069849014,7.867569785714149,7.831415660977363,7.917491407394409,7.873741756677628,7.8165548866987224,7.910519422888756,7.928794442415238,7.793869948387146,7.869457104802132,7.952101948857307,7.899150424003601,7.882262308001518,7.985581368803978,7.971262018680573,7.823463433384895,7.874452896118164,7.927090425491333,7.842122830748558,7.817065911889077,8.000017239451408,7.9330912828445435,7.801198952198028,7.929090831279755,7.929157180190086,7.84480693757534,7.833633096814156,7.901811876893044,7.813910644054413,7.788423861265183,7.886985216140747,7.8717979282140735,7.7882187718153,7.886772788167,7.9025003206729885,7.902260376214981,7.868227265477181,7.893663733005524,7.8836108076572415,7.782035766243935,7.899714030623436,7.917939562797546,7.794812970161438,7.918494351506233,7.890100662708282,7.782239341139793,7.819803783297539,7.954574739933014,7.83870659172535,7.7995700418949125,7.914903896450997,7.8732317924499515,7.7430547893047335,7.89289627969265,7.912595911622048,7.7978012937307355,7.808480263352394,7.807514266371727,7.817493155002594,7.757125564813614,7.872793238759041,7.847591526508332,7.790052812695503,7.804887826442719,7.798465560078621,7.768855212926865,7.779089169502258,7.886573183536529,7.838178031444549,7.759786207675933,7.8664271944761275,7.856542733311653,7.829952985644341,7.921462827920914,7.864838501214981,7.822857576012612,7.833219862580299,7.8354285061359406,7.808109558820725,7.776486440896988,7.8553661859035495,7.8694728505611415,7.721307860016823,7.880139597058296,7.85532494187355,7.836480808258057,7.826162890791893,7.910599242448807,7.786453363895416,7.7150108307600025,7.86679143846035,7.855351351499557,7.746974701285362,7.85168844640255,7.891857704520225,7.81247349858284,7.889807630181313,7.9313288748264315,7.8260928493738176,7.753013427853585,7.963780789375305,7.912587663531303,7.8185159689188,7.919348620772362,7.927687958478928,7.808847876787186,7.816197674274445,7.88379506289959,7.842835566997528,7.782451173067093,7.914722281098366,7.8950058442354205,7.837065700888633,7.892337691187858,7.887471053600311,7.798161571025848,7.850164325833321,7.96223008275032,7.886588834524154,7.815446452498436,7.91406011223793,7.852628823518753,7.74021463394165,7.848372193574906,7.834511266350746,7.748640686273575,7.81195380628109,7.925033954977989,7.846990765929222,7.7378116255998615,7.89160554766655,7.876708552837372,7.8562990170717235,7.968469606041908,7.861748133897781,7.803702120184898,7.80194392323494,7.8860682338476185,7.832113090753555,7.743493064045906,7.912457049489022,7.91630302965641,7.828462157249451,7.939493699073791,7.892798283696175,7.837212804555893,7.941052593588829,7.934729182720185,7.780953674912452,7.7632283347845075,7.9383070290088655,7.874466315507889,7.795354152321815,7.946310517787933,7.933635869622231,7.812378471493721,7.839799564480781,7.901087839603424,7.857994012832641,7.80554024875164,7.898970543146134,7.882923369407654,7.77186422765255,7.862529386281967,7.89192216694355,7.783317677974701,7.8886258381605145,7.93563717186451,7.808978743553162,7.776043602228165,7.825659638643264,7.846038310527802,7.783431966900825,7.794055238962174,7.89616907119751,7.779544538855553,7.771610383987427,7.89821491241455,7.901589015126229,7.819349747896195,7.88079814195633,7.859233856201172,7.763586976528168,7.871773265600204,7.886680269241333,7.781373267769814,7.810427637696266,7.8764983689785,7.838703086972236,7.749224869608879,7.9544701778888705,7.873658944964409,7.759628798365593,7.861248682737351,7.869014154076576,7.8050374382734296,7.819938328266144,7.957479237914085,7.839619613289833,7.76733128130436,7.903572462201119,7.891499100327492,7.82051331102848,7.863803431391716,7.896208934783935,7.794613372683525,7.87206340610981,7.932610902190208,7.885380299091339,7.792917866110802,7.890999674797058,7.843537962436676,7.848418465852737,7.8937721502780915,7.890847047567368,7.815864841938019,7.793908091187477,7.901308880448341,7.87255322098732,7.756692569255829,7.8906265205144885,7.907523890137672,7.8324860513210295,7.9301855832338335,7.956444858312607,7.869410275816917,7.825311729311943,7.907858232855797,7.847530288100242,7.83438176214695,7.884117497801781,7.869380435347557,7.799681155085564,7.877837396860123,7.903200181722641,7.858733896613121,7.831831777691841,7.96093453347683,7.859963858127594,7.788234512805939,7.898076139092446,7.866771669387817,7.843892353177071,7.872721183300018,7.90152067899704,7.860592272281647,7.891640132665634,7.970789099931717,7.8242690002918245,7.799236778616905,7.932311434745788,7.9400440818071365,7.835484598875046,7.877580991387367,7.914738189578056,7.839612823724747,7.761489112973213,7.909597296118736,7.834609133601188,7.775106852650643,7.889141529798508,7.900830526947975,7.827306773662567,7.924110441803932,7.917071022391319,7.838152773976326,7.78627214550972,7.909056191444397,7.89156463265419,7.801020990014076,7.854131991863251,7.881889263987541,7.7937976866960526,7.820654996037483,7.83993664264679,7.742420645356178,7.740785999298096,7.746094038486481,7.669280537962914,7.670593658685684,7.807977268695831,7.829238111376762,7.739067981243133,7.857862980365753,7.918692166805267,8.018346581459046,8.031365501284599,8.13918010056019,8.04863781929016,7.932974047064781,8.027147314548493,7.9369370990991595,7.895756701827049,7.949086160063744,7.941543945670128,7.8453440713882445,7.899033598899841,8.002295054793358,7.952099243998528,7.849235159158707,7.98594618499279,7.911580738425255,7.865434366464615,7.90745448410511,7.8322908359766,7.801680387258529,7.821556850671768,7.947999494075775,7.887756687402725,7.803667196631432,7.924098529815674,7.900898649692535,7.849325796365738,7.921791610717773,7.938933359980584,7.8290737169981,7.877292686700821,7.979433807730675,7.87731790959835,7.742002062797546,7.909892322421074,7.939686622619629,7.861720415353775,7.9693118065595625,7.915822277665138,7.830030007958412,7.65899194419384,7.81192201435566,7.782145512104035,7.76111204624176,7.8507400739192965,7.878557730913162,7.843581478595734,7.961783373951912,7.890034241080284,7.85718141078949,7.870971348285675,7.925836329460144,7.8822142416238785,7.82778625369072,7.937076338529587,7.912833493947983,7.884066463708877,7.887134930491447,7.93095792233944,7.8972497034072875,7.863987968564033,7.940220031738281,7.921678716540336,7.8326859271526335,8.003720702528954,7.885546026229858,7.81462703883648,7.890520279407501,7.926541706323624,7.818078725934028,7.884042905569077,7.994040769934654,7.846976719498635,7.849596908688545,7.99426139652729,7.907472511529923,7.8467752695083615,7.900840032100677,7.936630128622055,7.846774594783783,7.8717873901128765,7.943180626034737,7.884461020827294,7.840409497618675,7.9375133985280995,7.932233282923699,7.912770447731018,7.984600721597672,7.9588314443826675,7.876322911381721,7.875125645399094,7.96039432823658,7.8577835142612455,7.826993768215179,7.962800208330155,7.920455663800239,7.864151990413665,7.879163068532944,7.9139762008190155,7.855978813171387,7.883319115042687,8.011483157277107,7.887312000989914,7.873850003480912,7.9485614812374115,7.908711031079292,7.887586196064949,7.927493078708649,7.914347662329674,7.890020241141319,7.855648359060288,7.987739802002907,7.914361672401428,7.800402501821518,7.834777317047119,7.894714912176132,7.797100902795791,7.8416040015220645,7.818963140249252,7.777879135608673,7.763553624749184,7.852263966798782,7.880297046303749,7.75825602054596,7.853018749952316,7.792179921865463,7.75122020304203,7.864566737413407,7.8458186054229735,7.784166761636734,7.814395833015442,7.928359598517418,7.86907407104969,7.823274885416031,7.920600685477257,7.901272817850113,7.816453697681427,7.818739857673645,7.857761327028275,7.831312273740768,7.8052601301670075,7.927860134243965,7.85517147064209,7.748472083806991,7.848435670137405,7.847521456480027,7.853068498969078,7.892283161282539,7.874704340696335,7.753872880935669,7.834389867782593,7.948619038462639,7.904878436923027,7.746156192421913,7.920367069840431,7.890732870101929,7.801675338745117,7.817413352131844,7.83227918446064,7.852234696745873,7.882249566316605,7.91277110517025,7.881293879747391,7.7992556673288345,7.923760064840317,7.873276475667954,7.83940763771534,7.883604778051376,7.929273992776871,7.837701717615127,7.789835229516029,7.881269696950913,7.864203701615334,7.802681755423546,7.926631463170051,7.87508886218071,7.8279806238412855,7.835926656723022,7.886839306354522,7.788982543945313,7.816885902285576,7.874300290942192,7.8723407930135725,7.794350941777229,7.84944700717926,7.970611298084259,7.858650858998299,7.867093555927276,7.867144198417663,7.797978152632713,7.788777350187302,7.91000799536705,7.879212203025818,7.823849485516548,7.955419371724129,7.8856481808423995,7.8005767500400545,7.884500986337661,7.904533581733704,7.822700369358063,7.841560894846916,7.954142255187034,7.896371856331825,7.769852979183197,7.8337110978364946,7.856710644960404,7.799425714612007,7.828064213395119,7.880152004957199,7.7536517494916914,7.767790924310685,7.83939082801342,7.8452733939886095,7.7641940671205525,7.8139492779970166,7.850929524898529,7.833384481668472,7.852378726005554,7.835827795267105,7.763770008683204,7.740972519516945,7.867502341866493,7.8076326757669445,7.784918937683106,7.935035344362259,7.851163232922554,7.852679632306099,7.9519592243433,7.939977441430091,7.854078483581543
