7.356183162331581,6.977900035977363,7.624977909326553,7.056600136756897,7.7774192160367965,7.502211176156997,7.369557202458382,8.155539838671684,7.499339454770088,7.853335862159729,7.261578910350799,6.87466157361865,7.908664226979017,6.022731227278709,8.37175761461258,5.881087648719549,7.575252694934607,6.762283251136541,7.350398372411728,7.311123049855232,6.484919870942831,8.006505321860313,6.572573460191489,8.101321151852607,7.212294898480177,7.6473137056827545,8.232680870890617,7.396914138197899,9.014071446061134,7.47776127755642,7.58870809674263,8.1940732806921,7.505275908112526,7.154093617796898,7.447522411346435,7.0542899206280705,7.328933789730072,6.9813306134939195,7.121451467871666,7.730701774358749,6.621447855681181,7.543808908462524,7.3759917652606966,6.892287230491638,7.218867416977883,7.489373773932457,7.223193280100823,7.263587000370026,7.395348601341247,7.285594290345907,7.001795991659164,7.9298987156152725,6.688628940582276,7.3989079397916795,7.481772297024727,6.259891586899758,8.281230129599571,6.334585998058319,8.389409870505332,6.466135621070862,7.12793148636818,7.842925502657891,7.118276960849762,7.842390847802162,7.209732941985131,6.8918172955513,7.729331462979316,7.012243165969848,7.5990910983085636,7.566804289221763,7.271181129813194,7.207268196344375,7.659766869544983,6.320083903670311,7.882371562719345,7.299423361420631,7.291257621049881,7.641842385530472,7.017114132642746,7.492052715271711,6.877215242981911,7.540419922471046,6.679532032161951,7.106064829677344,6.963720627278089,6.853678839355707,7.254370948523283,6.662328116744757,7.723324586749077,6.203652350753546,6.948587671369314,7.428994219154119,6.089894551634789,7.539300568103791,6.753466198146343,6.943764383494854,7.441541925668717,6.855795219093562,7.2818418344855305,6.63224760144949,7.238109342306853,6.941542114317417,7.0515532363951205,7.457277822494507,6.404040572196245,7.607524299919605,6.917661653757095,7.00379353120923,6.943677524626255,6.928540670275688,6.732457207888364,7.086700844317675,6.3365071785449985,8.105758411735296,6.077903491258621,7.0083792068064215,7.432960710525513,6.519926124215126,7.490212986320257,6.657843234091997,7.016920896172524,6.72846436649561,7.154524479210377,6.912844745963812,6.756848045438528,7.399506665319205,6.620836983025074,7.141419988721609,6.516893808543682,7.8191198945045475,6.866795617043972,6.617869980335236,7.066021699011326,6.976665530204773,6.6182727965712544,7.2732331471145155,6.717903217822314,7.201198607236147,7.167841306328773,6.493875816464424,7.597424508929253,7.186982942521572,6.61478713363409,7.33280838355422,6.918231089115142,7.228250483870506,6.809578014910221,7.323982048034668,7.0621641314029695,6.8193689092993734,7.2914057511091235,6.832367317229509,7.1771901868283745,7.142038893252611,6.802169017940759,7.242786505222321,6.9881796179711815,6.679282715171576,7.109328025281429,6.9874160461127754,6.788803200423717,6.9396669991314415,7.037328184247017,6.775042641311884,7.381294836997986,6.338516843914985,7.324996930807829,7.124751597642899,6.389878440797329,7.377295407503843,7.003275828361511,6.941278793364763,6.97688026458025,7.1261548638343815,7.048246438801288,6.811410119235515,7.386868621110916,6.661892947256565,7.002957846224308,7.334967651814222,6.68121799737215,7.6597653625905515,6.695559034496545,6.678173997849226,7.610980342030525,7.0884162537753586,6.905148800909519,7.182403250187636,6.806528088897466,7.6227155891060825,6.440519746094942,7.451087067127228,7.16688794195652,6.783886719793081,7.011745431274176,7.578955599963665,6.8101384097337725,7.231354484409094,6.958287561237812,7.276697139143944,7.363200841397047,6.75216589808464,7.124864019602537,7.372376634329558,6.809079634547234,7.602837451100349,7.201464414447546,6.863583110421896,7.150821305960417,6.875264675468206,7.278112943619489,7.105071523636579,6.958383688628674,7.013290672600269,7.213892976492644,6.799245534092188,7.342844806313515,7.168244603127241,7.137579417526722,7.104856133908033,6.993704166710376,7.686583797335625,7.008166122436523,6.984374883025884,7.346928950995207,6.9095917803049085,7.396265552043915,6.555054436326027,7.719823098629713,6.944877058118582,6.813308555185795,7.416408668607473,7.12212000310421,7.169289525449276,6.7541727802157405,7.990968233346939,7.224412833303213,5.935578065663576,8.423701251149177,6.520667814165353,7.5100328934192655,7.162953514456749,7.027947251647711,7.171079904288053,7.208016047477722,6.898048591315746,7.174138579815626,7.006645316779614,7.166874973624945,6.914310247004032,7.451073379516601,7.347772807329893,7.019667243212462,7.4832749581336975,6.760206567496061,7.934050295948982,6.42319788351655,7.489532064199448,7.486979628205299,6.214650180637836,8.345159501433372,6.656758465617895,7.778992482870817,7.267284643352031,6.539001796990633,8.041556890010833,7.132796687483787,6.656154037564993,8.034575073719024,7.009086549580097,8.045788399577141,7.440346982926131,7.792894654870033,7.257714514732361,7.4966901537776,7.407749532908201,8.445631654262543,7.252667450010777,8.181307753324509,7.59869304344058,7.763463129997254,8.385249472260476,7.5206902435421945,8.477051726579667,8.25881521344185,8.43789915651083,7.962441236972809,7.937570410072803,8.902209925949574,8.00033013164997,8.360649598091841,8.353076858371496,8.409346361756326,8.220729222148657,8.382075734138489,7.8768872593343255,8.773285323381424,8.40174330174923,8.352782390117646,8.51048216700554,8.377638081163168,8.505296447873116,8.24972606897354,8.309297323077917,9.172696092128753,8.56807546004653,8.148706533014774,8.521553147286177,8.411416038274766,9.01483809709549,8.142671805620193,8.915253345817327,8.127402392029762,8.246387443542481,8.766234353035689,7.380175771713257,8.940591802597046,7.527734104394913,8.44259556055069,8.077241432070732,8.244436765313148,8.39658213675022,8.37771050632,7.971871135085821,8.60926197528839,8.431444219946862,8.298201378285885,8.004880746603012,8.783903618454934,8.30209379374981,9.189452767819166,7.813549691438675,9.141078092455864,7.981933412849903,7.624022235125303,8.707763501256704,8.44571591541171,8.527707596421243,8.319701272249223,8.225852227210998,8.807041978240013,8.099814183712006,8.033325567096472,8.643210795521735,8.170327894687652,8.995756683200598,7.866118875443935,8.535581877082587,8.584255994558335,8.186469441056252,8.528907272219659,8.466034086942672,8.922727696299553,9.092833223789931,8.792273938655853,9.086165549755096,9.24324308142066,9.069253892302513,9.258584554195403,9.280326050519943,9.792033472061156,8.944321180582046,9.894060522913932,8.78838106557727,9.338720266819001,9.538337282240391,9.590641950368882,9.628303443789482,9.393416535854339,9.360914493799209,9.654669399857521,9.419948707669974,9.764710983633995,9.558046791553497,9.24983444929123,9.816895048618317,9.90054167330265,9.222274406552314,10.034701671600342,10.068646285533905,9.686163927912713,9.520595806837083,9.9487072879076,9.828816593140363,10.001602026224136,9.313288741111755,10.42534516274929,9.612344489693642,9.712662893533707,10.517948554605246,8.985398466587066,10.259088586568833,9.357588883042336,9.878289909809828,9.791728856563568,9.76908535182476,9.05201132953167,9.506605705022812,8.76819567680359,10.263140439391137,8.635951898694039,9.824465173333884,9.639627487659455,9.160963588953019,9.528196215033532,9.173944482207299,9.563873381018638,9.41094334244728,9.307308379411698,9.343024920225144,9.107309218645096,9.303284194469452,9.147268493771554,9.172660472989083,8.779130284786225,9.393523707389832,9.107151827216148,8.975658758878708,8.90455539047718,9.308044996708631,8.919739079475402,8.59922059237957,9.110122953057289,8.753193593621255,8.81869792446494,9.203092021346093,9.25223773062229,8.80664008975029,8.88942418694496,8.958469625115395,9.451430032253265,8.955801018923522,8.93790193915367,9.508291712403297,8.78516644179821,9.058214827775956,8.913020330667496,9.221845050305127,8.335194824635982,9.331124210953712,8.61416026890278,8.721568242311477,8.417326132655143,9.174150245785713,8.42306271597743,9.104819009900092,9.02688241109252,8.023329307436944,9.18416237950325,8.393735179752111,9.226762989163399,8.431175518631935,8.54766338288784,8.951746067404747,8.596871780902147,8.306914767622947,9.146787672042846,8.263299166560174,8.766751008629798,8.072622507661581,8.2528456813097,8.756981088519096,7.7196221190691,9.423287017345428,7.660774880498647,8.599004440307617,8.54777396261692,7.938826444149018,8.556131625175476,7.602778904885054,8.665618480443955,8.23644873380661,8.488759355545044,8.669321571588517,8.257171420454979,8.338183073997497,8.373969083428383,8.424879826307297,8.662805760502815,8.895357763171196,9.08855093240738,8.581017147302628,9.308214383125305,8.678460582494736,9.042393089532853,8.733372521996499,9.725050428509713,8.468857473134994,9.379218895435333,9.399503123611211,9.008442583084106,9.785141792893409,9.541001327037812,9.546023370623589,9.653695442080497,9.55094613969326,9.220472825169564,9.919775004982949,9.273789712190627,9.942717288136482,9.507357352972031,9.368782920092345,9.942036652565003,9.215167567133904,9.314877346754074,9.924805399179458,9.452797107696533,9.70918136537075,9.13621353149414,9.530957001447678,9.206352398395538,9.718370310068131,9.106678434461354,9.711753947734833,9.162202100753785,10.076466649770737,9.021457827091217,9.782997614145279,9.512358874678611,9.149959154129029,9.780693730711937,9.28251374900341,9.61753768324852,9.206400201916695,9.92663675904274,9.252252234071493,9.776660425662994,9.036921662688256,9.639967440962792,9.352257135510445,9.73545464336872,9.168450292944907,9.970431588292122,9.44710119009018,9.712918258309365,9.802742653489112,9.916330057382584,9.730312928557396,9.250036941766739,9.946720433235168,9.245450921654701,9.41279904305935,9.497719424962998,9.506582136750222,9.37787810087204,8.94058910831809,9.417640380263329,9.048464740514754,9.494985681176185,8.828496901988983,9.115351837277412,9.489525837302208,9.10475039884448,9.449831234812736,8.979419007897377,9.546100178956985,8.88447910606861,8.87824365735054,9.324860268235206,9.032081778049468,8.904336807131767,8.853640841841697,8.655016797780991,8.894592551589012,8.845398040413857,9.040012395381927,8.34709912598133,8.863109007328749,8.553284359574318,8.619774182438851,9.24367607653141,8.619609449505806,8.538648495525122,8.652090516537427,8.281648024916649,8.818828825354576,8.436839010119439,8.807595329880714,8.740815995335579,8.613159157037735,8.282715100497008,8.07289643228054,8.55503613576293,8.070429508090019,8.244413073658944,8.151887700557708,7.777394478917122,8.341470911502839,8.35135056912899,8.250205738544464,8.243919631838798,7.980663504600525,8.149034913778305,8.196369471549987,7.784612869620323,8.472343152165413,8.01210684299469,8.223822578191758,8.458731340765953,8.482351978421212,8.301028237193822,8.755556590557099,8.711086931824685,8.820949540138244,8.676646355986595,8.920020074248313,8.217805443406105,8.84179280281067,8.28064565896988,8.861777541637421,8.358321577906608,8.59115514576435,8.700376036167144,8.783915421962739,8.682926111221313,8.557505415529013,8.220080273002386,8.849656180143356,8.448995271921158,8.469570247530937,8.551975395679474,8.16127004787326,8.327974961996079,8.065012819170953,8.548841878175736,8.63494314968586,8.316986664533616,8.607475656270982,8.286256362199783,8.399067987203598,8.233265100121498,8.024934685826302,8.3267332136631,8.165180013179778,8.29397211253643,8.434981124997138,8.220561513900757,8.165492097139358,8.444289155006409,8.041344587802888,8.1709241771698,8.463069483041764,8.147288619875908,8.558107386231422,7.892428340315819,8.263388336896897,7.906936667561531,7.728582980632782,8.35586856007576,7.771552720069885,8.112226642370224,7.823325890302658,7.868673738837242,8.01026676222682,7.856479399055242,7.894676650166511,7.330696361660958,7.410750960111618,7.292936670780182,7.627285988926888,7.662968583703041,7.7930381578207015,7.5140290933847425,7.7304626220464705,7.287165942788124,7.8959972488880155,7.545155268758536,7.809744998216629,7.831332591772079,7.666502282619477,7.759648440480232,7.8469517987966535,7.658937873840332,7.752010407447815,7.410085929632187,7.777060137987137,7.488290209770202,7.665794205069542,7.785158727765083,7.8334503048658375,7.939892324209214,8.07349450826645,7.705734643340111,7.707379338145256,7.8031268882751466,7.862461532354355,7.687338027954102,7.657575045228004,7.678637887835503,7.716445127129555,7.648989744186402,7.677596805691719,7.740032756924629,7.402852571010589,7.358816441893578,7.6916890048980715,6.944768778681755,7.664261559844017,7.173219667077064,7.366721124649048,7.24951241672039,7.304677276015282,7.360931654572487,7.169923481345177,7.204336544275284,7.300600406527519,7.178329505324363,6.963232213258744,7.372830358743667,7.214037529230118,7.1739629799127576,7.20301468372345,7.375151968598366,6.954704562425613,7.645852547883988,7.165957202911377,7.713513464331627,7.219318414330482,7.770710491538048,7.454030174016952,7.607067958712578,7.709083033204078,7.18916250526905,7.609709135890007,7.296222345232963,7.779259659051895,7.516212277412414,7.938742015361786,7.906816173195839,7.712569955587387,7.73867531478405,7.565520322322845,7.617983804941177,7.681540073156357,7.7169532841444015,7.364163038134575,7.749267838001251,7.595307661890984,7.71515452966094,7.765584859848023,7.541849399805069,7.672451492547989,7.671406487822533,7.718453648090363,7.70223416686058,7.830906550884247,7.8165986490249635,7.716349579691887,7.968372727632523,7.800220687389373,7.784841950535775,7.87410404086113,7.874336529374123,7.727328399419784,7.791784008741379,7.851888706684113,8.005487456321717,7.760808985233307,7.78872911632061,7.785205508470535,7.730331936478615,7.909386982321739,7.570251998901367,7.558370981812477,7.781725090146065,7.446597709655761,7.779647682905197,7.707643847465516,7.591954727172851,7.650048298835754,7.743677602410316,7.78770622909069,7.979974657297134,8.014007190316915,7.774137360453605,7.6872038358449934,7.598550330996513,7.652782611250878,7.768696482181549,7.702461284995079,7.7986796778440475,7.74803927063942,7.696403740644455,7.868849907517433,7.739544616341591,7.6060878866910935,7.735073378682136,7.671612946391106,7.650619313120842,7.689436040520668,7.386100031137467,7.532920169234276,7.770602320432663,7.67125369489193,7.619821500778198,7.6524211293458935,7.736739408224821,7.506996210217476,7.678527230024338,7.602089693546295,7.812648828625679,7.952930524349212,7.944276184439659,7.951792446374893,8.218266683220863,8.226285273432731,8.075161617994308,8.045597536563873,8.172334451675415,7.924041551351547,7.8656944668293,7.888897609114647,7.567384421825409,7.1976684910058975,7.294495673775673,6.935819808840751,5.93537502348423,6.223975098729134,5.859882644861937,5.679361478090287,5.715960740447044,5.896249195337296,5.787069897651673,5.959494452476502,6.172096508741379,6.2322392857074735,6.130710841864348,6.600267529934644,6.3536735594272615,6.722201453447342,6.3138516825437545,6.425855075716973,6.641548714637756,6.614731715917587,6.863347320556641,6.851312006115913,6.871890078783036,7.129153143763542,7.044016046375036,7.291649412512779,7.406238640546799,7.340597363710404,7.36085144162178,7.39488733112812,7.412083024978638,7.361025239229202,7.286266955733299,7.369355034828186,7.428008198142051,7.268599561452866,7.486120752692223,7.193574945926667,7.559300610423088,7.190145007371902,7.426765473484993,7.252913929224015,7.150045100450516,7.409070248603821,7.235854873657226,7.29459025144577,7.386551810503006,7.3535150468349455,7.455797572731972,7.2638571614027025,7.1747346192598345,7.409743911623955,7.2835346466302875,7.266814147233963,7.306688478589058,7.429690687656403,7.429582860469818,7.372914498448372,7.347724972367287,7.275691544413567,7.183364462852478,7.338650724291801,7.139318495392799,7.39861044049263,6.921857823729515,7.513359816670418,7.189221093654632,7.265701351761818,7.24196636736393,7.042030592560768,7.407799361348152,7.108483237028122,7.384636605381965,6.871456695795059,7.308729053735733,7.191195123791695,7.069714922904968,7.206047588586808,6.825347855091095,7.325649311542511,6.839205575585365,7.154482010602951,6.888797698020935,7.090240077972412,7.096505263447762,7.094080913066864,7.199409285187722,7.091574364304543,7.290602269172669,7.134897163510322,7.11988005399704,7.298204627633095,6.895845531821251,7.151947249174118,7.089432487487793,7.055647783875465,7.321007913351059,7.0925790882110595,7.27191401898861,7.1516067892313,7.2429538083076475,7.289554662704468,7.00345763862133,7.237936061024666,7.095989214777947,7.2924957370758055,7.10119452893734,7.235083800554276,7.065679688453674,7.305548379421234,6.986417501568794,7.269637112617493,6.941326214671135,7.28963992536068,7.1835395652055745,7.231642794013023,7.089372985363006,7.3029272811114785,7.120444360971451,6.935194665193558,7.155609086155891,7.057722051739693,6.952137640714645,6.948687428236008,7.1074989038705825,6.957158913016319,6.898221250772476,6.95874305486679,6.951992645859718,6.526171035468578,6.82115015566349,6.700982693433762,6.160469599217176,6.661462556123734,6.673232999444008,6.636717686653137,6.664318199753762,6.900002552270889,6.7947354412078855,6.889986320585012,6.9706448256969455,7.0745454007387165,6.934426236152649,7.201367426514626,7.053359625935554,7.2779995834827425,6.881464892625809,7.207029675841332,7.058667166829109,7.036833771467209,7.293087823390961,7.029941764473915,7.186311540007591,7.079972527623177,7.213328857272863,7.081022254228592,7.2607102173566815,7.191348840594292,7.239713735580445,7.431154251098633,7.423621396422386,7.320488595962525,7.26812459692359,7.089222163558007,7.151022429466248,7.374685521125794,7.139264441132545,7.243139879107475,7.419824507236481,7.1050606352090835,7.368004744052887,7.43343897819519,7.100716492533683,7.250741093158722,7.479583448171615,7.30449409365654,7.48445527613163,7.142401388883591,7.395034506320953,7.187240369319916,7.263719248771667,7.280434489250183,7.179181624650955,7.427016860842705,7.217154546380043,7.352245193123817,7.076414952874184,7.401236207485199,7.175671016573906,7.403100588917733,7.164829697608948,7.3186114078760145,7.103172543048859,7.459499815702438,7.307568251490593,7.276939311027527,7.262025092840195,7.319931773543358,7.269270720481873,7.3337718230485915,7.214386523365975,7.492076165676117,7.443626871705055,7.2288583421707155,7.424888003468514,7.257298853993416,7.416586301922798,7.383614684939385,7.160104023218155,7.362983748912812,7.290004279613495,7.437262054681778,7.344343576431275,7.4717034322023395,7.508415888547898,7.416786509752273,7.553263642191887,7.526525381207466,7.493035779595375,7.197819564938545,7.325391098856926,7.364973599910736,7.160739361047745,7.32856086909771,7.369130260944367,7.271580438613892,7.523310724496842,7.371548918485641,7.547614877820015,7.363588344454765,7.476064193844795,7.443838075995445,7.52436840236187,7.366475598216057,7.517489879131317,7.434443833231926,7.505203314423561,7.408133460879326,7.302225686907768,7.31086618244648,7.079733765721321,7.257569702267647,6.951870884895325,7.1333000975847245,7.007435958385468,6.719158213734627,6.849760149121284,7.071005571484566,6.921392962932587,6.94839074254036,6.809967259168625,6.7982394105196,6.485174319595099,6.683334989547729,6.666187600493431,6.63543426990509,6.71453375697136,6.861820036768913,6.758625344634056,6.908926405906677,6.964021499156952,7.014337183237076,7.004564965963364,7.267843654751777,7.184084902405739,7.4694060909748075,7.24775217756629,7.27297655403614,7.4905502241849895,7.1667267113924025,7.216503380537033,7.3884263163805,7.326308743357658,7.421848949193954,7.297399397492409,7.406508491039276,7.43885469853878,7.436375728845596,7.450917725563049,7.407698633670807,7.462069480419159,7.3865342074632645,7.456320679187774,7.356513149142265,7.53778847694397,7.5177866369485855,7.540629050731659,7.658768382668495,7.684726328849792,7.494020575284958,7.616679482460022,7.583904312252998,7.632836501002312,7.612782605290413,7.5230956661701205,7.5187584000825884,7.420541910529137,7.539210704565048,7.497374384403229,7.469713230729103,7.539607794880867,7.301325724720955,7.568613419532776,7.357017505168915,7.602674466967582,7.566168839335441,7.668224928975105,7.503685607910156,7.6013638907670975,7.385979663133622,7.469073736071587,7.515817627310753,7.4422966933250425,7.356515253186226,7.441163699030876,7.6160786867141725,7.4482739156484605,7.585650288462639,7.548177847266198,7.438189229369163,7.506198045611382,7.495571444630623,7.3927137893438335,7.569564033746719,7.5269817352294925,7.583825508952141,7.502614389061928,7.523674340248108,7.432001457214356,7.496146665215492,7.5383531188964845,7.483668283820152,7.535445902347565,7.641357858777046,7.625492771267891,7.805586503148079,7.640041865110398,7.568728526234627,7.636084365844726,7.5993487972021105,7.403442219495774,7.682316425442695,7.388937816619873,7.540399262309075,7.50582620382309,7.529430199861526,7.6409735399484635,7.524158685803413,7.517492043972015,7.396713786125183,7.43109779715538,7.324822338819504,7.421530804634094,7.399579938054085,7.467066884636879,7.278639763593674,7.372292637228965,7.319029139280319,7.304153977632523,7.101365670412779,7.215126361846924,7.094707946777344,6.902072411179542,6.989646716713906,7.123523997068405,6.678465900421142,6.855434378385544,7.069985617995262,6.6245558208227155,6.643849818706513,6.6958397769927975,6.799387950897216,6.453124848604202,6.651961597800255,6.695285494327545,6.434383809566498,6.596539639234543,6.588731927275657,6.837607566714286,6.683862278461456,7.139759914875031,6.699585310816765,6.918913370966911,7.177062262296676,7.393468182086945,7.362230444550514,7.423659071922303,7.391161996126175,7.400815000534058,7.159322712421417,7.383756294846535,7.501198951601982,7.403404554128647,7.486065971851349,7.55535337626934,7.447932006716728,7.472591227889061,7.414516283273697,7.305628196001053,7.417451287508011,7.378635240793228,7.453873781561851,7.2667578971385955,7.366019994616509,7.375281768441201,7.408888596892357,7.300718420147896,7.351542130112648,7.556949614882469,7.273880854845047,7.517629455924034,7.391708698272705,7.3358365213871,7.287322621941566,7.099850084185601,7.430142212510109,7.2430269163846965,7.26811893761158,7.22408734023571,7.096907786726952,7.018706138581037,7.108258698582649,7.162181033492089,6.948516583442688,7.186303516626358,7.022418064475059,7.1588126718997955,7.143339626193047,6.981617164611817,6.96730417072773,7.045208175182342,7.114831352829933,7.046424220204353,7.081864012479782,7.123720287680626,7.074660352468491,7.062553250193596,6.959723395109177,7.260394199490547,7.220183698534965,7.22853630900383,7.202852083444595,7.1863968050479885,6.953039858937263,7.301763429045677,6.932037739604712,7.165868736505509,7.2169999706745145,6.92402784332633,7.187641028165817,6.945337110161781,7.216725789308548,6.938754889816046,7.1493509143590925,7.169612158536911,7.003154048770666,7.141188737154007,6.8298532752692696,7.066655272841453,7.043504151701927,6.909596030712128,7.127594295144081,6.781578716635704,7.08147397339344,6.818856430053711,7.34640295624733,7.092483556270599,7.179807313084602,7.068549955487251,7.239717735052109,7.10399371623993,7.041802641600371,7.093203043937683,7.144802085161209,7.188685795664787,7.257791444063186,7.012859402894974,7.261298370361328,6.970475742816925,6.950692979693413,6.746103990077972,6.998983742594719,6.88270391702652,6.946930210590363,6.8354022395610805,6.505863865613938,6.662328587174415,6.927249494791031,6.878220820426941,6.405308070778847,6.555680686235428,6.464363124966622,6.360410284399986,6.344944095611572,6.5586301225423815,6.467094188332558,6.460057589411735,6.56974993288517,6.661413018107414,6.715052433609962,6.583537418842315,6.829398757815361,6.89221937417984,6.9772097051143644,6.925973254442215,7.015648048520088,7.114158818721771,7.026627039909362,7.260291421413422,7.075061054229736,7.326358480453491,7.2075801867246625,7.397493653893471,7.162454323172569,7.324075258970261,7.32856126844883,7.135073182582855,7.354699248075486,7.238698309063912,7.1804604244232175,7.303059377670288,7.313965774178505,7.2783990186452865,7.386588785648346,7.419609942436218,7.461564233899116,7.446380879878998,7.574605308175087,7.425743830800056,7.458183045387268,7.390893135517835,7.320773109048605,7.339848930835724,7.325513259619474,7.5196608877182,7.439773318767547,7.3426859480142594,7.501152620315552,7.3508914774656295,7.3960698419809345,7.48227273106575,7.501606024503708,7.489557075500488,7.539835929274559,7.662050405740738,7.704796468019485,7.407399443238973,7.6907300841808315,7.4406324017047885,7.394933329224586,7.390638217926026,7.258686006069183,7.592064926624298,7.517710174918175,7.633699228167534,7.631635377407074,7.670611134767532,7.5142981517314915,7.573065403699875,7.69698640525341,7.50104089781642,7.742859202623367,7.61620621740818,7.523814876675606,7.413016394376755,7.184191415905953,7.4740495210886,7.384709797501564,7.418486434817314,7.295204637050628,7.297003234028816,7.273917072415352,7.383133806437254,7.508517305254936,7.550333091020584,7.472686195969581,7.522011036276817,7.5752567088603975,7.439065092206001,7.387156267762184,7.345869625806809,7.355036180019379,7.398147913217545,7.252404591441154,7.424749647378921,7.342080059051514,7.2009560506045815,7.351309146881103,7.517883580923081,7.201087331175804,7.531888010501862,7.4592576366662975,7.497509206533432,7.416924184560775,7.459624861478805,7.625244302749634,7.605801578760147,7.481259956359863,7.699311398267746,7.2620317870378495,7.30466408610344,7.269618631601333,7.132412808537484,6.93751680791378,7.095183669924736,7.1368340319395065,6.517246314138174,7.271923204064369,6.6777122300863265,6.9385368305444715,6.59948600590229,6.845451851338148,6.6851238471269605,6.669981856942177,6.7755070757865905,6.820066456198692,6.614199316352606,6.930143825411797,6.922192006707191,6.964000862240791,6.73779455512762,7.291459102630615,6.8685498046875,6.975524606704712,7.226905281543732,6.992199042439461,7.186894627809525,7.105110010504722,7.233328788876533,7.27032978951931,7.1152586281299595,7.260722773671151,7.20654654443264,7.192637454271317,7.211895990371704,7.034882278442383,7.271830596923828,7.060335824936629,7.305593889355659,7.098649722933769,7.251376776099205,7.1493151806294915,7.2980087375640865,7.293303614854812,7.2175254832208156,7.324695370793343,7.298166597485542,7.174297874569893,7.290841074585915,7.430424880385399,7.283585513234138,7.525732321739197,7.285170642733574,7.254545813649893,7.471738434433937,7.482934525609016,7.238874545693397,7.555205915570259,6.858928464055062,7.5196592682600025,6.993284572809935,7.542864127755165,7.080608633160591,7.317953971028328,7.572998125553131,7.442587577104568,7.378181376457214,7.232246824502945,7.3200514727830885,7.275132346749306,7.280342347025871,7.458806223273277,7.017649233192206,7.565478057861328,7.46630001783371,7.219084457755089,7.749818592667579,7.299035887718201,7.932592446804047,7.277273244857788,7.553622376918793,7.309127858877182,7.575152136683464,7.4855316746234895,7.331823343038559,7.195276951789856,7.209756386876106,7.0219480991363525,7.377848531603814,7.263930442333222,7.329232780337334,7.260042986273765,7.23950673699379,7.342317587733269,7.315767632722855,7.383059633374214,7.355562970042229,7.4228958910703655,7.325337297916413,7.243451709747315,7.3638419497013095,7.349542201757431,7.233872030973434,7.3950227105617525,7.3172746431827544,7.483974085450172,7.397997296452522,7.368800299167633,7.21821224629879,7.647806749939918,7.3321261745691295,7.564103115797042,7.431427766084671,7.313413457274437,7.28541097164154,7.431988133192062,7.31636650621891,7.488872292041779,7.323216412514448,7.197473230361939,7.366271284222603,7.1532367914915085,7.109852602481842,7.22914702117443,7.03657628595829,7.166889539361,6.963875654935837,7.042055898308754,7.029910723567009,6.7564214360713954,6.82248469889164,6.418825471401215,6.725392234027385,6.4717469976842406,6.795184206664562,6.760034343600273,6.448205184936524,6.646677138656377,6.92414851129055,6.671591653078795,6.850466954708099,6.963460609316826,6.721797093153,7.149817490577698,7.078898774385452,7.2882397329807285,7.068402532339096,7.1762825733423234,7.464573640823364,7.02455690741539,7.586493346691132,7.275231876373291,7.252506681084633,7.455367321372032,7.4006594747304915,7.572319728136063,7.270521760582924,7.672414764761925,7.398757926225662,7.550515221953392,7.478454298973084,7.4944055587053295,7.4331227737665175,7.232761450409889,7.58981658577919,7.35032603263855,7.424733673334122,7.304107645154,7.543563266396522,7.589342617988587,7.138825602382422,7.448021538257599,7.401054661273957,7.3845392048358915,7.555056693553925,7.406904615163803,7.40489463865757,7.4845529478788375,7.294313774108887,7.374418482780457,7.369578318595886,7.406463142633438,7.288451900482178,7.522460245490074,7.401262934207916,7.329203594923019,7.327013493776321,7.339663852453231,7.467560644745827,7.572626219391823,7.515140447616577,7.569960356354714,7.538863202929496,7.595706063508987,7.487762654274702,7.601304005384446,7.376070944666862,7.763580909371376,7.120278521180153,7.771322892904282,7.44300351023674,7.531537347435951,7.399966470599175,7.793234144449234,6.81289313852787,6.079810766577721,7.08650619506836,6.516364260315895,7.129538742303848,7.30138347029686,7.064691414684058,7.246685045957565,7.16228039726615,7.474995986223221,7.15693226993084,7.474069595187903,7.214290668368339,7.348006995916367,7.181473525166512,7.258235077261925,7.336219138503075,7.32056053519249,7.042236304283142,7.397775184512138,7.382245690822601,7.283964591622353,7.274681183099747,7.388479941487312,7.465222422480583,7.359479225277901,7.274278712272644,7.201054349541664,7.439781762361527,7.142306287288665,7.212536609172821,7.372784143090248,7.272368588447571,7.356323983073235,7.200186700224877,7.065686033815146,7.301526415348053,7.075721065402031,7.178248170018196,6.893045760989189,7.07095220386982,6.875967080593109,6.7692077058553695,7.2341637718677525,6.900327882170677,6.826684725731611,6.836824969649315,6.663677978515625,6.339187115430832,6.4110505348443985,6.723545637726784,6.504584890604019,6.589752734303475,6.8264043223857875,6.699153892993927,6.838005293607711,6.786044893860817,6.76505333468318,7.0003486794233325,7.084274775981903,7.265923851132393,7.027732436060905,7.0532593792676925,7.230382849574089,7.1383764731884005,7.1374731361866,7.153922165036201,7.041815456151962,7.093074201345444,6.9986625856161115,7.203190090656281,7.195826576948166,7.399319475889206,7.345790333151817,7.339092858433723,7.114543368816376,7.32688202381134,7.167021688222885,7.089848759770393,7.46048725426197,7.1437775141000746,7.527184752821922,7.182427855730057,7.45409965634346,7.051847969889641,7.336955800056457,7.254176197052002,7.427587234377861,7.198523742556572,7.21766856431961,7.537080653309822,7.29985359609127,7.472221742868424,7.33571157515049,7.343678619861603,7.248849973082542,7.348403975963593,7.381117250919342,7.461252439022064,7.37198384821415,7.53954378247261,7.148350856304169,7.370177239775658,7.52898387670517,7.230674746632576,7.327933365106583,7.234580478072166,7.489115620851517,7.2116957902908325,7.297645506858825,7.3502072054147725,7.457386083006859,7.264135113954544,7.516755197048187,7.464095253348351,7.353416935801506,7.363496771454811,7.529360117316246,7.650697638392448,7.49729424238205,7.8082275253534315,5.748822076320648,5.369784258604049,6.744632005691528,5.909331606030464,6.505486016273498,6.835058549642563,6.84625834107399,7.153008088469505,7.403414047956467,7.3190123993158345,7.383762168288231,7.335736510753631,7.497073181271553,7.3402035725116725,7.467697356343269,7.497985562086106,7.5770020645856855,7.502619360089302,7.506551218628883,7.678131247162819,7.374262054562569,7.612610935568809,7.446755558252335,7.432155404686927,7.37389209985733,7.4077787733078,7.418891689777374,7.4580287295579915,7.397158269882202,7.335474298000336,7.372179543972015,7.1750475025177005,7.378411635756493,7.2548826217651365,7.036868041753769,7.293395336866379,6.9966589266061785,6.9737890791893005,6.963094277381897,6.898277145624161,6.549109719395638,6.635836192369461,6.978338578939438,6.5274429869651795,6.741116671562195,6.678006333708763,6.543671600818634,6.4999636845290665,6.317430918812752,6.694781769514083,6.606689457297325,6.530009779930115,6.724832755923271,6.7912557739019395,6.695078123807907,6.7789195692539215,6.915134347677231,7.113923624753952,7.114645196199417,7.265037961006165,7.217643910646439,7.293494358062744,7.288901517987251,7.249758174419403,7.3148581641912465,7.195328574776649,7.290647786855698,7.337951425909996,7.28966846883297,7.259534698724747,7.37843681037426,7.228040041923523,7.416013842821121,7.400803006291389,7.537049129605293,7.396447044014931,7.521560933589935,7.420741947889328,7.342869450300932,7.205397974848747,7.281104725599289,7.299555163383484,7.299552516937256,7.4454971295595165,7.293505214452743,7.554382067322731,7.4385753262043,7.461174764037132,7.524968032836914,7.367770847678185,7.428188523054123,7.346441680192948,7.3669258034229275,7.434914507865906,7.457574336528778,7.339964007139206,7.475086284279823,7.45528434753418,7.57577405154705,7.658177776932717,7.62171067237854,7.6266188621521,7.535524339079857,7.50007858633995,7.68902857363224,7.514647452831269,7.673638474345207,7.5960392105579375,7.590096614956856,7.5935040938854215,7.5401146680116655,7.636886955499649,7.614965396523476,7.726633880138397,7.750397619009018,7.715969185829163,7.825047850012779,7.767174291014672,7.874331819415093,7.812725433111191,7.886580342650413,7.884317887425422,7.8226035183668134,7.667576345205307,7.79985229253769,7.586755475401878,7.672717546820641,7.680981654524803,7.607620698809623,7.67738788664341,7.5916858035326005,7.707974525094032,7.621814746856689,7.730292052030563,7.695087832212448,7.720555484890938,7.698835468292236,7.568851278424263,7.679050812125206,7.826224801540374,7.657542535662651,7.618633693456649,7.537778505086899,7.665375184416771,7.8745826953649525,7.669721713066101,7.610631273388862,7.73464048743248,7.6401193517446515,7.476610347032547,7.609339355230332,7.626386940479279,7.536663461327553,7.5997506821155545,7.32676705300808,7.44169799566269,7.188989926576614,7.204738642573357,7.0585628432035445,7.0140491932630535,6.764358301758766,6.75737282037735,6.813105393052101,6.697713164687157,7.025073082447052,6.847918777465821,6.797204807400703,6.502537051439285,6.646132981181145,6.747258648276329,6.7373720955848695,6.589734070897102,6.751311884522438,6.704108765721321,6.875192837715149,7.043369942903519,7.096966736316681,7.073726601600647,7.186740041971206,7.259278022050857,7.359853426814079,7.443912796974182,7.6173048931360245,7.594196602702141,7.562763802409172,7.491451677083969,7.521002641320228,7.4964334410429,7.4820603781938555,7.647326353192329,7.581671844720841,7.613337672948838,7.693766322731972,7.634186694025994,7.531850695610046,7.615122458934784,7.670432745814323,7.720607637763023,7.748397658467293,7.780624752640724,7.637593039274216,7.756856620311737,7.782498376965523,7.812894797921181,7.774732367396354,7.7798884427547454,7.787186000347138,7.8512534409761425,7.759896840453148,7.720974457859993,7.755731209516525,7.734539501667022,7.68194376707077,7.639922909140587,7.651213764548301,7.59476086974144,7.65741234600544,7.748705432415009,7.685818522572517,7.77523033440113,7.897624487876892,7.755556830763817,7.751790834665298,7.739766534566879,7.681683983802795,7.638159420490265,7.625818147063256,7.712322208881378,7.783521582484245,7.897406767606736,7.9055194658041,7.941792523860931,7.924769186377525,7.9112910664081575,7.979228251576424,7.933190084695816,7.932425695061684,7.897243548035622,7.740028327703476,7.964754356145859,7.937467257380486,7.90151339173317,8.017216964364051,8.030784927010536,7.913860684037209,7.933722048997879,7.7555987632274626,7.697348943352699,7.702647401094437,7.8453989613056185,7.763904787898063,7.67945670068264,7.933456424474716,7.757295464277267,7.7568244487047195,7.815230664014816,7.777405115962028,7.628911579251289,7.485627899169922,7.516492946147919,7.597849550247193,7.641329808235168,7.9505829739570615,7.941980513334275,7.779958271384239,7.868121601343155,7.753883113861084,7.70083127617836,7.854921863675117,7.775204931497574,7.847192742228508,7.841211748719215,7.663538772463799,7.54501927793026,7.247886780500412,7.30198347568512,6.801645434945822,6.8158517634868625,6.627688381075859,6.40740838766098,6.511220381855964,6.438086444735527,6.8517522418498995,6.680639681816101,6.504704186320305,6.791521402001381,6.557626418471337,6.322080465406179,6.832732335329056,6.994811214804649,6.705711445063352,6.761712542772293,6.976365696787834,6.889479128718376,7.250364129543304,6.724311797618866,7.137819048166275,6.877095463871956,7.2846074837446215,7.150304124951362,7.36599228143692,7.286635982990265,7.387444505691528,7.559714128375053,7.5341995102167125,7.498290107250214,7.382143329381943,7.326198934912681,7.387595117688179,7.395305983424187,7.422180886864663,7.42821479305625,7.3698742949962615,7.510436617136001,7.394694058895111,7.457983508110046,7.53384784758091,7.576772786378861,7.459445910304785,7.620252984166146,7.4206294918060305,7.540558552742004,7.427971127033234,7.567131583094596,7.3209472042322155,7.328117051124573,7.455249280333519,7.242788848876953,7.563844550251961,7.096514181494713,7.682852856516838,7.240002198815346,7.482918668985366,7.333167183995247,7.421215777993202,7.346368711590767,7.532214936614037,7.5312705451250075,7.422355427145958,7.577682215571404,7.382131894826889,7.441317911744118,7.665683792233467,7.3981676244735715,7.488986889123916,7.3560438203811644,7.456493294835091,7.266304562091827,7.4362540483474735,7.328562300801277,7.302118521928787,7.290002026557922,7.544754031896591,7.397685693502426,7.478194951415062,7.366481365561485,7.481574159860611,7.198865535259247,7.423285654783249,7.359447993636131,7.4351696991920475,7.157767494916916,7.376882908344268,7.191741363406181,7.414978020191192,7.418145730495453,7.476255586147309,7.3603035569190975,7.342162889838218,7.293681108951569,7.253618029952049,7.404569078087807,7.235527594685554,6.99455325782299,7.466594803333282,6.9739770865440365,7.315667177438736,6.849054958820343,7.211895574331283,7.161447757482529,7.117833661437035,7.235111970901489,7.0573279309272765,7.144019929766655,7.2110966032743455,7.084903588294983,7.401484027504921,6.943841046690941,7.377762368321418,7.104560198783875,7.378729310631752,6.831923273801803,7.4434348505735395,7.032030633687973,7.012246921062469,6.845114759802819,7.045985572934151,7.058089715838432,7.042980247139931,7.038331429362297,6.8077355015277865,6.843623207211494,6.999686000943184,6.883938977718353,6.43244443655014,6.788804251551628,6.604725285172463,6.717243960499763,6.458801646828651,6.7585795378685,6.695782611966133,6.694129685163498,6.623053002357483,6.981805463433266,7.040846232771873,6.90600856423378,7.182424644827843,7.038885250687599,7.321638001799584,7.177103832960129,7.204235911369324,7.302637434005737,7.246268908381462,7.3887803047895435,7.085064166784287,7.294820187091827,7.319789143204689,7.201696653962135,7.058163815140724,7.394299935102463,7.325022370815277,7.438269484043121,7.356390224099159,7.56651349902153,7.205039380788803,7.463574093580246,7.3217111104726795,7.48961000084877,7.243769129514694,7.44409042596817,7.365851166844368,7.446046163439751,7.4875489568710325,7.60571188211441,7.484622681736946,7.5962082183361055,7.270313869118691,7.450855786800385,7.486403474807739,7.4047555577754975,7.438067345619202,7.3758410316705705,7.499060688018798,7.4451847916841505,7.332722612023353,7.422867414951324,7.418706782460212,7.405393791198731,7.372449929714203,7.469021942019463,7.39822958111763,7.272483591437339,7.351417493820191,7.474647836089134,7.498935921192169,7.168290593624115,7.3440228182077405,7.22822761952877,7.409683738946915,7.294521426409483,7.327675515413285,7.472474445104599,7.3588470876216885,7.567043267488479,7.389778094291687,7.545605499148369,7.416086540818214,7.425181631445884,7.208604749441147,7.54476701438427,7.344087679982185,7.268800888061524,7.396376793980599,7.300932561159134,7.342885653972626,7.420673726797104,7.302741588950157,7.253029046058654,7.359781247973442,7.269194019436836,7.356793364286423,7.356622619628906,7.300766390562058,7.525972080230713,7.359099953174591,7.396202374100685,7.301288704276085,7.653316898941994,7.317639006972313,7.414279664158821,7.484347690939903,7.403624722361565,7.461355106830597,7.373248397111893,7.432928450107575,7.450513954162598,7.575639001131058,7.470312068462372,7.465686735510826,7.605789458155632,7.423819620609283,7.569239352345466,7.6145216053724285,7.449353237748146,7.1187891983985905,7.160891227126122,7.1067733275890355,7.1330217188596725,7.137734367251396,7.134852139353752,6.948245111703873,6.703871341943741,6.829876351952553,6.92930458009243,6.572705062627793,6.831024998426438,6.80747278034687,6.433800821900368,6.669148775339127,6.7510862171649935,6.595594570040703,6.664960407018661,6.73606880068779,6.800784515142441,6.835414218306542,7.057356523871422,6.920814036130905,7.05954961001873,7.043465898633003,7.330216233730316,7.403037083745002,7.145500328540802,7.530666999816894,7.40702254652977,7.49015733063221,7.490346428751946,7.499515901207924,7.43207064807415,7.648004118204117,7.381131249666214,7.601938027739525,7.506495724320412,7.587447261810302,7.606574590206146,7.566279072761535,7.629762846827507,7.668009519577026,7.783922771215439,7.920729036331177,7.700028710365295,7.809160631299019,7.767660413384437,7.707558161020279,7.7181760179996495,7.577647747397423,7.636859990954399,7.527516506910324,7.6752583569288255,7.598848051428795,7.7724573612213135,7.745189784765244,7.62849053144455,7.766696295142173,7.685873365998268,7.64841612458229,7.689868932366371,7.578416145443916,7.658648824691772,7.592846142649651,7.820494350790978,7.58691902756691,7.776178850531578,7.579768874645233,7.595658251643181,7.749570012688637,7.523253751248121,7.581738976240158,7.6545375633239745,7.6545863115787505,7.813577289581299,7.6443744069337844,7.534271612763405,7.815203532576561,7.651200368404388,7.659379044771194,7.679598621726036,7.829291671514511,7.693138465881348,7.720433423519134,7.68872678220272,7.60669963479042,7.603339239954948,7.663480700850487,7.771604244709015,7.712309435009956,7.75354575753212,7.717621035575867,7.597853717803955,7.5526259917020795,7.794295653104782,7.5149047303199765,7.668871157169342,7.702589111328125,7.704150012135505,7.678216463923454,7.768039479851723,7.657507109045983,7.814186950325966,7.6477524727582935,7.842544316053391,7.733889723420143,7.671470615267753,7.742622432112694,7.646987029314041,7.675812201499939,7.560348886251449,7.773446766734123,7.648450947403908,7.640067602992058,7.566677150726318,7.590981832742691,7.745732499957085,7.674459401965141,7.714203323721886,7.49210569858551,7.362487620711327,7.303406655192375,7.379419033527374,7.38196025788784,7.298753114938736,7.280851387381554,7.181332144737244,7.329561162590981,7.37550478219986,6.987317311763763,7.078485805988311,6.970307613611221,6.938539134263992,6.977361274957657,7.094460781216622,6.896148989200592,6.811124774217606,6.971750280261039,6.901391966938973,7.062515967488289,7.1426338446140285,7.199816036820412,7.291459441184998,7.29617978155613,7.460783410668373,7.375015778541565,7.338511177897454,7.438237926363945,7.481061134934425,7.471274148821831,7.513155180215835,7.486331955194474,7.619920689463616,7.569012336134911,7.571923193931579,7.524514619112015,7.59008896946907,7.611287459135055,7.585985361933708,7.642250266075134,7.754694702029228,7.745624175667762,7.733119879961014,7.74789314031601,7.789063485264778,7.676145105361939,7.737594329118728,7.586853036284447,7.7931464868783955,7.819147254824639,7.830777574181557,7.729738424420357,7.757910168170929,7.627884662151336,7.680781556367874,7.581075175404549,7.6062454044818875,7.506602689027786,7.703548943996429,7.602662962675095,7.570468474626541,7.5761916446685795,7.552460935115814,7.6096168851852415,7.467143522500992,7.625938576459885,7.514855694174766,7.619750545024872,7.559576828479766,7.679067894816399,7.510789843797684,7.573420106768608,7.624489462971687,7.545695649981499,7.647910532951355,7.498193544149399,7.346276614665985,7.585836308002472,7.528039358258248,7.452940908074379,7.552838882803917,7.449988147616386,7.671833450198173,7.577063045501709,7.6862183159589765,7.581587978005409,7.632992697954178,7.545318019986152,7.605925658941269,7.656198183298111,7.569497534036636,7.513642532229423,7.534336603879929,7.615485351681709,7.5814736443758015,7.558744091987609,7.501485409140587,7.6648442482948305,7.561293317675591,7.594941766262054,7.6376981168985365,7.615308947563172,7.504465490579605,7.516382452249527,7.4628509378433225,7.4860941243171695,7.526057515144348,7.526881149411201,7.574485780596733,7.669003003239632,7.657344421744346,7.5907863986492154,7.681143726706505,7.497773525118828,7.654988026022911,7.627049783468246,7.603406391143799,7.592896726131439,7.548171725869179,7.298141880631447,7.302674465179443,7.1164277648925784,7.263612553477287,7.165128474831581,7.0983728921413425,6.789345707297326,6.746455910801887,6.883223847150803,6.832448986768722,6.448881239891052,7.01430927991867,6.803291071653366,6.566583644747734,6.7359790360927585,6.610784552693367,6.641626409888268,6.567989996671677,6.851282179355621,6.707063602209091,6.826033234000206,6.853528497815132,6.948798232674599,7.0116352880001065,7.090435566902161,7.305760406255722,7.228853427171707,7.266713386178017,7.164943496584892,7.463337261676788,7.41339675784111,7.421886981129647,7.402133560180664,7.438743217587471,7.4113683974742885,7.429329184889793,7.367306784987449,7.346997040510177,7.3586086887121205,7.44173248052597,7.524883715510368,7.556999778747558,7.579938668012619,7.508815919160843,7.481420807242394,7.556071294546127,7.654556241631508,7.592963528037071,7.726084333658219,7.585355380773544,7.590350263118744,7.562715163826942,7.464136356711387,7.502977151870727,7.459123736619949,7.514745515584946,7.492439486980438,7.600212555527687,7.669062317013741,7.521538122892379,7.481283775568008,7.418007369041443,7.591700771450997,7.613220181465149,7.56820375084877,7.680919564962387,7.551200920939445,7.650398199558258,7.686036987900734,7.726452952623367,7.5250908690691,7.717278114557266,7.622140302658081,7.726122763156891,7.523257492780686,7.661633130908013,7.507288849949837,7.621254982352257,7.444874349832535,7.532811763286591,7.549434852004051,7.471729522943496,7.6928030997514725,7.539628680348397,7.573883723020554,7.591335856914521,7.525608261227608,7.56950993001461,7.5701197785139085,7.603735371828079,7.697339462041855,7.531202070116997,7.660284131765366,7.579537592530251,7.588822450041771,7.566685954928398,7.556642317771912,7.556043945550918,7.566794070601463,7.587915616631508,7.487347591519356,7.613125548958778,7.450529727935791,7.503710619211197,7.4827387410402295,7.590233792066574,7.562684182524681,7.584805588126183,7.45053287088871,7.6059241092205045,7.598757588863373,7.706111972332001,7.571403586268425,7.606482700109482,7.534947425127029,7.57980011165142,7.563063841462135,7.573322764039039,7.705020102858543,7.324568323493004,7.242084668278694,7.359448930621147,7.418258442878723,7.201654237508774,7.253255186080932,7.223496447205544,7.151295788884163,7.080168361067772,7.244512799978256,7.084584839940071,6.9622456431388855,6.8398023915290835,7.1197509843111035,6.5726775473356245,6.868051171302795,6.98953799188137,6.747792322039604,6.832195599675178,7.106907853484154,7.074636732935906,7.020466266870499,7.069726662635803,7.1945878678560256,7.248072471618652,7.313723520636558,7.41750760614872,7.479718766212463,7.306558537483215,7.47672922194004,7.4465622681379315,7.4687485289573665,7.505975667238236,7.423727666735649,7.462011864781379,7.3876343566179274,7.390458934307098,7.372097955346107,7.458482170104981,7.450914458632469,7.574501805305481,7.447759883999825,7.463818743228912,7.51593920826912,7.4406255930662155,7.475012170672417,7.555577643513679,7.515415781736374,7.703660687804222,7.583590706586838,7.536363108754158,7.516889200210572,7.572374724149704,7.511917731165886,7.443120418787003,7.637131733298301,7.553831550478935,7.563004677295685,7.595301355719567,7.590593248605728,7.564663965106011,7.51991956949234,7.506984606981278,7.522219095230103,7.452658226490021,7.489123705029487,7.422744750380516,7.488738799095154,7.521058828234673,7.508132246732711,7.616669140458107,7.538738582134247,7.473348970413208,7.491532443761826,7.374867250919342,7.441853722929954,7.350405616164207,7.472832216024399,7.429641033411026,7.575929317474365,7.578111933469772,7.523927224874496,7.67291987836361,7.493418396115303,7.365105769634247,7.546963902711869,7.485907740592957,7.417913469076157,7.476091305613518,7.484462262392044,7.527717920541764,7.534102790355682,7.53366215288639,7.624014781117439,7.559911859631538,7.488518882393837,7.559304708838463,7.472222039699554,7.544394560456276,7.376069225072861,7.535480192303657,7.458829708695411,7.5045839262008665,7.400392100811005,7.494498343467712,7.3729628145694734,7.4863653689622875,7.454194209575653,7.454020437002182,7.369963337182998,7.504625172019005,7.442037629485131,7.409615462422371,7.5488216185569765,7.443671182394028,7.447708776593208,7.497008808255195,7.497730444073677,7.536887270212174,7.447018461227417,7.440667260885238,7.110726100206375,7.15936318397522,7.167690343260765,7.180086169838905,7.252952808141709,7.162020217776298,7.105528199076653,6.99789300441742,7.00384958922863,6.937439110279083,6.766153393387794,6.954554613828659,7.014937474131584,6.614675493240356,6.855403794646263,6.672502069473267,6.695181973576545,6.583053777217865,6.896618803143501,6.993180440068245,7.017460333704949,7.15537219285965,7.129414296150207,7.0899204224348065,7.230111815929413,7.354481220841408,7.130280250906944,7.2152278023958205,7.2827095437049865,7.221878432631493,7.318532661795616,7.324103829264641,7.254724287986756,7.276176115870475,7.226997517943382,7.3027950024604795,7.2914296555519105,7.224879279136657,7.405635150074959,7.3647000819444655,7.406278622746467,7.330451402068138,7.390779578685761,7.371671226620674,7.431560696959496,7.458367427587509,7.4421090924739834,7.371855220794678,7.461738567948341,7.384314935207367,7.397923739552498,7.4184766244888305,7.551353826522827,7.525321195721626,7.36269540309906,7.449856026172638,7.383024901151657,7.488123819231987,7.58636702477932,7.482348290681839,7.454857897758484,7.5858054882287975,7.465692934393883,7.471570660471916,7.526415979266167,7.3835471278429035,7.367756508588791,7.354169826507569,7.566097577214241,7.445837900638581,7.460402167439461,7.47813720881939,7.451593227386475,7.48398373246193,7.448758062124252,7.560019838809967,7.357395973801613,7.437709906697274,7.5002049714326855,7.411486683487892,7.477150550484657,7.363817189335823,7.552003155350685,7.455976174473762,7.437208633422852,7.419608815312386,7.489169754385948,7.4826946413517,7.488650074005127,7.473757652044296,7.529131548404694,7.53138863325119,7.5085255426168445,7.474048790335655,7.440760700106621,7.414873222708702,7.466228659152985,7.403725316524506,7.4714318186044695,7.492707048654556,7.332522706985474,7.398193266391754,7.443790204524994,7.292931666374207,7.464552209377289,7.355978875756263,7.49215671479702,7.360127614736557,7.45200664460659,7.369311297535896,7.442566504478455,7.366269435286522,7.3709270411729815,7.464101049900055,7.380305385589599,7.456733279824257,7.408049867153168,7.4853171896934505,7.3360735023021695,7.409931218624115,7.177005639076233,7.2320872062444685,7.092026683688164,7.045552487373352,7.0145029944181445,7.185481550693512,6.9771227687597275,6.780314747691154,6.928142626881599,6.867480919957161,6.4890885180234905,6.750695726275444,6.710797982811928,6.368664687275887,6.475724797248841,6.817840842604637,6.7312743407487865,6.652562069296837,6.751992981433869,6.9257612878084185,6.8171868139505385,7.1323518234491345,7.056208207011223,7.046153959035873,7.105289099216461,7.072972940206528,7.328864361643792,7.194586209058762,7.404282886385918,7.246948460936546,7.469286494851112,7.3931260508298875,7.425300604701042,7.310244399905205,7.394866145253181,7.373453673124313,7.429296393990517,7.348854629397392,7.429881628155709,7.307057709097863,7.407810813784599,7.347122629880905,7.39355290710926,7.3582335114479065,7.435168209075928,7.516227899193764,7.397026011943817,7.314611362218857,7.455119209885598,7.409082505106926,7.473390949964523,7.395892676711083,7.4740698236227034,7.3925446915626525,7.484406085014343,7.409158719778061,7.56464789390564,7.507230398654937,7.54472913980484,7.571213124394417,7.42844482421875,7.562875100374222,7.486309760212898,7.55350806415081,7.572921658754349,7.4855780726671215,7.419906975030899,7.414640460014343,7.488854506611824,7.409585562944412,7.45910237133503,7.511195278763771,7.47094412446022,7.462937771081925,7.506935765743256,7.472269923090935,7.536881784796715,7.527647358179093,7.463462381362915,7.54186641573906,7.402312079668045,7.554650304913521,7.60959542632103,7.625936311483383,7.686251466870308,7.709056888818741,7.627816340923309,7.502841695547104,7.5578728944063185,7.5460937696695325,7.633453795909881,7.666776018738747,7.7756657403707505,7.771433321237564,7.554189251065254,7.573676888346672,7.652060735821724,7.56861574947834,7.630331982374191,7.639909786581993,7.595114018321038,7.56638282597065,7.569791112542152,7.550416920185089,7.472768378257752,7.46746387898922,7.455516921281815,7.4765536499023435,7.417707122564316,7.475369975566864,7.405564764738083,7.485428400635719,7.5298077815771105,7.356347286701203,7.487141822576523,7.4149005305767055,7.483514434099197,7.464127823710442,7.4722176766395565,7.358342241048813,7.23165526330471,7.2338648992776875,7.211967765688896,7.017056639790535,7.2815701121091845,7.152107748985291,7.014899970889092,7.049922914505005,7.179903256297112,6.875123301148415,6.721586344242096,6.651822901368141,6.839466229677201,6.577476590275764,6.601288802623749,6.6841234886646275,6.705977342128754,6.680735133886337,6.645029213428497,6.942334868311882,6.888240861296654,7.13956428527832,7.052147012352943,7.168446954488754,7.081073644757271,7.247762567400932,7.224196772575379,7.278197301626205,7.293875395655632,7.318620811700821,7.3684218436479565,7.409061805009842,7.386057294607163,7.387445404529571,7.406867487430572,7.373339576125145,7.3885033339262005,7.2798794484138485,7.403030787110328,7.372140196561813,7.394497291445732,7.389480490088463,7.4293424171209335,7.379468935728073,7.507129366397858,7.390922983288765,7.482250978946686,7.443235428929329,7.460374258160591,7.41074345767498,7.4096093070507045,7.399226306676865,7.45937626183033,7.422236413359642,7.40271737754345,7.550332999229431,7.477548661231995,7.365078303217888,7.500117952823639,7.346126860380172,7.251259471178055,7.560488777756691,7.360275703072548,7.409996851086617,7.319174393415451,7.502569165229797,7.429425585269928,7.4913839834928515,7.3257848399877545,7.525733429789543,7.481746973395348,7.500115124583244,7.543896436095237,7.540232426524162,7.508492634892463,7.389239544272423,7.448517622947693,7.4798981505632405,7.449632612466812,7.515898611545563,7.42793315410614,7.424895868301392,7.459579396247864,7.440440713167191,7.4695386189222335,7.47401595890522,7.538749915361405,7.467757219076157,7.6267685484886165,7.45368465423584,7.489434646964074,7.307448102831841,7.5400553816556934,7.400571759939194,7.573819972872734,7.4384656721353535,7.507977885603904,7.41515166759491,7.3927198660373685,7.447863522768021,7.327299869060516,7.378878480195999,7.466342199444771,7.231832794547081,7.367998317480088,7.270574948787689,7.47233536362648,7.227784643173218,7.4378866505622865,7.407076099514962,7.453264598250389,7.422830775976181,7.435488377809524,7.344148446321487,7.454966537356377,7.546258471012115,7.317899736762047,7.544034869670868,7.327072474211454,7.483246776461601,7.176426421403885,7.255292904376984,7.173802243471146,7.0435165238380435,7.095881606340408,6.928390544056892,6.9196848487854,6.88660684466362,6.963473699688912,6.864783753752708,6.658113417029381,6.858893772363663,6.957473789453506,6.511601125001907,6.908352799415589,6.819249578118324,6.735181968212128,6.611250930428505,6.991842003464699,7.055966845750809,6.949824038147926,7.101941674947739,6.9133545482158665,7.130538820028305,7.227224143147469,7.259693703651428,7.117352135181427,7.136950467228889,7.299544076919556,7.29677212536335,7.2271350711584095,7.345784635543823,7.353976517915726,7.435938756465912,7.343938218355179,7.435019841790199,7.360072655677795,7.497846346497536,7.371594814658165,7.401152669191361,7.510352195501327,7.454515928030014,7.382894391417503,7.516339972615242,7.54651797235012,7.491274809837341,7.570357577800751,7.493709864020348,7.560835238099099,7.525896906852722,7.392505483627319,7.505110967755318,7.463118472099304,7.4791970771551135,7.469947391748429,7.4051116150617595,7.4984845465421675,7.408098843097687,7.468301513791085,7.457510459423065,7.495358909368515,7.532681504487991,7.583077288269997,7.506740540862084,7.597066044211387,7.627694988846779,7.606113831400871,7.639537465572357,7.6518668550252915,7.579415615200997,7.585858335494995,7.635981686711311,7.520209429860115,7.668449607491493,7.421848204731941,7.717499299049377,7.5260694324970245,7.665452319979668,7.498287587165833,7.6266439199447635,7.648785384297371,7.645538656115532,7.635046442747116,7.603350371718407,7.645255471467972,7.719047461748123,7.724774489402771,7.76445861518383,7.792491243481636,7.728486332893372,7.722710175514221,7.6216777831316,7.719640887975693,7.648977338075638,7.50506619155407,7.438602331280708,7.557985881567001,7.5630112165212635,7.660500152111053,7.541841337680816,7.566718298792839,7.529629419445992,7.549521780014038,7.54736603975296,7.546123119592667,7.587563175559044,7.698358368873596,7.600256771445275,7.608027110099792,7.559476847052574,7.605944419503212,7.51704031765461,7.690043104887009,7.536465262174606,7.633999056816101,7.5973972940444945,7.6274025779962535,7.55238787651062,7.608071469664574,7.291205505728722,7.324168599843979,7.305865513086319,7.141670207977295,7.2093873089551925,7.186702558398247,7.066903650164604,6.896400157213211,6.886660955548287,6.954304225444794,6.870633347630501,6.7102466815710065,6.860884424448013,6.8801737678051,6.633145243525505,6.659033828377724,6.802391857504845,6.648966346383094,6.686265896558762,6.645458409190178,6.96473702609539,6.825512543320656,7.075368917584419,6.98909227669239,7.059188702702523,7.149780929684639,7.332774373888969,7.313902624845505,7.199896821975708,7.282260524630547,7.180164370536804,7.154079971909523,7.215473229289055,7.425063438415528,7.233630558252335,7.344526631832123,7.204002478718758,7.088548858761787,7.018471425771713,7.245000718832016,7.352603939175606,7.191870380043984,7.265945782065391,7.330545379519463,7.324836503267289,7.2422881698608395,7.3637988847494125,7.307007915973664,7.253927392959595,7.398995435237884,7.201211892962456,7.283468532562256,7.2771172058582305,7.346041023731232,7.432660571932793,7.371986047625541,7.304133983254433,7.418633722066879,7.3468595486879344,7.300239958763123,7.364976859688759,7.440955709815025,7.235851635336876,7.528724189996719,7.310599594712257,7.442355043292046,7.434713837504387,7.442327560186386,7.4211751466989515,7.422073138356208,7.435477185249328,7.449380546808243,7.584512078762055,7.39196504175663,7.522999074459076,7.560532786846161,7.598837360143661,7.583851952552795,7.486463339924812,7.399302918314934,7.428647881150246,7.481374731659889,7.348913671970368,7.439093629717827,7.406619336009026,7.703762419223786,7.586816340684891,7.579314323663712,7.664714539051056,7.752650064826011,7.677035490870476,7.645194870233536,7.500920730233193,7.516493875980377,7.496078256964683,7.4382136005163195,7.556644172668457,7.474181032180786,7.556484293937683,7.5157882797718045,7.494787456393242,7.500926095843315,7.379951939582825,7.587309663295746,7.4568237549066545,7.66062775850296,7.5419396460056305,7.576126621365547,7.460066187381744,7.573519549369812,7.443713123202324,7.5752017259597775,7.479975129961968,7.528969877362251,7.586386246681213,7.562573459148407,7.587634047865867,7.529838250875473,7.641196897625923,7.58696064054966,7.446990358829498,7.305481644272804,7.468875430226326,7.201327874064446,7.268724427819252,7.325489479899407,7.254019024372101,7.036321877837181,6.869388724565506,7.008686063885689,6.748786006569862,6.659099206924439,6.927189887166024,6.799457677006721,6.494151328802109,6.668913855552673,6.985318794250488,6.734048016667366,6.807728112339974,6.883351892828942,7.184690739512444,7.096392810940743,7.328045941591263,7.293207490444184,7.1320765888690945,7.540783454179763,7.337602308392524,7.436878857016564,7.2081417435407635,7.54151173889637,7.479309456944466,7.458627382516861,7.510873919129372,7.662604483962059,7.59418906211853,7.628508095145225,7.662729204893112,7.767672564983368,7.721597804427147,7.75960512816906,7.786080678105354,7.799680936932564,7.683494886755943,7.753307203650475,7.780686209797859,7.781086539030075,7.989298877716064,7.809512630701065,7.9878757488727565,7.684519562721253,7.849833422899247,7.686059064865113,7.569110536575318,7.662327644228935,7.4666734266281125,7.686225039958954,7.567712762951851,7.684209128022194,7.64753353357315,7.540775279402733,7.792790467739105,7.707364373207092,7.590142050981521,7.594683795571327,7.504064925312996,7.613833501935005,7.732306015491486,7.633290897011757,7.783071868419647,7.810373896956444,7.750593209862709,7.745560513734818,7.817285701036453,7.8255113011598585,7.663065814971924,7.56855985224247,7.642409747242928,7.555578214526176,7.608351556658745,7.530776602029801,7.65707528591156,7.603867067694664,7.613514429926872,7.698632978200912,7.677649994492531,7.784512014389038,7.858341155052185,7.783259831666946,7.7179731380939485,7.6168253833055495,7.622380365729332,7.665680935382843,7.5748811906576154,7.746492714285851,7.622533733844757,7.689303930997848,7.651026752591133,7.773520579338074,7.6365849614143375,7.740023890137673,7.65473107278347,7.649615803956985,7.657671685218811,7.588664609193802,7.695526698827743,7.691401415467262,7.641924546957016,7.683709825873375,7.585555127859116,7.640661072731018,7.563586177825928,7.620953736305236,7.702524493336678,7.595620453953743,7.556188111305237,7.58400275528431,7.622086867690086,7.512523999214173,7.629553669095039,7.444208621382713,7.352239302396774,7.099329099655152,7.225260080695152,7.2680201959609985,7.160357740521431,7.295181040763855,7.120619598627091,7.109536646604538,6.9336805665493015,7.121924270987511,6.998440562486649,6.58435837507248,6.853376107215881,6.668206034898758,6.424840292930603,6.682894697189331,6.674921967387199,6.679905887842178,6.758995337486267,6.829447466731072,7.010187985897065,6.942277699112892,6.973713136315346,7.023579930663109,7.079115023612976,7.141898670196533,7.347082513570785,7.297791388630867,7.381894418597222,7.364509769082069,7.37901634991169,7.500897160768509,7.351536595225334,7.518739641904831,7.385917838811874,7.405833120942116,7.509714875221253,7.510991765856743,7.569965536594391,7.626256273388862,7.731632186770439,7.508295657038689,7.467393680810928,7.760876458883286,7.61592928647995,7.864005221128464,7.792958074808121,7.870608655810356,7.88449696958065,7.777547026872635,7.74087646484375,7.713848743438721,7.524076998829842,7.687629008889198,7.660373416543007,7.656940883398056,7.5537477070093155,7.590176140666008,7.503090790510178,7.718855732679367,7.652655999660492,7.52204857647419,7.605992203950882,7.635178238153458,7.635003739595414,7.72410553753376,7.599376402497292,7.664720367789268,7.76178051173687,7.746660614013672,7.690107715725898,7.773960219621658,7.691712101697922,7.5379942685365675,7.605033480525017,7.462584382891655,7.5887646824121475,7.443323497772217,7.709794075489044,7.545811324119568,7.75308655321598,7.697154210805893,7.763027083277702,7.644235272407531,7.696019541621208,7.633793930411339,7.787228856682777,7.588773379921913,7.60306277513504,7.5854191118478775,7.612092603445053,7.5697320133447645,7.47157772898674,7.472630481123924,7.5665146273374555,7.475509813427925,7.5965575349330905,7.482331284284592,7.60140006005764,7.515669632554054,7.66780909538269,7.505475650429726,7.601752016544342,7.609614356160164,7.5973948663473125,7.625447321534157,7.61958477139473,7.753361089229584,7.719762911200523,7.759368687868118,7.711540793180466,7.704988816380501,7.794303061962128,7.710073480010033,7.690168398022652,7.65248218357563,7.782692254781723,7.688410863876343,7.849413802623749,7.6643668121099475,7.4872581577301025,7.3607057142257695,7.303769792914391,7.3148566263914105,7.283728814125061,7.348684476017952,7.195127819776535,7.1918148642778394,7.2030193912982945,7.3013169258832935,7.177914984226227,6.625685073137284,7.13779446721077,7.051126062870026,6.792410224080085,6.861484721899033,7.004667895436287,6.7422685313224795,6.748404979109764,6.882879224419594,7.081244506239891,7.003715332746506,7.1336480128765105,7.366944761276245,7.233881096839905,7.4308371490240095,7.501778760552407,7.5722441929578785,7.537258106470108,7.659016084671021,7.539499961137771,7.558097805380822,7.428417108058929,7.55322400689125,7.461138010025024,7.521595296859741,7.645152840614319,7.4903811293840405,7.625848210453987,7.606027069091797,7.637011603713035,7.592535896897316,7.515047912597656,7.804028153419495,7.712869672179222,7.742228167057037,7.816694946885109,7.793485026955604,7.834681372046471,7.855461574792862,7.726366738080978,7.684520619511605,7.767429498434066,7.731131433844566,7.638342925906182,7.650779631137848,7.590804345011711,7.59967058300972,7.711786413788795,7.535922725200653,7.65592609167099,7.52674675822258,7.505706099867821,7.601040838360786,7.563682082891464,7.804994937777519,7.7081503814458845,7.760653301477432,7.627921636104584,7.685575779676437,7.727307527065277,7.726040605902671,7.74557113468647,7.7939693516492845,7.825743951201439,7.697704725265503,7.690332924127579,7.6447287774085995,7.633323515057564,7.794181924462318,7.736105682849884,7.672286560535431,7.704553288221359,7.707575142979622,7.769066075086593,7.764445398449897,7.790469678640366,7.755428441762924,7.7921179735660555,7.637795028090477,7.634422906041145,7.654740015268326,7.736448955535889,7.6239737111330035,7.793598464727402,7.739066705703736,7.579652595520019,7.609705110192299,7.587769659161568,7.548535961508751,7.551308506727219,7.490724571943283,7.5946242868900296,7.461719440817833,7.5828166878223415,7.520858936905861,7.544217337369918,7.62269360601902,7.504961293339729,7.565851836800575,7.6577616310119625,7.683496299982071,7.5824332755804065,7.608989492654801,7.594055210947991,7.486863310337067,7.567451501488685,7.506769689917564,7.65671456694603,7.457510508298874,7.365411816835404,7.120236038565635,7.173324245810509,7.013220463395118,7.0271171271801,7.059504778385162,7.1227890193462375,6.986899363398552,6.922539852857589,7.0593928670883175,6.773490949869156,6.7157838469743725,6.686543731689453,6.5407653439044955,6.2552539855241776,6.581586703062057,6.728809242248535,6.603450847864151,6.501275783777237,6.8650305444002155,6.90081068277359,6.995911245942116,7.10971755027771,7.146640067100525,7.244237857460976,7.2618408745527265,7.2292875480651855,7.306531507968902,7.292661418914795,7.424630274772644,7.398929489254951,7.503023844957352,7.493855639100075,7.531028037667275,7.478083490133286,7.484235275387764,7.412232417464256,7.501237788796425,7.460438889265061,7.483805267214775,7.461007386445999,7.494119969010353,7.3810151642560955,7.419630568623543,7.3570975309610365,7.440570642352104,7.665374057888985,7.6702417141199115,7.533946955800056,7.81086898624897,7.724577671289444,7.678836904168129,7.656790216565132,7.538122999668121,7.603163048028946,7.506057048439979,7.548543523550034,7.4265994036197664,7.620236349105835,7.808385422825813,7.625372475981712,7.739552885890007,7.616587501168251,7.557325767874718,7.49126435816288,7.528615999817848,7.47402728676796,7.550737953782082,7.4684328365325925,7.578521270155907,7.653310152888298,7.583280411958694,7.600469676852226,7.6867938125133515,7.545315940976143,7.58563551902771,7.530126739144325,7.512916132211685,7.588245288729667,7.544526733756065,7.561035966277123,7.421989334821701,7.521041902899742,7.455386200547219,7.426992091536522,7.616099486351013,7.616289111375809,7.5946656656265255,7.625413687825203,7.503817043304443,7.605837174654007,7.414351549744606,7.627255896925926,7.516666731238365,7.5140903949737545,7.511351469755173,7.473050982952118,7.455279477834702,7.548183748722076,7.5865560817718505,7.373561369776726,7.446252572536468,7.38167769253254,7.462656945586205,7.425678895115852,7.479516188502312,7.514782465100288,7.520780967473984,7.432956838607788,7.472367260456085,7.292366629838943,7.429612373709679,7.442918712496757,7.491199896931648,7.493677543997765,7.475279595851898,7.5022826623916625,7.610016189813614,7.526583088636398,7.4361435860395435,7.1310013669729235,7.198527574539185,6.936606520414353,7.044622005224228,7.025841069817543,6.932952691912651,7.056096113920212,6.742059272527695,6.733022941946984,6.819585506916046,6.728377276062965,6.581178237199783,6.553732464760542,6.907008357048035,6.558416491150856,6.785114037394524,6.853983424305916,6.703380813002586,6.588240918517113,6.766179385185242,6.984903710484505,6.9875128674507145,6.949257326126099,6.986432843208313,7.115048872828484,7.240239509344101,7.179988711476326,7.282154532074928,7.278445031642914,7.215675855278969,7.318305841684341,7.292612907290459,7.291158912777901,7.239389327764511,7.379705823659897,7.456827101111412,7.3526229214668275,7.493924243450165,7.407707925438881,7.473309479951858,7.468913289904594,7.386738410592079,7.466248136162758,7.361752575039864,7.444587014913559,7.582414835095405,7.337634193897247,7.548097360730171,7.386550819277764,7.665355876088142,7.432981174588203,7.5768970495462415,7.604784477353096,7.624209481477737,7.469699856042862,7.490775564908981,7.472923263311386,7.522280620932579,7.448505659103393,7.396717295050621,7.437676187157631,7.278689877986908,7.307280919551849,7.378461719155312,7.371526602506638,7.423349604606629,7.43579130768776,7.506683061122894,7.448303468823433,7.474463537931443,7.438433602452278,7.38690465271473,7.416927779912949,7.3657434153556824,7.430873430967331,7.426362392306328,7.386956739425659,7.371098889708519,7.485522354245186,7.442751346826554,7.401984149813652,7.45977887749672,7.4863194173574446,7.441905509829521,7.425105187892914,7.476543370485306,7.464174667000771,7.566349020004273,7.543406217098236,7.564340832829475,7.611895759701729,7.5670570605993275,7.492518692612648,7.461317710280419,7.55678136408329,7.378672563433647,7.58975538790226,7.550959779024124,7.4464207857847216,7.603293264508247,7.568472006917,7.620870069861412,7.601895185112953,7.563970648050308,7.597342619299889,7.576186236739159,7.548910941481591,7.527290828824043,7.571339167356491,7.49114673256874,7.400617280006409,7.450935716032982,7.482933123111724,7.468573395013809,7.486984708309174,7.460066093802452,7.435400410294533,7.549647278189659,7.437010491490364,7.450219913721084,7.3077374207973484,7.213794043064118,7.040464209914208,7.032207478880882,6.966475666165352,7.104757169485092,7.088725180029869,6.900717356801033,7.015508922934532,7.0682449519634245,6.814117074608803,6.718014811277389,6.932203428596258,6.7922400903701785,6.5749643099308015,6.715283304452896,6.845189744234085,6.597656687498093,6.5933981055021285,6.767768098711968,6.777393590211869,6.7533874154090885,6.851096666455269,7.043007292151451,7.0758251798152925,7.19125459253788,7.300319407582283,7.265408543348312,7.205763950943947,7.282917167544365,7.22666987657547,7.330840342640877,7.269001149535179,7.2824740344285965,7.388584997057915,7.286961557865143,7.385964942574501,7.2769107419252395,7.358397585749626,7.3825964725017545,7.265874459147454,7.40573361158371,7.409249517321586,7.342126069664955,7.385288189649582,7.3139324271678925,7.396609788537026,7.491114144921303,7.5540420931577685,7.570174535512924,7.6248486351966855,7.448153148889542,7.499142224192619,7.493913447260857,7.490462138652801,7.4686474668979645,7.496000720858574,7.550174808502197,7.477102535367012,7.484364304542542,7.407918187379837,7.541420750617981,7.393414599895477,7.382264533042908,7.387564979791641,7.4477260607481,7.556459078192711,7.492133634090424,7.533820260167122,7.483179483413696,7.496290270686149,7.470583954453469,7.5097754299640656,7.531732729077339,7.512979242801666,7.507341504693032,7.50974780023098,7.453005692362785,7.49544195830822,7.489673924446106,7.4856547278165815,7.446352753639221,7.523521836996078,7.558355111479759,7.5291063195467,7.550401859283447,7.470042141079903,7.460384024977684,7.531467158198357,7.554072031378746,7.422888627648353,7.44915886759758,7.478347011804581,7.5007459288835525,7.414986510872841,7.4791162276268,7.521382367014885,7.503992010354995,7.513983694314956,7.49318786740303,7.434684970378876,7.449517344236374,7.506213545203209,7.443221625685692,7.51258610367775,7.4738220584392545,7.432843405604363,7.484183185100555,7.581362562775612,7.583863151073456,7.442526651620865,7.478332563042641,7.380206115245819,7.561484252214432,7.415150728225708,7.482133467197418,7.45673789858818,7.374396870136261,7.474251014590263,7.373493799567223,7.332163127660752,7.2531285506486896,7.223388237953186,7.262172058820725,7.332751280665398,7.249021080732345,7.2144380348920825,6.901908982396126,6.987938171625137,7.036146759986877,6.9581089532375335,6.52543742120266,6.87860594689846,6.666659142374993,6.357354380488395,6.526504455208778,6.775026559829712,6.707796089053154,6.615315899848938,6.601012027263641,6.702513350248337,6.81762329339981,6.840035983920098,7.007289386987686,7.146922178268433,7.033642351031303,7.200997420549393,7.33059064924717,7.224096312522888,7.262880237102508,7.2307485038042065,7.2904772794246675,7.235893974304199,7.291789906024933,7.316129614114761,7.237156077623367,7.351688307523728,7.37631967484951,7.391330026984215,7.2566240334510805,7.3654664814472195,7.353556520342827,7.268018316626549,7.332876858115196,7.325432931780815,7.400407905578613,7.370282083749771,7.550155846476555,7.329049322605133,7.43081903219223,7.325275943875313,7.356921314001084,7.4042197346687315,7.35478397667408,7.425795350670814,7.405851569771767,7.368405666947365,7.414651440978051,7.4765063619613645,7.446504818201065,7.3882740753889085,7.25663070499897,7.449230280518532,7.399403883218765,7.183009571433067,7.049525602459908,6.966705184429884,6.987936495989561,7.155555884838105,7.091880657672882,7.103431435823441,6.920469908714295,6.995012922137976,6.689471489489079,6.635948386788368,6.239527548253537,6.521866217106581,6.114491735547781,6.297339631766081,5.865015979409218,6.10703777089715,5.598835619240999,5.611577010899782,5.774541370719671,5.851789643466472,5.844778182357549,5.747222625464201,5.665897247642278,5.607296065092087,5.4070296292006965,5.831423385590315,5.447996832430363,5.365461602509022,5.135691312551498,5.235377495288849,5.538559935986996,5.716412918418646,5.734991919398308,5.864726964533329,5.972990012764931,5.898531421273947,6.194232469797134,6.212921261191368,6.334571142047643,6.217888879626989,6.276955073475838,6.34460666641593,6.276890083998442,6.534757578223943,6.52714017033577,6.70870553791523,6.663758134841919,6.885404406785965,6.867633645534515,6.805758745670318,6.81937585234642,6.893880574703217,6.849995918869972,6.955117817521096,6.838707485198975,6.880883512496948,6.706559004187584,6.561900900602341,6.608753335475922,6.452177904248238,6.728830842971802,6.5885549008846285,6.512408789396286,6.5663173961639405,6.642459464073181,6.527498885989189,6.218809482455254,6.387767214030028,6.345352106690407,6.10410192668438,6.265495718717575,6.287014345526695,6.222444224655629,6.249462095499038,6.242756964266301,6.319781848788262,6.24441783234477,6.3669643555581565,6.376065131872893,6.119542899131775,6.393568989038467,6.488023538589477,6.355190002769231,6.1293172620236875,6.105764257311821,5.885642146915197,5.807454116493464,5.326819317638874,5.276322171837092,5.065148487687111,5.249428797662258,4.653272524774074,5.060247626751662,4.770912936925888,4.764294651597738,4.98187101855874,4.173973267972469,4.903014003932476,4.258815043270588,4.905555455982685,4.17507795765996,3.931678484082222,4.786751343458891,3.7237083657085894,5.0826654240489,3.7515143367648123,4.909327198863029,4.2776812589168545,4.303108870834112,4.403458334207535,4.075629888474941,4.552563063800335,4.317713779360056,4.5578485201299195,4.269364465624094,4.491921402812004,4.50984647795558,4.594264998733998,4.485499660670757,4.938739012628794,4.580407221019268,4.897362058013678,4.7411829420924185,4.81360742777586,4.655615348219872,4.201669770479202,4.6596772748231885,4.581458529829979,4.798591949045658,4.8452661435306075,4.614390684217215,4.801387202441692,4.557739341109991,4.820733186751604,4.724123883545399,4.641405998319388,4.61630803450942,4.845742002576589,4.382966254204511,4.85222229167819,4.354929903149605,4.611815756857395,4.323606987297535,5.1240016786754135,4.806964449733496,4.346863998174667,5.096415691524744,4.232677874267101,5.0410542702674865,4.380252595692873,4.697331311553716,4.364306865781546,4.714641444683075,4.655303737074137,4.974912932813168,4.467159211188555,4.603881583809852,4.853124182224274,4.6914972852170465,4.550927386879921,4.612094996422529,4.774526049047709,4.832002099454403,5.114146669358015,5.24681265592575,5.016736072152853,5.002819306701422,5.007250734418631,4.999662383645773,5.120331026464701,5.190283219665289,5.518648629784584,5.074289762973786,5.354056154489517,5.348947131931782,5.156587262898683,5.432917839586735,5.388799839168787,5.107676274329424,5.124723805040121,5.110228475779295,5.107287994474173,4.994051147550344,5.010520793795585,5.456277863681317,4.887525209635496,4.853700683265925,4.831769565790892,4.859170560538769,4.704811526983977,5.027421313375235,4.912633736729622,5.3296909907460215,4.699429639428854,5.214542158842087,5.0786233112216,5.319972828179598,5.320220656692982,5.0471068212389945,5.254609176367521,5.145489064902067,5.550641026496887,5.25754042416811,5.2380437767505645,5.192215231060982,5.453177087008953,5.556516400426626,5.609967231601477,5.512956977188587,5.695679653286934,5.7817327329516415,5.478400982767344,5.9107019759714605,5.718402608036995,5.77541484490037,5.711649853736162,5.628479348421097,5.825876974314451,5.795035739094019,6.066811509877443,6.09784465238452,6.303034570664168,6.350658518522978,6.396931097358465,6.3165487596392635,6.304397314786911,6.011540997028351,6.348202562332153,6.535899662226439,6.150170008987188,6.4049980197846885,6.2091906003654005,6.35808001935482,6.452897455394268,6.40438264593482,6.688830620646477,6.564162108302116,6.687599772810936,6.513406884074211,6.594058644026518,6.42871098458767,6.556504205316305,6.212382845729589,6.397895855307579,6.305974573791027,6.376067815423012,6.306808374375105,6.427802498340607,6.438706398010254,6.523609402030706,6.479256367087364,6.351139359474182,6.656508610248566,6.478827716261148,6.621144643872976,6.694364726990461,6.56387987241149,6.556298424005508,6.520801964253187,6.609265023469925,6.544437511563301,6.66622442945838,6.78012586414814,6.710484802573919,6.891572534441948,6.967546907067299,6.703518624603748,6.954492164254188,7.029713669866323,7.039348422884941,7.119098728895187,6.9941008478403095,6.909401986002922,7.13045339345932,7.00373496055603,7.077721992135048,7.0726270788908,7.0170460176467895,7.121652393341065,7.105808154940605,7.017951945662499,7.153402019143105,6.88110013127327,6.978726336359978,7.069204509854317,7.090889452695847,7.247046059966087,7.046985710859299,7.1235516458749775,7.040512967705727,7.0768557518720625,6.8502795587480065,7.123918399214745,7.049632807374,6.824628607630729,6.903732726573944,6.737666278332472,6.748950269222259,6.6937201523780825,6.642659969329834,6.568372524976731,6.568948323726654,6.539175174832344,6.518088849186897,6.610793907642364,6.650004139393568,6.491559730172157,6.583806203007698,6.487296254038811,6.183186449259519,6.560297681689263,6.3449955731630325,6.7503174859285355,6.334739929437637,6.655910136699677,6.549597941637039,6.534884893298149,6.797354488968849,6.459411118626594,6.684320790171623,6.566119469404221,6.782545140385627,6.840187106728553,6.991283294558525,7.106503134965896,6.935120167732239,7.009321795701981,6.998629105091095,7.033934172391891,7.0851296430826185,6.8893190425634385,6.95209040760994,7.022909028530121,6.816120011210441,7.018680443763733,7.00593291759491,6.987922354936599,7.011028100252151,6.962886970639229,6.984706338644028,6.870880758762359,7.0263529640436175,6.994382308721542,7.123665012717247,6.940144986510277,6.933010186553002,6.9575814020633695,6.896751685738564,6.998290855884552,7.148899223804474,7.1092020779848095,7.153439311981201,7.048196361660957,6.898655686378479,7.094919387102127,7.096562358140946,6.734267153739929,6.75691490471363,6.811209928393364,6.835589237809181,6.787500433921814,6.656709010601044,6.764726111888885,6.707181652188301,6.941292026638985,6.827913361787796,6.907438997030258,6.903673263192177,7.059535204172135,7.0610028821229935,6.9971682286262515,7.0651059353351595,6.9693759047985075,6.915107964277268,6.905554382801056,6.980799813270568,6.997336950302124,6.8920230466127395,6.815452305674553,6.765693700164556,6.72621433198452,6.592702907770872,6.810220102667809,7.059100821018219,7.054861041903496,7.026675845980645,6.912985570430756,6.809187874048948,6.903157491087914,6.892948651313782,6.842082926034927,6.787752355337143,6.8305830043554305,6.741577228307724,7.029023905992508,6.73694930255413,6.86234862267971,6.892707399725914,6.87391566991806,6.87525083899498,7.0595008891820905,7.069030099511147,6.8305753493309025,7.089318578839302,6.997520641088486,7.0379834139347075,7.067768349051476,7.2070825201272966,6.986958731412887,7.0496779590845104,6.91337509214878,7.143388628959656,7.132687221765519,7.207013215422631,6.805752974748612,6.8873395824432375,6.900265448689461,6.7838466370105746,6.6230860382318495,6.8401329433918,6.853120232820511,6.91712802708149,6.513447397947312,6.572344881892204,6.722733148932457,6.415726023167371,6.09052008613944,6.417396897077561,6.287718315124511,6.200156742334366,5.8757444316148755,6.36139631330967,5.9346615462005134,6.011354560703039,6.164131702184677,6.224243512004614,6.255252760052681,6.4903625857830045,6.551608918309212,6.58598338663578,6.8737985241413115,6.862566887140274,6.93004883825779,6.826758951544762,6.705659150481224,6.841161650419235,6.8806242519617085,6.651938637495041,6.906634652018547,6.952324314117432,6.901037366986275,6.96969777584076,6.990586122870445,6.8618606339395045,7.0369675689935685,7.011403579562902,6.8689625531435015,7.064362961649895,7.1123147529363635,6.610941588282585,6.957714247107506,6.850675346851349,6.894955609440803,6.883794734328985,6.779755732268095,7.083127816915512,6.838185959756374,7.110221500396729,6.771950323432684,6.843280451893807,6.782025434970856,7.0403565639257435,6.743954952210188,6.9560999864339825,7.002258061766624,6.759363948702812,6.656857435107231,6.7429833459854125,7.148852576017379,6.637059810161591,7.123767322301864,6.892438066601753,6.975493330359459,6.767006061077118,6.889966624379158,6.899736936092377,6.955156291127205,6.709252904504537,6.992414374947548,6.805147928446531,6.776943127959966,6.760255992263556,6.883668662160635,6.83335028514266,6.803475595712662,7.1436515527963635,6.647873286604881,6.957001860737801,6.564194428026676,6.8880126464366915,6.638004093468189,7.030345469117164,6.884926250576973,6.932580583691597,7.058153438568115,6.906252313256264,6.957060088515282,6.976738521307706,6.863899555206299,7.028714876174927,6.785077242851258,6.905683652609587,7.041894199252129,6.992629303187132,7.03767387330532,7.0548820787668225,6.992107585072517,6.951441092342138,7.02667785525322,7.010517802834511,7.0142742258310316,7.144779034107923,6.927011803984642,7.160610679388046,6.958801012635231,7.03753611266613,6.780220809578895,6.910724148154259,6.889034494012594,6.7650345420837406,7.035754793733358,7.013921012878418,7.0785404008626935,6.787987457513809,6.871532992720604,6.457333474606275,6.833193421363831,6.567574092596769,6.37478545665741,6.254562958925963,6.276722885817289,6.279128452986479,6.091895403563976,6.5011943817138675,6.447469540089369,6.294636549949646,5.974733491837978,6.467384957075119,6.105449620783329,6.108379589915276,6.1557628969848155,6.2064065355062485,6.196025457382202,6.0014784668385985,6.588305819630623,6.177133955359459,6.472175925821066,6.276025822460651,6.403727442622185,6.307962323725223,6.60604987308383,6.692730572074652,6.65601926624775,6.783404614776373,6.674193215370178,6.942098019719124,6.43329336181283,7.052411908507347,6.8144395636022095,7.032771409153939,6.6790070742368695,7.147814880609513,6.626636935323477,7.134145727604627,6.921064518690109,7.025713697075844,6.7974787247180934,7.124819279909134,6.977996852993965,6.900258942097426,7.114392781853676,6.86346206843853,6.884929020702839,6.930430075526237,7.193878462910652,7.079946870803833,6.880189741849899,6.858156908005476,7.14420382797718,7.051949113607407,7.027137202620506,7.083540182709694,7.054933781027794,6.921933185309172,7.223260103464127,6.827228837907314,6.9545450258255,7.032068176269531,6.9249431848526,6.7959932160377505,6.994688948392868,7.120901264548301,6.845289721339941,6.960077321529388,6.927114623188973,6.967731246948242,7.0045155212283134,6.920067224502564,7.239733686298132,7.12034290611744,6.998411619067192,6.955015198588371,6.780621525645256,7.078529415726662,6.991009628176689,6.983666883111,6.996442600488662,6.781114936470986,6.987333384752273,6.86314604640007,6.987725622057915,7.049844644069672,6.900960878133774,7.139577383995056,7.003412734270096,7.32986448943615,6.965612264871598,7.208317543864251,7.1713391035795215,6.958518497347832,7.116232327818871,7.056934694647789,7.12538539648056,6.9958150535821915,7.266020222306252,6.978406378030777,7.142065000534058,7.034487262368202,7.152019822001457,6.97137225061655,6.910536078810692,6.923518092036248,6.809549348801374,7.039953883886337,6.974990149587393,6.985085350871086,7.097440999746323,7.047841573804617,7.155996508598328,7.076827873587608,7.035107086896897,7.037097059488296,6.8671052223443985,7.507371709942817,6.908580667376518,7.075056955814362,6.587434471696615,6.680108594894409,6.624086620807648,6.441047552227974,6.4893523371219635,6.510941662788391,6.403759415745736,6.453145202994347,6.624306480884552,6.4838861733675,6.167005366683006,6.306555089950561,6.307725520133972,6.130914403647185,6.234584248661995,6.23052420437336,6.301521372795105,6.031850995719433,6.634511181116104,6.357643108963966,6.647787169218064,6.387151561379433,6.757701783776283,6.4747387266159055,6.744599957466125,6.619104061722755,6.793576752394438,7.06462493121624,6.837162015438079,7.155686383247375,6.741159192323685,7.0516597628593445,6.7295872050523755,7.090575351119042,6.8447632265090945,7.079138116836548,7.106747541278601,6.762396221756935,7.14374098777771,7.050311496853828,7.1560277146101,6.960166671276093,7.147799032926559,6.929644377827644,7.1270617657899855,6.97729593038559,6.91437446653843,7.132209376692772,7.083319971561432,6.983539162874222,7.081422302126884,7.03013827547431,7.311538515686989,6.836510733366013,7.093995541334152,7.077080441713333,7.0468028835952286,7.436669361591339,7.26020258307457,7.108920198082924,7.169640009999275,7.005820901989937,7.1672092723846434,6.9826895868778225,7.069940484017134,7.1913212221860885,7.034412245750428,7.212482236027718,7.210389523506165,7.257425618767738,7.1198531496524815,7.202652024626732,7.287969052195549,6.99044426202774,7.128621889352798,7.273187395334244,6.965267781466245,7.157425384521485,7.22989337682724,7.159706435203552,7.2949653673172,7.243513164520263,7.105136150121689,7.293809354901314,6.98843909740448,7.2488780969381335,6.994559723138809,7.290997163057328,7.22756393969059,7.219342700242996,7.399435498714447,7.055966871976852,7.258755438327789,7.067372208833694,7.125035120844841,7.02575827896595,7.101793631911278,6.974134405255318,7.2238038527965545,6.943399311900139,7.209711668491363,7.151704726219177,7.023380972743034,7.135544509291649,6.9352788423001765,7.176378931999206,6.834584529995919,7.219444106817246,6.759292474389076,7.181541398763657,6.900038905739784,7.197802248001099,6.972923488616943,7.044135447144509,6.746942042559385,7.136819182038307,6.939682121127844,6.957992421388626,7.106224861145019,6.685290126800537,6.808283962607383,6.674148653745651,6.709901710152626,6.188917704224586,6.605650906562805,6.419318848848343,6.281278177350759,6.475216203927994,6.718911325931549,6.37482663333416,6.334383518695831,6.380806348770857,6.222450116872787,6.076771976202727,6.064133617728949,6.312830283641815,5.993735379576683,6.147265356779099,6.363530618548393,6.205409105420113,6.499940973520279,6.34857472538948,6.360340111851692,6.611529144644737,6.7976519858837126,6.807887852787972,6.689559080600739,6.670539642423392,6.583203586339951,6.681609190702439,6.641939645260573,6.885028713345528,6.731474729776383,6.860403246283531,6.673784465193749,6.874167642593384,6.653293877243995,7.225418360829353,6.831693267673254,6.893900482058525,6.727870625704527,6.964461527317763,6.805013743638992,6.969901387095451,6.8752348440885545,6.879146862626076,6.53285226687789,6.905390568673611,6.798650889992714,6.87859324336052,6.772433732151985,6.981417025178671,7.06422453045845,6.849695260971784,6.973649591803551,6.838522676825523,6.8582257604598995,6.913813051581383,6.931407410502434,6.9003004688024525,6.973117704987526,7.035537052154541,7.051333578228951,6.9440060901641845,6.856322320699692,7.170967074632645,6.64559853553772,6.998820462226868,6.872834498882294,6.8883344857394695,6.981034969389438,7.080981589555741,6.89397048637271,7.208203083872795,6.842995688319206,7.009964149594307,6.9889702998101715,6.942849260568619,7.147893367409706,6.952213622182608,7.036278824806214,7.053141641020775,6.844558687210083,7.046383931040764,6.9464704750478266,7.131867691278457,6.827002745270729,7.28400872528553,6.906920983195305,7.120931502580643,6.883828983306885,7.025707217454911,7.080876269340515,7.088526218533516,6.976256151050329,7.0795542585849764,7.096264153122902,7.118169983476401,7.061506413817406,7.152726966738701,6.9043731504678725,7.064171025007963,7.009209921211005,6.971794937700033,7.021217400431633,7.065637179017067,6.980679961442948,7.086333771198988,7.224189898967743,6.826160986423492,7.108825333714485,6.950645654797554,7.218611119389534,6.854984724372625,7.2081531894207,6.9405193316936495,7.153508439660072,6.754356677532196,7.2027603375911715,6.5973854720592495,7.019576669335366,6.807843933701515,6.634217066168785,6.745261452645064,6.453459362387657,7.053234173059463,6.065910300016403,6.722856916636228,6.201594145894051,6.388624126762152,6.0955305235087875,6.325369917750359,6.236600318700075,5.946476248949766,6.322151921242476,6.340786457657814,6.491705012917518,6.0300986443459985,6.454159333109856,6.3725985598564145,6.488276651799679,6.495714939087629,6.7124486595392225,6.697995974421501,6.70406412050128,6.8609582757949825,6.66070995092392,6.898942496031522,6.900428464859724,7.073726026415825,6.963435803055763,7.010573471188545,6.962320870757103,6.969023995399475,6.941753795742988,7.048292222470045,7.062587956786156,7.210873594284058,7.126028361916542,7.014291508048773,7.21511849462986,7.036007958054543,7.255005430579185,7.0171313261985775,7.103388895988465,7.189432583451271,7.049786417484284,7.178020477294922,7.199517922997475,7.281043121218682,7.300264555215835,7.388470421433449,7.302451253533364,7.313544409871102,7.284200263023377,7.160074510574341,7.25369924724102,7.381466642022133,7.173657006621361,7.343857871294022,7.26174796462059,7.328865250349045,7.289664753079414,7.167695227265358,7.299419462680817,7.216314845085144,7.353220335841179,7.219883504509926,7.282412540316582,7.330818369984627,7.258901208639145,7.4290094643831255,7.227335430979728,7.255876317024231,7.407686017155648,7.313405459523201,7.242635608315468,7.362865687012673,7.346408840417862,7.237836094498634,7.2222024691104885,7.2640348690748215,7.259708890914917,7.216854705214501,7.194831184744835,7.289639393091202,7.2962388110160825,7.368587173223496,7.423581578731537,7.2484193068742755,7.343073884248733,7.305820826888084,7.270953450202942,7.288952266573906,7.357409836649895,7.353212360143662,7.335023924708366,7.189686530828476,7.2332704281806945,7.253737139105797,7.3052853333950045,7.316770629882813,7.2699939262866975,7.244135547876358,7.296039988994599,7.291328487992287,7.2917361551523205,7.159757887721062,7.302367854118347,7.179333636164666,7.334146990180016,7.205067927241325,7.320432189106941,7.1196399545669555,7.16572141110897,7.201052783727646,7.301227297782898,7.283770955204964,7.296046543121338,7.004138905405998,7.149803364872932,6.9346087318658824,6.8657110345363614,6.763670518994331,6.772403198480606,6.97007665336132,6.469742718338966,6.7711513155698775,6.870134890079498,6.673274192214012,6.348682072758675,6.641852180361748,6.419919083714485,6.274145262241364,6.319962283372879,6.5277658975124355,6.117211488485336,6.4290915483236315,6.577368069887161,6.381835069060326,6.511974079608917,6.66422598361969,6.852162290811538,6.948831288218498,6.977033389210701,7.096977778673172,6.958228775262833,7.211075693368912,7.050499930977821,7.274758259654045,7.065236403346062,7.174193627238274,7.046183189749717,7.180764113664627,7.04822571337223,7.209540713429451,7.023798506259919,7.204505249261856,7.245732691884041,7.1688368362188335,7.140467756986618,7.258809185028076,7.260081041455269,7.233883073925972,7.214124999046326,7.203424479365349,7.16907742202282,7.249651588201523,7.301408872008324,7.392509897351265,7.42385125219822,7.420560263991356,7.327911342382431,7.446224993467331,7.339017570614815,7.385322512984276,7.312081074118614,7.3004017150402065,7.3455947971344,7.246030426621437,7.284048656225204,7.258146319985389,7.341522921323776,7.20999998986721,7.286568982005119,7.283853805661201,7.354558337330818,7.2026824301481245,7.334516056776047,7.257861041426659,7.286416022777558,7.314539787173271,7.222129994034767,7.237791386246681,7.262833254337311,7.157792801260948,7.176416907906532,7.228287474513054,7.220210796594619,7.275104255080223,7.2241088783741,7.408414267897606,7.29336158156395,7.171338304281234,7.288865270614624,7.206935552954674,7.2855484873056415,7.191406509280204,7.371394124031067,7.332730987071991,7.48828196644783,7.372863425016403,7.373611550927162,7.285288894772529,7.3047030532360075,7.3279978495836255,7.36011660516262,7.365699524879456,7.326841718554497,7.286678231954575,7.36197292983532,7.3136065310239795,7.3187281793355945,7.279148263931274,7.358550564646721,7.240825834870338,7.296511625051498,7.210455936789512,7.337686979770661,7.197407137751579,7.21815469622612,7.419492085576057,7.246710131168365,7.1946955025196075,7.247574439048767,7.326291603446006,7.24632581949234,7.278545899987221,7.225301743745804,6.9607852314412595,7.045096307992935,6.751058750748634,7.029376698136329,6.862258817553521,6.847135545015335,6.900251194834709,6.650220922827721,6.523263269066811,6.599765751957893,6.63021490573883,6.4952167147398,6.69058489382267,6.698020933270454,6.478021857142449,6.46714675784111,6.595517411231994,6.453073776960373,6.4504869037866595,6.356363907456398,6.614582362174988,6.559583669900894,6.719754499197006,6.414395831227303,6.735627924650908,6.784393976330757,7.02996702671051,7.059755228161812,6.998428462147713,6.956040932536125,6.991136096119881,6.841473202109337,6.970115995407104,6.894457904100418,6.850253363251686,6.88953425347805,6.9973455429077145,7.005276707410812,7.091460932493209,7.098985853195191,6.9342634856700895,6.889579273462296,7.0599672907590865,7.008068451732397,7.04686165869236,7.0328919047117235,7.02480528652668,6.941538226604462,6.771965991258622,6.794158897995949,6.870400443077087,6.962401669025422,7.090750577449799,7.007842594981193,7.008424544334412,6.980319128036499,6.908591300100088,7.032470731139183,6.898725004196167,6.957667524814606,6.850198136419058,7.046259084343911,6.962949921488762,7.203813509345054,6.932847775816917,6.98154643535614,6.943252741545439,7.057791776657105,6.989027996063232,6.878120696395635,6.982237582802773,7.1746203154325485,7.106573186516762,7.099349997639656,6.992206044793129,7.10139109313488,6.9693358409404755,7.047692125439644,7.03125595331192,7.0782298922538756,7.091668384075165,7.182537921071052,7.267765508294105,7.298903169035912,7.182000659704208,7.284380235671997,7.329700098633766,7.1988763052225115,7.340690056085586,7.2198471862077715,7.273478091359139,7.304463909864426,7.279265707135201,7.184539954662323,7.114089931249619,7.080458449721337,7.009478392601014,7.068463179469108,7.0808210372924805,7.239467255473137,7.202376956939697,7.139763829112053,7.207230567336082,7.186073758006096,7.1012826657295225,7.161696387529373,7.188426292538643,7.287798109054566,7.163818417787552,7.268907207250595,7.328788856863976,7.380319638252258,7.30130845606327,7.277058379650116,7.280978950858116,7.306974457502365,7.185409797430038,7.289469205737114,7.20998419880867,7.293480831980705,7.093733363747597,6.878291127085686,7.075035597085953,6.753049683570862,6.7913463902473445,6.842304571270943,6.722998391985893,6.580449572205543,6.426914187669754,6.957521878480911,6.549997388720512,6.35620894253254,6.853287321329117,6.393541901707649,6.408700376152992,6.266478660702705,6.483086091279984,6.330609320402146,6.455380909442901,6.600761435031891,6.668764218688011,6.793257784247398,6.73291342496872,6.892389464378357,6.837024260163307,7.016576225161552,7.246932048797607,7.215669318437576,7.0693315643072125,7.068829443454742,7.000770417451858,6.9125981724262235,7.205391576886177,7.1699710184335705,6.94520787358284,7.0451841855049135,7.034881331324577,7.0830285650491716,7.03723418533802,7.1150744253396985,7.1666682690382,7.3215223127603535,7.244922775030136,7.160007845163346,7.062360490560532,7.330743507146836,7.17149762570858,7.117576305270195,7.036583333015442,7.004613909125328,7.135382505655289,7.068311324715614,7.373139322996139,7.281103214025498,7.215363017320633,7.4832964998483655,7.158609815835953,7.442584684491157,7.290273392796516,7.237369424700737,7.343686442971229,7.185075528025627,7.271160508990288,7.269903648495674,7.199728819131852,7.3821169996261595,7.288019320368766,7.264301760196686,7.273235228657723,7.23122163772583,7.24586133480072,7.301119452118874,7.368311447501182,7.415234643220901,7.30472709953785,7.3300511246919635,7.204961084723473,7.193920692205429,7.253307048082352,7.176926971673965,7.238378717899322,7.1544621270895,7.316181434988976,7.284218599200249,7.146904127597809,7.141656530499458,7.235931003689766,7.1297044646739955,7.258833320736885,7.217038087844848,7.450851940512657,7.0342607653141025,7.344544513225555,7.28995441019535,7.282594268918038,7.217765490412712,7.282819818258286,7.098120172023773,7.342690741419792,7.149116604924202,7.027632775306702,7.3131346796453,7.015463473051787,7.296446929574013,6.961343952268362,7.267404304742813,7.1875958995521065,6.9868991893529895,6.8723984222114085,7.133472397327423,7.105546318888664,6.9862078112363815,7.258064128160477,7.179104450345039,7.260388899445534,7.209020422697067,7.244671723842621,7.124223825931549,7.227691852450371,7.271872302889824,6.824377701878547,6.898747183084488,6.831961408257484,6.786822004914284,6.700924949049949,6.693201600909233,6.820817124843598,6.471252002120018,6.5239505088329315,6.804008046984673,6.502801434397697,6.371224945783615,6.658845493793487,6.67347453892231,6.464548890590668,6.419718257784844,6.355907584428787,6.35917507275939,6.318894546031952,6.643166842460633,6.3721263641119,6.777153865098954,6.570359850972891,6.94895205616951,6.5741180448234084,7.07195971429348,7.042871720045805,6.9826288056373595,6.922674582004547,7.024370782971382,7.080846413969994,7.045315867066384,7.094966610074043,7.05368406355381,7.1048398685455325,7.018432399630546,7.08834543287754,7.03619824051857,7.078751639127732,7.10076189160347,6.956811136007309,7.023431599736214,6.93933587372303,7.150570281744003,7.070010244846344,7.1404048830270765,7.06772719681263,7.095448293089866,7.090882022976875,7.263161669969559,7.227345870137214,7.245011208057403,7.2079459726810455,7.232048704624176,7.110265323519707,7.155687015652656,7.244311394095421,6.840279259681702,7.239390417337417,7.136361467838287,7.180232302546501,6.9450963795185086,7.287782545089722,7.123606946468353,7.034555490612984,7.163069643974304,7.148062198758125,7.091199100613594,7.221400744915009,7.329652150273323,7.186216983795166,7.084049094319344,7.274148628115654,7.121124005913734,7.307107501626015,7.11824203133583,7.237090308070183,6.99948607802391,7.163797761797905,7.153376460075378,7.059692088961601,7.223361069560051,7.107678629159928,6.955506631135941,7.1109633432328705,7.183992760181427,7.113982919454575,6.9697200781106945,7.169210957884789,7.165561237335205,7.131276751160621,7.057341513633728,7.280050360560417,7.1840997982025145,7.160403149724007,7.211942029595375,7.296728002429009,7.075138969272375,7.091456941962242,7.130412748456001,7.120089441537857,7.128287467360496,7.26335212290287,7.213495343327522,7.029523247480393,7.242766050100326,7.069632604718208,7.107651975750923,7.1761236387491225,7.1400025862455365,7.376599652767181,6.821574860811234,7.325431623458862,7.03099527657032,7.143425114154816,6.943205386400223,7.1737756705284115,6.860003893375397,7.176473762989044,7.004026023745537,6.961459280252456,6.918014121651649,6.911855282783509,6.682899440526962,6.767086997628212,6.823712452054024,6.685349590182304,6.48610933482647,6.304176428318024,6.8038446050882335,6.398002035617829,6.316773945093155,6.5729297333955765,6.538701419830322,5.921727868318558,6.61887700855732,6.275458979606628,6.270786101222038,6.1634801346063615,6.332757316231728,6.492717509269714,6.601678580641747,6.714579727053643,6.755411937832832,6.772687537670135,6.856030999422074,6.862580031752587,6.942229833453894,6.907811433672905,6.871158756017685,7.079558898806572,6.70107969224453,7.123151877522469,6.778120416402817,7.038803161382675,6.805189412087202,7.0705182152986525,6.827777959108353,7.164059274792671,7.118254153728485,6.9640260738134385,7.2109946113824845,6.953748618960381,6.92092679604888,7.085465623736382,6.927409988045692,7.106316888332367,7.083564817905426,7.1430652731657025,7.254114732146263,7.130331647396088,7.244051924347877,7.213197510242463,7.163108378648758,7.080751467943191,7.1481296253204345,7.042559220194817,7.192251722216606,7.032131465673447,7.2191880929470065,6.9749927161633964,7.169714864492416,7.0399946211278435,7.026376739144325,6.970484147071838,7.000510185360908,7.28478589117527,6.785879390090704,7.243864125013351,6.968975271582604,7.194140095114708,6.953380990624428,7.303069540262222,7.110542621612549,7.107187342643738,6.947866474986077,7.0291998362541195,6.819756214022636,7.1002413445711134,7.012858090400695,7.015100407004357,6.875201861262322,7.331844336390495,6.906615122556686,7.1224464958906175,7.01900194644928,7.143518283963203,7.136915168762207,6.953427431583404,7.176006618142128,6.805273362249136,7.08051361784339,6.967654088586569,7.230360687971115,6.8393360601365565,7.2603037536144255,6.97270016849041,7.014431513547898,7.0141441377997396,7.210389015078545,6.760789858549833,7.0476553189754485,6.99003914386034,7.0228608751297,6.736876930445432,7.184708919972182,7.076508977264166,6.8245574478805064,7.1400156265497206,6.670290040373803,7.259389883875847,6.718033438920974,7.041760932207108,6.748108674585819,6.886015615314245,6.9266345952451225,7.102233882546425,6.924275308698416,7.086328651309014,7.132382832765579,6.7607475030422215,6.669323917031289,6.897521175146103,6.861350263208151,6.619229001998901,6.591889283061027,6.663681872338056,6.478791549056768,6.592784543633461,6.836616292595863,6.594607307910919,6.340168294757604,6.651491478681565,6.567369784116745,6.390886577218771,6.4038131093978885,6.536070249676705,6.4241733938455585,6.237843195199966,6.709656715989113,6.682273199558258,6.740195200443268,6.923113303184509,7.0818576836586,7.08586985707283,6.975708952546119,7.058426874279976,7.18751211643219,7.058965767621994,7.150607869625092,7.115036192536354,7.182766667604446,7.125230882167816,7.317643328309059,7.071874275803566,7.127401031851768,7.198927903175354,7.059639510512352,7.231215904951096,7.21776729285717,7.217024610042572,7.1934289193153385,7.183937094211578,7.328401812911034,7.161579059362412,7.15493593275547,7.268856273889542,7.116030416488647,7.299108648300171,7.245780323147773,7.229056007266045,7.281298236250877,7.31026644051075,7.407131604552269,7.212067153453827,7.374500759840012,7.318566484451294,7.332267764806748,7.3600104635953905,7.378706677556038,7.266319940686226,7.296546125411988,7.332135043144226,7.3146041458845135,7.2742665207386015,7.237962679266929,7.329912650585174,7.35067519903183,7.2750305265188215,7.3232905465364455,7.193722021579743,7.344799550175667,7.096742088794708,7.364231312274933,7.276350538134575,7.261227120757103,7.2327319663763046,7.259879144430161,7.299202933311462,7.2933273136615755,7.279615940451622,7.301112322807312,7.357741264104843,7.242759553790092,7.158963694572448,7.145998473763466,7.262395551204682,7.184328869581223,7.293204218745232,7.106434488296509,7.237451803684235,7.3306109577417375,7.313838708996773,7.310072666406631,7.355560445785523,7.338311651945114,7.296677538752556,7.296444440484047,7.3765398108959195,7.421399563550949,7.254153663516044,7.351000095009804,7.27419648528099,7.332123034596443,7.225171746611595,7.215119660496712,7.306869468688965,7.2075640177726745,7.27773260653019,7.052855096459389,7.164637082815171,7.131813272237777,7.1987282472848895,7.187667857408524,7.173491083979607,7.263158854246139,7.174711658209563,7.264228203296661,7.298077915310859,7.298713212609291,7.065267118811607,6.994988244175911,6.64605058774352,6.769570910930634,6.575798518657685,6.745822185277939,6.627268369793892,6.784800221920014,6.582348328828812,6.802492836117745,6.453154301047325,6.416772490739822,6.692326799035072,6.4988533401489255,6.126736528724432,6.52493259370327,6.4894024091959,6.409411584734917,6.297286213040352,6.633791906237602,6.507047718167305,6.728346260786057,6.747338893413544,6.943778747916221,6.746766967177391,6.966608669757843,6.99851321041584,7.061107719540596,7.0919566261768345,7.172801952958107,7.157497162818909,7.3112860107421875,7.344027462005616,7.218743208050728,7.256569622159004,7.211732786893845,7.356607012748718,7.2575683081150055,7.207943965643644,7.274985021352768,7.207159379720688,7.2140300858020785,7.080974190831184,7.252973767518998,7.359718210101128,7.352285192608833,7.268579025864601,7.3502310383319855,7.313354923129082,7.3069832956790925,7.270837081670761,7.260030286312103,7.467893055677414,7.3201607757806775,7.3664154189825055,7.301642999649048,7.33808561205864,7.260291477441788,7.365765849351883,7.367102081775665,7.366071022748947,7.460171770453453,7.293890906572342,7.386022989749908,7.442240063548088,7.3883251363039015,7.488045213222503,7.370201899409294,7.2809217059612275,7.3388363301754,7.334166095852852,7.390349718332291,7.431346589326859,7.4448494207859035,7.404719090461731,7.40224488735199,7.419591336846351,7.37811304628849,7.434837421774864,7.470340346097946,7.467717125415802,7.437973908185959,7.402394721508026,7.37589537858963,7.35073106765747,7.462320756912232,7.5562335085868835,7.384252653121949,7.455727710723877,7.345289365053177,7.413307767510414,7.303946058154106,7.4898051089048385,7.431600320339203,7.353146313428879,7.374303830862045,7.4304091399908065,7.440945500731468,7.53803399682045,7.302357956767082,7.417186701893806,7.442128784060478,7.432694143056869,7.325337799191475,7.419645327925682,7.291740069389343,7.4370129108428955,7.335259698629379,7.439744466543198,7.390727037191391,7.40095294892788,7.3884865915775295,7.4367500126361845,7.35253304541111,7.466870701313018,7.434607452154159,7.238672508597374,7.3974779975414275,7.276180729269981,7.321474655866623,7.1415339869260785,6.93521856367588,6.85361884355545,6.720814388394356,6.7599552458524705,6.71375086247921,6.862727481126785,6.680235242843628,6.737954596877098,6.959710316061973,6.6443767027556895,6.335985494852066,6.640988191366196,6.681096411347389,6.524572029113769,6.699170681834221,6.68416639149189,6.4555046314001086,6.422348642945289,6.436275631189346,6.503455414772033,6.707301878333092,6.885514910817147,6.891802309751511,6.991694315075875,6.900888884663582,7.169288413524628,7.2378909313678745
