7.70625360250473,8.296308007240295,8.088807343542577,8.293978283703327,6.744984490275383,7.88046786159277,8.744679601490498,5.7431117847561834,8.852311855256557,5.049097605347633,10.031334339678288,7.507669817209244,7.887406195700168,8.875218043923377,7.855152929127216,8.80205306917429,8.4368301191926,8.763229789435863,7.820783120691776,8.766095750033855,8.322121063172817,8.666147777438164,8.16713911652565,8.43319447517395,8.996964119374752,6.505444846153259,9.911330787241459,7.008412625789642,8.786516357660293,8.547557417154312,7.668584214448929,8.654761240780353,7.482260596752167,8.572521496415138,8.293703310787677,8.125102885365486,8.32278476268053,8.043447374403478,8.287353312969207,8.309715757071972,8.289921759963036,8.482901488542558,8.022712701261044,8.288680863082408,8.515843244493007,8.034460971653461,8.391266661584377,8.296655659675599,7.593471993505955,8.425975275039672,7.816588158607483,7.976750301718712,8.048245142400265,7.5738515144586565,8.481560743749142,8.068719485998153,7.738516869843006,8.378618516921996,7.4537586557865145,8.560129640698433,8.38101248562336,8.034730161726475,8.412629597485065,7.965145195126533,8.38861252874136,7.886597447991371,8.407637302279472,8.096904096603394,7.843353995680809,8.428271623849868,8.261611704528331,7.8454457244277,8.36852994441986,8.060053675174712,8.345444318056106,8.09793327510357,8.214643298387527,8.011907267570496,7.924253849983216,8.333382056355477,8.46562664359808,7.835336129665375,8.17074800670147,8.490731921494007,8.056516562700272,7.982969069480896,8.641330242753028,7.85332444190979,8.515668828487396,8.013219308555126,8.216216294765472,8.694295708835124,7.6286693876981735,8.593150443732739,7.964653354287147,8.339320904612542,7.751085401177407,8.569963003993035,7.580448426604271,8.959323521852493,7.748177899122238,7.638350087404251,8.565512780547142,7.712946172654629,8.39584052592516,7.883305124044418,7.847967593073845,9.20010292440653,7.073824324011802,9.147833588719369,7.4905281272530555,8.19500146985054,8.40283943682909,8.047090353369713,8.394821309149265,8.109364420175552,8.105191186964511,8.271698470711708,8.291015931665898,8.086176073551178,8.09748526930809,8.216108908057214,8.026337832212448,8.441525237858295,8.413276456594467,8.000195457339286,8.221154205203057,7.920723429322242,8.132266616225243,8.283520176410676,7.64774487555027,9.08054264008999,7.575240891575813,8.262449017167091,8.325160557627678,7.975208682715893,8.508303694427013,8.023254828155041,8.134133134186268,8.536640383899211,8.097237940728665,8.239368073940277,7.964587079882622,8.542427403330803,8.50845538765192,7.876010490059852,8.399172926843166,8.00043912321329,8.173932980000973,8.009850907623768,8.823573025763034,7.415576667785644,9.075886905193329,8.112327534854412,7.585197779536247,9.016693815290928,7.414817512631417,8.843862469494344,8.047731667757034,7.7006256356835365,8.838935320079326,7.785490178763866,8.776777462363244,7.936695426106453,7.84956170886755,8.338310004174708,7.793831188678741,9.376269472837448,7.365381486415863,8.627012574374676,7.62679181754589,8.63189216196537,7.932415313124657,8.674577375352383,7.693857791423798,8.792737587690354,7.886900362968444,8.467745415270329,7.829843917489052,8.400150469243526,8.056619464755059,8.773092826604843,7.871667907238007,8.288323248028755,8.123557091355323,8.140753127932548,8.384030953645706,8.073483142852783,8.590768052339554,7.646046900451183,8.9859211987257,7.455316797494889,9.001830041706562,7.994070810079575,8.013320149183274,8.62355992347002,7.42855961382389,8.788827623426915,8.072178823649883,8.547748204171658,7.977034206390381,8.683635697960854,8.07378684014082,8.268383794128894,8.394366076290607,8.256498628556729,8.69312136054039,8.397114434540272,7.502345228791237,9.10346838146448,7.6065061569213865,9.024068203866483,7.9913454204797745,7.8294040486216545,9.012296613156796,7.486504675149917,8.6363521322608,8.327727033495902,8.451401154696942,8.269417265355587,7.997892311811447,8.521449664831161,7.657532794177532,8.796204946041108,8.672653436660767,7.593837755918503,8.699705796539783,8.4039899250865,8.867999993264675,7.460043175816536,9.051969538331031,7.929944790899754,8.555820409357548,8.080117389261723,8.28853207707405,8.401800699234009,8.459503297805787,8.215741115808488,8.40067464619875,7.8682318985462185,8.215604735314846,8.673721956312656,7.640244926214218,9.244335627555847,7.995665945112705,8.170404404699802,8.64170220196247,8.073965333402157,8.5176441603899,8.141736306846141,8.577800137102605,7.740578323602676,8.699228868186474,7.494343960881233,9.09841143965721,7.594112362265587,9.101662512421608,8.503835699558259,7.829886599779129,8.641781754493714,8.29293798238039,8.685352318286895,8.725473175644874,8.444400281012058,8.96421817779541,8.604837520718574,9.127986778616906,8.893904378116131,9.206004475355149,8.949945208728314,9.816066334545612,9.19689364373684,9.089856216907501,9.985472913682461,8.95954307615757,9.40436232060194,9.357825363874435,9.495488521158695,9.206924045681953,9.275377878546715,9.640045763254166,8.834284285008907,9.601592117249966,8.966828630268573,9.149364496171474,9.09728757917881,8.846237488389015,9.083399291932583,9.268486534357072,9.03458898305893,8.827617850899696,9.16734468728304,8.861676988005637,9.380568459033967,8.197124800980092,8.663858520388603,8.733315628767013,8.016967789828778,8.599112803637981,7.904429002106189,8.748210415244102,8.080867544412612,8.310447061955928,7.769314676225186,8.565171980559827,7.839721244573593,8.029533767104148,8.587712173461915,8.19653255701065,7.985576117634773,8.096047436594963,7.827240752577782,7.8073522630333905,7.767314446270466,7.744792194962502,7.7339534291625025,7.898166643381119,8.107944421172142,7.468947263360024,7.738227711617947,7.177958140075207,8.222147787213325,7.473393959403038,7.926520832479,7.682256620824337,8.005191341936587,7.435976169407367,8.644378633201121,7.188982877731323,8.038791131079197,7.373159972429275,7.741065246462822,7.568967413306236,7.179361572563648,7.98416716247797,7.217134191691875,7.808649973571301,7.504502251446247,7.900011878311634,7.5199389216303825,7.432880613207817,7.657594764828682,7.2479751014709475,7.681682487726212,6.811408658623695,7.203867538273334,7.440449791252613,6.990076659619808,7.139695111215115,7.262457943856716,7.164282284080982,7.737705464661121,7.230522042512893,7.215960158705712,7.396707513928414,6.459630607664585,7.797752386629582,6.467209062874317,7.458521394431591,6.9380748283863065,7.207581930160522,7.0545569577813145,7.300151126384735,7.163486409187317,7.516066330075264,7.049437798261643,7.352063604295254,7.545428521335125,6.841541385948658,7.316290712952614,7.264833583235741,7.035005949139595,7.876241718828678,7.276398510932922,6.854450312554836,7.261765275895596,7.213313008844852,7.4090743765234945,6.568496188521385,6.974691264927388,6.957673081159592,7.026649373471737,6.6811704865098,7.362881449460983,6.404699530303478,7.789131381213665,6.370619123876095,7.259913890659809,6.85773497402668,6.505525956749916,7.020631899833679,6.39311750471592,7.490190541744232,6.383706947863102,6.9187285006046295,6.924276045560837,6.906798453629017,6.911608044803143,6.763951079547406,6.807507916688919,6.646444117724895,6.345036857128143,6.949648405015469,6.056545866131782,6.417393898665905,6.020162079036236,6.521822125017643,5.636744402945042,6.644657015502453,5.996981695592403,6.048481131196022,5.973424465060234,5.913201496005058,5.507404906749725,6.291846941709519,5.390957188308239,5.44494492918253,5.915132419764996,5.406401369869709,5.858046892583371,5.746807143986225,5.843512439727784,5.334280157089234,5.3639235779643055,5.818418283164501,4.902047877609729,5.691738874614239,5.326876259744167,5.51930729329586,5.518386281430721,5.218440980613232,5.802353846430779,5.774167753458023,5.002445434629917,5.911443738937378,4.734444337487221,5.743675407469272,5.248218629658222,4.963795140683651,5.7545532101392745,4.909458861649036,5.839360569417477,5.047522006034851,5.36387455701828,5.695547795891762,5.551811412572861,5.39879478931427,5.567760981619358,5.030543260276318,5.262078948318958,4.830373193919659,5.091784829199314,5.1509432417154315,4.912678748965264,5.118139161169529,4.604965573251247,5.522289229929447,4.44786124765873,5.260767003893852,5.003685017824173,4.794735617637635,5.054776175916195,4.587719936370849,5.241547721326351,4.7960286822915075,5.267367942035198,5.243750155568123,4.7731440857052805,5.446124831438064,5.2268179586529735,5.048792257905006,4.888771686553955,5.031534136235714,5.08038949072361,4.6576034530997275,4.729805580675602,4.975831480622292,4.925209085345268,4.982063603699207,5.180473011136055,4.79633451372385,4.993069106936455,4.758000413775444,4.875138437747955,5.216667010188103,5.059795658290386,5.098513702452183,4.6907036808133125,5.555663564503193,4.586151810884476,5.458129560053348,5.205074173212052,4.390850749611855,5.3081006896495815,4.700307272672653,4.935213799774647,5.143234959542752,4.701470647454261,5.172363668084144,5.001504600644112,4.9504778072237965,5.04883386105299,4.498624435961246,4.969844357073307,5.143793736100196,4.708484299778938,5.081133160293103,4.912668524980545,5.286162718832493,4.836296324133873,5.292333084046841,5.474349851906299,5.154852832555771,5.132392101883888,5.3224774700403215,5.009948475658893,5.0013626953959465,5.2572140994668,5.192255445718765,5.0650295221805575,5.153464073836804,5.097293678224087,5.386640377342701,5.251540187001228,4.818187718987465,5.571993041038513,4.844431099891662,5.49937207788229,4.580800732970237,4.989191682636738,5.1137789240479465,4.839461879134178,5.222405052483082,5.0106507542729375,5.051046185493469,5.2248357826471326,4.5490355828404425,5.406489942669868,5.206832174360752,5.196973307132721,5.144259353280067,5.036296977102756,4.557472483217716,5.2729001188278195,4.510543846487999,5.42219618499279,4.3125320276618,5.06573755890131,4.85898030936718,4.644940627515316,5.2180736976861954,4.711333031058311,4.723817763924599,4.784716146290302,4.930648109018803,4.5398856422305105,5.128706200420856,4.698109421730042,4.916418695747852,4.721742886900902,5.067921577692032,4.73589701294899,5.165751027166843,4.7886235296726225,5.0984668231010435,5.070464940965175,5.03853813380003,5.112007541954517,4.855310866832733,4.906845679879188,5.535510857999324,5.010246579945087,5.413013308942318,5.075418440699577,4.779374717473984,5.092480880320072,4.679614212810993,4.7881487384438515,5.277763318419456,4.525180585086345,5.047633210718632,4.950813355743885,5.082880981862545,4.7659963124990465,5.427578042447567,4.901668486595153,5.128630940616131,4.936453575193882,5.570518905818463,4.894653180539608,5.10459174901247,5.1170515537261965,5.336080592572689,4.630823363959789,5.472758658528328,4.9342453956604,5.252854996025563,5.595636429190636,5.568149479329586,5.083144274055957,5.676231607794762,5.347861988544464,5.398547726869583,5.141595065891742,5.2279687348008155,5.1482709059119225,5.133429885208606,5.200677725076676,4.94019301533699,5.32828062236309,4.679116431772709,5.5767259922623635,4.554555579721928,5.352121532559395,4.933611904382706,5.312572312057018,4.427121666371822,5.062646916806698,5.048345956802368,4.692998234331608,5.0241468313336375,5.029932741820812,5.223806037008762,5.245726189613342,5.393412479162216,5.167763135135174,4.790944083631039,5.369067444503307,5.448576177358627,5.380755596160888,5.516509212255478,5.667727889716625,5.428609275221825,5.481847339272499,5.6196768715977665,5.750181977748871,5.6160611262917515,6.040163660049439,5.375747198164463,6.209558931589126,5.901621934771538,5.773036985695362,6.016246616244316,5.285117425024509,6.424823641777039,5.5720046412944795,5.55557198792696,5.703615155816078,5.748499040007591,5.515680402815342,5.624668536186218,5.884022261202335,5.877600388228894,5.444369475543499,5.642474848926067,5.4814773601293565,5.792360588312149,5.630251385271549,5.887257396578788,5.665896908640861,5.785515478551388,5.847171140909195,5.137031971216202,5.825416027307511,5.778252655863762,5.774988683462143,5.362732965946197,5.3703627526760105,6.149601748287678,4.965123713612557,5.379565050601959,5.58037816286087,5.1895626309514045,5.493220226466656,5.414620492756367,5.679673908054829,5.300987922549248,5.879214796721936,5.173238530158996,6.138325636982918,5.428769247531891,5.690906519591809,5.816698471605778,5.22555636972189,6.079282940030098,5.040904145240784,5.970283027887344,5.504667493700981,5.728971091210842,5.932367761731148,5.185635024607182,6.241409275233746,4.994527758955956,5.942927919328213,5.593872719407082,5.756642587780952,5.5172143805027005,5.692642434537411,5.881349765062332,5.468899874687195,5.860437794327736,5.463932755589485,5.874847684204578,5.730728757679462,5.707890436649323,5.315948663055897,5.7909470355510715,5.127327297627926,5.887227795422077,5.104666513800621,5.789542498886585,5.735453647971153,5.517119418978691,5.700957244038582,5.601498153805733,5.991536459326744,5.2032671222090725,5.94174095839262,5.777071591615677,5.833286842405796,5.411166985929012,5.811103866994381,5.6415117940306665,5.864877579212188,5.478840977251529,5.770597603023052,5.367808827757836,5.735347100794315,6.009925073087215,5.46881044536829,5.8907814246416095,5.773509044349193,5.715083058178425,5.763277569115162,5.660920527875423,6.071832358539105,5.47065727263689,6.041775313019753,5.8011966013908385,5.877006087005139,5.861524660885334,6.036257387399673,5.60042774528265,5.913178910315037,6.004573890566826,5.716030248105526,6.006802811026573,5.789709234833717,6.361021467745304,5.550460205078125,6.165079340040684,6.116354980170727,5.775098406374455,6.269877335429191,5.735370446145534,6.266168967187404,5.6682661670446395,6.196106067597866,5.844276894629002,6.205246999263763,6.292807005941868,6.186164428591728,6.059248344600201,5.952783872187138,6.177157771885395,5.978631701469421,6.139619129896164,6.354256467819214,6.243506057858467,5.938835784494877,5.7872450268268585,6.103183963894844,5.730669409334659,5.866567585468292,5.8355198884010315,5.818242813944817,5.59304752856493,5.748666599094868,5.685330310761929,5.486220555305481,5.569461605250836,5.741525803208351,5.322785864174366,5.79390735566616,5.636157005727291,5.632735926210881,5.573416220843792,5.218833403587341,5.69329206854105,5.31438331335783,5.775452631413937,5.497937177121639,5.568285175561905,5.523718619942665,5.807608833611011,5.35770351022482,5.701136798858642,5.920508809089661,5.835838020443917,5.691772894263267,5.6526525920629505,4.905436373949051,4.515327255129814,5.336951854526997,4.850101633369922,5.215604637861252,4.916080946326256,5.157597934901714,5.043944717049599,5.385070560872554,5.212505132853985,5.392092351913452,5.310521704852581,5.687541532516479,5.551619397103787,5.610046958327294,5.548664287924766,5.806292493343353,5.549274323880672,5.517259621322155,5.8228853568434715,6.177305406033993,6.004308547973633,6.042033362388611,6.258577784299851,5.950774063467979,6.070090261995793,6.463133476674557,6.575180156528949,6.41636157900095,6.445832423865795,6.4201914873719215,6.219289049506187,6.390690023005009,6.372022375464439,6.019543306827545,6.302520009577274,6.3536462539434435,6.575160458683968,6.188620083928108,6.772516487836838,7.2188036733865735,6.946772328615189,7.296865790486335,7.315827501416206,7.821517596542836,7.01501574575901,7.100078505575657,7.374694778621197,6.967454899847508,6.871156516969204,6.896588714122772,6.7870987731218335,6.804172134399414,6.734939889013767,6.927541775107383,6.775384395420551,6.972116608321667,6.921446921229363,7.003308567404747,6.720230621993542,6.664510881602764,7.12151447981596,6.3831773978471755,7.128636986911297,6.570015049576759,7.210666039288044,6.923197033703327,7.171532940864563,7.264738896787167,7.261183911561966,7.1574264740943905,6.839764794707298,7.132853448688984,6.996350909471512,7.160404685735703,6.959289625883103,7.115986299812794,7.254311474561692,6.807794951498509,7.18088084846735,7.04412318110466,6.995919587314129,7.0459407538175585,6.980501179695129,7.244999448955059,6.84625840395689,7.11478944182396,7.034115106165409,6.990941321849823,7.113079245984554,6.7660128381848335,7.04167789876461,6.540746204555035,6.784685097038746,6.9761880093812945,6.640528364479541,7.04896655857563,6.6287893527746204,6.885871738195419,6.5099904483556745,6.680710881352424,6.4282099583745005,6.378112642168999,6.936728509068489,6.338609984517097,6.611605359315872,6.337853738367557,6.639315999150276,6.6396275010705,6.256756185889244,6.6457552164793015,6.307116495966912,6.883522627353668,6.566628384590149,6.5109179404377935,6.412103335857392,6.527163438796997,6.660351613163948,6.245969108939171,6.804484470188617,6.379623572826386,6.589543181955815,6.230776589214802,6.68065179079771,6.763770147562027,6.19207400739193,6.632388695478439,6.5720938131213185,6.471355700790882,6.533240076303482,6.499337113797664,6.488306498229504,6.521234355270862,6.091823475658893,6.56714614033699,6.499696596264839,6.487434518933296,6.547110532820224,6.357199181914329,6.549893350601196,6.517778145670891,6.593789374828338,6.446114027500153,6.695472196936607,6.54041638225317,6.512703642845154,6.309010753333569,6.653558932542801,6.654921147525311,6.655615819990635,6.890647751390934,6.60803953975439,6.766963609158993,6.705298523306847,6.856435080766678,6.56304805457592,6.728799137175083,6.91851828455925,6.705015716552734,6.789558111429215,6.788531677722931,6.674024504423142,6.849175086617469,6.576736564338208,6.939458463191986,6.692166426181793,7.010460814237595,6.742968376874924,6.67095296472311,6.862963513433933,6.910477550029754,6.887902798652649,6.651217976212502,7.018748984932899,6.754306756854057,6.973331571519375,7.046532333195209,6.986149996221066,7.025739181935787,6.725646997094154,6.860888246595859,6.82225755661726,6.995551961362362,7.221861172914505,6.917247194945812,6.743194541037083,6.739114097058773,6.999043703079224,6.808442307412625,7.036001194119454,7.131171259284019,6.952488872408867,7.113220239281654,7.145313790142536,7.378933001756668,7.264765718579293,7.234397678673267,7.682019742429256,7.222707609832287,7.625191981494427,7.387465331852436,7.221862638890744,7.090196627676487,7.337833330333233,6.933372779488564,6.895144550800324,7.087274673879147,7.0344813796877865,7.059866195321083,7.086612448394298,7.006497117578983,7.139012607932091,6.9746752795577045,7.253811039626599,7.106518023908138,6.883358029425144,7.123298910260201,6.699608458578586,6.893714793920517,6.948078886866569,7.126910587847233,7.1117778816819195,6.920832412540912,7.277302002608776,7.095336801111698,7.236877733170986,7.0764802303910255,7.208794573247433,6.985932313501835,7.241965214014053,7.464610078334808,7.219772549569607,7.323763638436795,7.279925989806652,7.2657680711150165,7.243926675617695,7.483173415958881,7.4363819354772565,7.373287742137909,7.329000524580478,7.4140418496727944,7.568260858058929,7.190210485458374,7.612947066426277,7.37229580104351,7.34724622040987,7.654439306855202,7.318865430951118,7.420400068461895,7.1315049117803575,7.5878072649240496,7.027340050041675,7.464409042298794,7.089087470173836,7.312515813112259,7.071088407933712,7.218273345828056,7.052082740366459,7.043203759789467,7.337092886865139,7.086293588578701,7.22522618830204,7.460800409913063,7.019374002814293,7.307509199380875,7.003237877488136,7.13396252065897,7.104258494675159,6.827502192854881,7.199005400538445,6.952989888787269,7.386218432188034,6.9211260297894475,7.359672671854496,7.202472382485866,7.093541752099991,7.093247261345386,7.1535048145055775,7.161119762659073,7.073613101840019,7.276584016680718,6.855360653698444,6.818010081946849,7.057788355946541,6.848317338526249,6.607530989050865,7.055571750104427,6.708508803844452,6.930236383676529,6.370671543776989,6.654741226434708,6.461210891008377,6.585742205381393,6.250938184261322,6.235080029368401,6.382125830054283,6.272461778521538,6.147006711065769,6.450587356984616,6.241495973467827,6.007231969833374,6.39174683958292,6.112425273656845,6.485421669781208,6.228306297957897,6.592006941437721,6.584641927480698,6.811064036786556,6.851822577118874,6.923148250579834,7.049192947745323,7.007924931943417,7.026383685171604,6.9522553825378415,7.284623546898365,7.013915273249149,7.291946648657322,7.098463965952396,7.116046604514122,7.286627849340439,7.268569048047066,7.4104619112610814,7.0167356330156325,7.469658189415932,7.232682480812072,7.239933975338936,7.367905805408955,7.181251312792301,7.351008217036724,7.170739746987819,7.272599721550941,7.136275197565555,7.336441040933132,7.230045794844627,7.660515367984772,7.27171513825655,7.3326511305570605,7.253624482750893,7.057697677612305,7.406707824766636,7.382732279598713,7.353030218780041,7.214102137386799,7.270293007194996,7.265588852763176,7.183437975645066,7.6578084349632265,7.229844012260437,7.666127862930298,7.493335896730423,7.5755901327729225,7.595576322376728,7.242870677113533,7.543864460289479,7.458931655883789,7.2379920524358745,7.415606282949447,7.079353170096875,7.445212883353233,7.314776555895805,7.290004490315914,7.3520010951161385,7.251604483425617,7.451566110849381,7.3346439972519875,7.2331197226047514,7.4354722443223,7.269988572597503,7.492176582813263,7.362632019221783,7.371072595119476,7.346759782731533,7.553113441169262,7.390349552929401,7.421347371041775,7.2687802270054815,7.23791562885046,7.346717471778393,7.041929435431957,7.647027002871036,7.114375876784325,7.1669952461123465,7.307865232527256,7.195302869081497,7.201398596465587,7.254987656772137,7.353285189568997,7.41962905138731,7.209101794660091,7.511038733422756,7.221731498241424,7.675011792480945,7.385620178580284,7.667811495959759,7.4297542974352835,7.692840933203697,7.541458868980408,7.104978702366352,7.008639040887356,7.2727572631835935,7.32178957760334,7.328999118804932,7.649187827110291,7.6554542654752735,7.283808541297913,7.202510676383972,7.042747057676316,7.170864995419979,7.031206958889961,7.444242916405201,7.284209590554237,7.186597482860089,7.2424299338459965,7.2227074053883555,7.3342511039972305,7.2600530648231505,7.294455282390118,7.327580207586289,7.329313074946404,7.395337941646576,7.531126826703549,7.360148480534553,7.383545154035091,7.552096619904042,7.4232659247517585,7.498561411499977,7.644903379678726,7.667977203726768,7.357455186545849,7.585661017894745,7.601163959801197,7.6879232108592985,7.617459104955197,7.8613145712018015,7.710981647968293,7.674882933199406,7.987568568587303,7.735733034610749,7.7800735446810725,7.876931456327438,7.920320019423961,7.741671639382839,7.88459241271019,7.896784047484398,7.711784814596176,7.66507523804903,7.788371892869472,7.783563622236252,7.636447948217392,7.6733681708574295,7.7672691962122915,7.573298169672489,7.801271210312843,7.630853724777698,7.574030881822109,7.643581705093384,7.53148707985878,7.4877116397023205,7.525446283519268,7.629084912836552,7.391985632181168,7.374219432771206,7.6374233841896055,7.60829753100872,7.669976894855499,7.4965551117062565,7.585634380578995,7.787314187884331,7.608489276468754,7.705555346310138,7.7402174201607705,7.4866903191804886,7.635404230952263,7.554164347350597,7.753965483903885,7.597496675848961,7.794537443816662,7.673806304335594,7.4427448362112045,7.488994871675968,7.585968305170536,7.385874156355857,7.748615981042385,7.420404760539531,7.716589271724224,7.410614906847477,7.444872397184372,7.49121629178524,7.521260040402413,7.3778797224164006,7.644085721373558,7.59005073428154,7.519825500547886,7.562457830309868,7.618015034198761,7.288752956390381,7.602177818119526,7.3975652873516085,7.516403446495533,7.3282643443346025,7.747541734874249,7.317436171770096,7.590062240362167,7.40030741840601,7.674059911668301,7.381602179408073,7.619866151511669,7.503912876546383,7.351906490921974,7.685294557511806,7.546288053095341,7.450669093430042,7.622492527067661,7.553543083965779,7.640911036729813,7.620469270050526,7.690092751383782,7.560380465388298,7.558596557974815,7.6030532771348955,7.654076418578625,7.599503303170204,7.594933253526688,7.659466346800327,7.7406801941990855,7.539705999195576,7.59756311327219,7.507504014074803,7.734023491740227,7.512239468991757,7.7315957275033,7.63915293186903,7.665751098692417,7.8192741847038265,7.655523733496666,7.570568963885307,7.692132868170738,7.44011795014143,7.68336569160223,7.612720121443272,7.575498555600643,7.695869894921779,7.471769692003727,7.632010230720043,7.616644143462181,7.577333633005619,7.702580732405186,7.655914694368839,7.800541890561581,7.7400973591208455,7.74554262727499,7.619381106197834,7.7237028869986535,7.618657140135765,7.730823294222355,7.466296998858452,7.408251335918903,7.491466203331948,7.53906515032053,7.777290375232696,7.47341412127018,7.6435942849516865,7.71337136298418,7.701626104712486,7.630643049180508,7.558671287596225,7.751189789772034,7.416127098500729,7.298235257863999,7.145624175667763,7.065642045140266,7.010114831924438,6.65322436362505,7.086192494630813,6.940844561755657,6.76808410435915,6.911553764343262,7.0150638723373415,7.16565145611763,7.267547118067742,7.2940777304768565,7.4673483043909075,7.705961154997349,7.676368739902973,7.630861100554466,8.004606683254242,7.548207629323006,7.758276327550411,7.856549288034439,7.810273489356041,7.637032982707024,7.4731652870774266,7.470551375448704,7.475773449242115,7.5052710196375845,7.5735320454835895,7.47041095584631,7.424798564612866,7.552189978957176,7.630155934691429,7.3946208572387695,7.502159626781941,7.5799416363239285,7.4220497325062755,7.345388603210449,7.298551210165024,7.0668946197628975,7.353737914264202,7.058909578621387,7.189484172165394,7.131619225442409,6.792564817070961,7.146569599211216,6.792192921340465,7.149678593873977,6.748389897048473,6.963790107369423,7.013392270803451,6.844251610636711,7.235232338607311,6.906692636907101,7.246319604218006,6.916927734315395,7.086663127541542,6.78074559032917,6.942758193612098,7.09308989495039,7.01821323722601,7.048763315677643,6.912839234173298,7.032478994131088,6.938135780394077,7.095603575706482,7.211274164021015,7.097035086452961,7.062439366877079,7.0817257872223855,6.947849648594857,7.267512089014053,6.854291525483132,7.208640678226947,6.989441489577294,7.2756415694952015,7.3038104939460755,7.189730380475521,7.439768278002739,7.251932972371578,7.216230873167515,7.057026394307614,7.329192823469639,6.97411732763052,7.063646368086338,7.314571417570114,7.009800187647342,7.238884445130825,6.934569383263588,7.242871635258198,7.0591023531556125,6.863612141609192,6.980692529678345,7.025989751815796,6.982763828933239,7.102131026685238,7.233043276071548,7.060319046676159,7.15216002881527,7.186993390023709,7.194549712836743,7.045274813175201,7.075783637762069,7.109402256011963,7.076143750846386,7.027367320358753,7.188247300684452,7.3103539177775385,6.939068661928177,7.283408851623535,7.021050361990929,7.1001546376943585,6.939196797311306,6.747326560616493,6.924027856290341,7.12659638017416,7.316069803237915,6.984129118025303,7.124587675929069,7.1065793552994725,6.650677202045918,7.0494772058725355,6.703624549210072,6.914397329092026,6.508467030227184,6.2923334258794785,6.406957469582558,6.396140003800392,6.260127566754818,6.514031417369843,6.754105449914932,6.758082029521465,6.761026059687137,6.981685796380043,6.858688243925571,7.321791218519211,7.460746887028217,7.456452569663525,7.206221677362919,7.564174864292145,7.183708821237087,7.289370327293873,7.300991403758526,7.146560038924218,7.003637715280056,6.991655557453632,7.121645427942276,6.832790936529636,7.068264066576957,6.555516304373741,7.076447413563728,6.5229452362656595,7.026693142950535,6.59100412607193,6.847653553485871,6.6496748661994936,6.945563778877259,6.7456958481669425,6.825479079186916,6.841796289086342,6.57213679343462,6.842796159386634,6.900740715265274,6.824667575955391,6.41183354049921,6.809832436144352,6.598179624676704,6.466149317026138,6.663747166395187,6.611836316883564,6.988071241974831,6.620261875391006,6.798722261190415,7.138124781847,6.549114909172058,7.130883657038212,6.76953309983015,6.947192786335945,6.913432380855084,7.007159131765365,6.9769787815213204,6.738358368873596,6.870360919833184,6.821055637896061,7.033233906328678,6.616504240632057,6.911847617030144,6.841318982243538,6.943626186549664,6.838725908994674,6.936773064732551,6.9651310038566585,7.0740892213582995,7.215428613722325,6.744729688763618,7.046884841024876,6.857929607331752,7.036878541707993,6.889533644914627,6.986058584451675,6.828757653832436,6.790927607119084,6.808620935082436,6.504484488368035,7.095833185017109,6.737890262305736,6.765047135651112,7.032179030478001,6.791834786832332,6.955753421485424,6.818272897303104,6.812839567959308,6.916547023952007,7.067114181220531,6.8134823834896086,7.0149393683671954,6.824029083848,6.971309400200844,6.950792103111744,7.124918943941593,6.84380724042654,6.970527502596378,6.84273812353611,7.048065476417541,6.9954378917813305,7.116009082794189,7.177683544158936,7.153196812570095,7.158586865961552,7.3186749202013015,7.281218485236168,7.26975363612175,7.1154667600989345,7.181532543003559,7.159389692544937,7.064276603162289,7.17219950824976,6.607217916846276,6.7699799838662145,6.494478816986084,6.784063589572907,6.430427103638649,6.719808136820793,6.756909318268299,6.5656028360128404,6.797029396295548,6.847237136363983,7.028568504750728,6.537536283731461,7.01832572132349,6.685097456872463,7.08622969686985,6.994938348531723,6.724678859710694,6.89598163664341,6.813656675517559,7.068746345937252,6.8224217519164085,6.641468681693077,7.0914961311221125,6.815669559240341,6.867536708116531,7.080882354080677,6.88115685671568,7.187030600309372,6.709938590526581,7.241214522123337,6.677794350683689,7.359821726679802,7.062940455675125,7.122371819615364,7.037052503824234,6.9947854301333425,7.126025567054748,6.793043639063836,7.189326502382755,6.901884745359421,7.1526080849766736,6.8840630495548245,7.168193609416485,7.096773898005486,7.263854422569275,7.030231846570969,7.3150076827406885,6.962936317026615,7.10008320748806,6.9207645499706265,7.046428527235985,6.955110760927201,6.965848193764686,7.024272171854973,6.749345164597035,7.109337953031063,6.997208856344223,6.746659546196461,6.88879458218813,6.809197407066822,6.987754162549972,6.930267474353314,7.105759174227715,7.128053140938282,6.861962116062641,7.091068090200424,6.909035771489143,7.200844683647156,6.8507969078421596,7.289937316179276,7.094393900632858,7.018908443748951,6.997687036395073,7.268753517270088,7.176954618096351,7.23939208894968,7.2317456188797955,7.132733268141746,7.139620549082756,7.113210214972496,7.175114426910877,7.0193282011151314,7.238124735951423,7.050976585149765,7.123942033648491,6.98538742274046,7.127194717824459,6.945816834270954,7.355312013924122,7.108500443696975,7.1041757589578625,6.924665985703468,7.134404582977295,7.260273444354534,6.967432407438755,7.324018171727658,7.199934103190899,7.195923867225647,7.021157259345054,7.268213045597077,7.171232672333717,7.231426773071289,7.1615838280320165,7.3819089153409,7.2457151946425435,7.095577911138535,7.215069961547852,6.941776248812675,7.221810244321823,7.446493023335933,7.379396123588085,7.398928874135017,7.272792313098908,7.4565355014801025,7.331209838092327,7.5406667751073835,7.23170241177082,7.491609181165695,7.321352052986622,7.443330191671849,7.352026150226593,7.313768540918827,7.433772264122963,7.472929861545563,7.2306326001882555,7.434812334775924,7.483990039527416,7.13352290391922,7.358953268527984,7.309106513261795,7.452999839484692,7.157634122073651,7.255356161594391,7.42336731761694,7.4635441330075265,7.071342930197716,7.482877413630486,7.262538689076901,7.334007821679116,7.221601518392563,7.096601574718952,6.979932325780392,7.244269453883171,7.018636775314808,6.809925836324692,7.085238944888115,7.149503166675568,6.946072202324867,7.0222554484009745,6.921312388181686,7.0310995849967,6.959301435351372,6.87699553579092,6.896014019548893,6.887737430632114,6.737760973572731,7.066725683808326,7.134120062589646,7.228302183747291,7.387410144805909,7.3123476523160935,7.120752941966057,7.153967160582543,7.189099614918232,6.9150290808081625,7.157277146577835,7.055687074661255,7.1255196684598925,7.201319820582866,7.123643752932549,7.060147604942322,7.227121307849884,7.213436810970307,6.903843587636947,6.960219816863537,6.867287595272064,7.026935701966286,7.045915304422379,6.977007052600384,6.913166845440864,6.824190379977226,6.703338080644608,6.767943911254406,6.97611832767725,6.736398775875569,6.575976126194,6.794135550260544,6.559386833012104,6.835971886813641,6.757233843505382,7.125560248792172,7.035080592930317,7.123408618569374,7.30161052852869,7.024343275725841,7.402408675849438,7.285983854830265,7.313234274983406,7.27966022670269,7.55376561909914,7.211133368909359,7.413042195737362,7.502213137745858,7.325998774766922,7.356549248099327,7.476923618912696,7.365078074038029,7.480723997354508,7.443523047566414,7.456203851997852,7.405306721925736,7.257828389406204,7.497646232843399,7.3107902815938,7.588748641312122,7.538298626542091,7.445131424665451,7.444036084115505,7.564552874863148,7.6004242172837255,7.568495551943779,7.68137814104557,7.668520364761353,7.572398788332939,7.454454529583455,7.871185370981693,7.743159662485123,7.71096972823143,7.6711564356088635,7.843219524919987,7.835995888113976,7.81025515705347,7.813497906029224,7.787311641573906,7.847924587726593,7.820054906904698,7.84106578618288,7.806154365837574,7.870289444923401,7.682875834107399,7.710537181794644,7.597212326824665,7.6629696354269985,7.880569883882999,7.654477307796478,7.6992386099696155,7.725876084864139,7.408391842246056,7.400656472742558,7.4674175029993055,7.542430982589722,7.5265678614377975,7.599753542542458,7.421619883775711,7.4524597877264025,7.562954825460911,7.542094129621983,7.581780478656292,7.523941932320595,7.792637864947319,7.517656921744346,7.603551358282566,7.740170379281044,7.556825566589833,7.576386421322822,7.619411261379719,7.795506096482277,7.545908198654652,7.679658361077308,7.603389486670494,7.549335598349571,7.465692757666111,7.632210749387741,7.481678519845008,7.6108863174915315,7.390738563537598,7.635836359560489,7.5044111597538,7.417909277081489,7.632322773039341,7.280965799093247,7.452205709815026,7.563901403844357,7.476055863499641,7.385051256716252,7.479261657297611,7.4815810325741765,7.4656014484167095,7.349296932518482,7.2553820955753325,7.286918875575066,7.4624041092395785,7.258189826011658,7.105857392549515,7.050411105453968,7.2541203024983405,7.140364908576012,7.1325261175632475,7.356702955365181,7.556829679310322,7.222876743674278,7.323559882640839,7.412971188426018,7.444499334692955,7.18325188010931,7.367056028544903,7.250057782530785,7.271458099186421,7.043247979283333,7.445763513147831,7.200679889619351,7.46219899982214,7.267777035832405,7.336659992039204,7.379613371193409,7.618062272071838,7.4568962833285335,7.261742947995662,7.1707146546244624,7.357305301427841,7.562323899269104,7.29243858486414,7.623063714206219,7.4101218178868296,7.694956074357033,7.360411883890629,7.4933832183480265,7.1133972758054735,7.385812876522541,7.407618927359581,7.345333440899849,7.279053806364536,7.49237725764513,7.23454236805439,7.298540527820587,7.4900551095604895,7.127068482935429,7.25781157374382,7.1478946402668955,7.387345370352268,7.32380489140749,7.232876636683941,7.309509072899818,7.40486493319273,7.266135094761848,7.181316100358963,7.356844887435436,7.247002746164799,7.163334393501282,7.552048939466476,7.321226997375488,7.428489504754543,7.518947093188762,7.842454922497272,7.574355382621288,7.56714895606041,7.462819312810898,7.35303384155035,7.621029225885868,7.5586030805110935,7.455543614029884,7.392187486886979,7.378934794664383,7.693869201540947,7.219826632142067,7.47690338909626,7.071453143656254,7.319109691977501,7.172825525403023,7.229772616624832,7.05025564879179,6.959368739426136,7.29300494492054,6.994889544248581,7.225698428153992,6.925782647430896,7.236095423102379,6.974469300210476,7.274812624454499,7.137678102850914,7.216604221463204,7.026436220407486,7.286082138419151,6.769862799942493,7.226076407134533,6.840811836123467,7.221622603237629,7.1216658252477645,7.048430651426315,7.216351063251495,7.040040272474289,7.3911357614398,7.268077526092529,7.35014829069376,7.091005139648915,7.064921353161335,6.844792896807194,6.453691332936287,7.031526474952698,6.838051339685917,6.756131320893765,6.7840974316000935,6.786010580360889,6.819180760085583,6.85236804574728,6.877111168503761,7.018810219168663,7.168215065002442,6.9439629843831066,7.019191467165947,7.003415149748325,7.1707240208983425,7.07760367423296,7.072269813716412,7.167761945128441,7.180012682676315,7.303417644500732,7.012010106444359,7.25304052978754,7.2597802045941355,7.2232607123255725,7.149056668281555,7.274728806912899,7.173508524894714,7.064823600053788,7.164317235946656,6.856302244961261,7.103912917971611,6.988324697315693,7.226165491342544,7.192699810564518,6.969072294533253,7.1203914660215375,6.886564528346062,7.2036368688941,7.270730321705341,7.320025233626366,7.427331804335117,7.374978576302528,7.458716448545456,6.884638081789017,7.309606518745422,6.732018453478813,7.014636938273907,6.744744768440723,6.879275486469269,6.775873585045337,6.624105015695095,6.6910996618866925,6.330148867666721,6.458555607199669,6.35758973389864,6.1101671347022055,6.234476696252823,5.9944276309013365,6.585310337245464,6.11542305201292,6.204349225759506,6.491475161910057,6.391132719516754,6.527010678946972,6.679744658470153,6.577798202931881,6.669400109350681,6.662739472687244,6.743637551069259,6.787990466356278,6.356103019416333,6.623626426756382,6.426632782220841,6.474886835515499,6.526709672808647,6.588236438930035,6.688855238556862,6.742472729980945,6.919953346252441,6.871729090511799,6.998598711788654,7.043357252180576,6.868819078803062,6.785440833866597,6.963715922534465,6.898572995662689,6.630393215715885,6.782555784285068,6.680509314239025,6.751536118686199,6.6340891799330715,6.733378162384033,6.756742469966412,6.682370582818985,6.524638836979866,6.7590382400155065,6.785063248872757,6.73985021173954,6.717432501018047,6.619679454267025,6.474037215411663,6.580924502313137,6.525013519823551,6.382522609829903,6.096251514852047,6.680913026928902,6.172565830349922,6.425886723995209,6.231861886680126,6.508315718472004,6.442886258363724,6.107317675948143,6.263512336015701,6.160935144424439,6.36448362827301,6.23706376850605,6.089520664811134,6.453954271972179,6.174012706875801,6.242690525054932,5.900391934514046,6.221522355675697,6.388656650781631,6.1495610681176185,6.191765222251416,6.041749538481236,6.351649451553822,6.204271665513516,6.2891848570108415,6.365494637787342,6.2188433122634885,6.195679460763931,6.186449187994003,5.998994496762752,6.2107135725021365,6.000338252186776,6.231199093461036,5.932389794886112,6.3743535810709,6.220900388062001,6.141761866509914,6.272587409317493,6.229672775566578,6.0556030410528185,6.1567203745245935,5.92735945224762,5.940851381123066,6.080159831047058,5.719846457540989,6.065493759810924,5.887180196046829,5.976224168539047,6.109919907152653,6.13887609243393,6.0946188580989835,6.1199869057536125,6.162834107577801,6.2945523235201835,6.502474826276302,6.343632698059082,6.646186544895172,6.6181515815854075,6.591756806075573,6.6556042492389675,6.863210643529892,6.76000322163105,6.752441001534462,6.77090118676424,6.821133503615856,6.708316560089588,6.827677489519119,7.074146934747696,6.886210816204548,6.967422460019589,6.5846954241394995,7.000839637219906,6.644906856417656,6.7477206176519395,7.007813913524151,6.679575459957123,6.998758812844753,6.889067808687687,7.0814382410049435,6.996366074383259,7.3310823944211005,7.099106028676033,7.235727325379848,7.234286570549012,7.180830546915531,7.325817114114761,7.246836344003677,7.5604396262764935,7.362260872721672,7.545338425636292,7.612793827950955,7.571523956954479,7.675085541307926,7.611695913374424,7.6374967437982555,7.7045324686169625,7.281937255263329,7.628870259523392,7.315731381177902,7.298189574480057,6.911215421557427,7.55805612117052,6.963349085450172,7.088622892796994,6.9768849158287045,6.893296821415424,6.89553111732006,7.005767670571804,7.13284287750721,6.961071644127369,7.253129324913025,6.970779559016227,7.027677366137505,7.145031340420246,6.977440478801728,7.151854442358017,7.194567780792713,7.190013974905014,7.300055009722709,7.186784932911396,6.995101566910744,6.93460872143507,6.847495702505111,7.078376901745796,6.8080845642089844,7.261093358397484,6.795972400307655,7.232240438461304,6.856774419248104,7.210021351277828,6.837904472351074,7.180742212831974,7.23111604988575,7.238511194884777,7.285558856725693,7.4028503313660625,7.2470881724357605,7.379173097610473,7.40003931850195,7.413478074669838,7.4183837726712225,7.503668781220913,7.324035511016846,7.3405478200316425,7.2104794773459435,7.292233552634716,7.319411033391953,7.422745283842087,7.453776468634605,7.152917707264423,7.2482760885357855,7.079168566167355,7.127031515538692,7.1565800428390505,7.357424514591694,7.064267195761204,7.134987882077694,7.124968138933181,7.108393790721894,7.086306517720223,7.205289521813393,7.291945027112961,7.181416131854057,7.429541394114494,7.13867102354765,7.288498940169811,7.184167818427086,7.288695864975453,7.1079933643341064,7.158446695804596,7.1893442422151566,7.0037255150079725,7.2577779194712635,7.078269646763801,7.156573716104031,7.319471153914929,7.2336042553186415,7.397565148174762,7.2637082973122595,7.402290724515915,7.275772886276245,7.513140052556992,7.282566035091877,7.335348666608334,7.211087036132812,7.411974926888942,7.495127692520619,7.451803759038448,7.473482751250267,7.291683412492275,7.4438300970196725,7.134915488064289,7.365740272700787,7.33977210611105,7.275908163189888,7.377898869514465,7.3442176991701125,7.579696525633335,7.15836347669363,7.478253705501556,7.241401553452015,7.414902630448341,7.495494331419468,7.24290773421526,7.429864643216133,7.362787284553051,7.351936248242855,7.48501581043005,7.619116581380367,7.3683100697398185,7.414819785058499,7.523961153030395,7.3094478031992915,7.620317823588848,7.3301537430286405,7.642917926609516,7.64069959372282,7.393282172381878,7.700051101148128,7.391363002061844,7.390672316551209,7.677299813032151,7.3708455836772915,7.31349658548832,7.563506026864052,7.493307309746743,7.3858991238474845,7.510201740264892,7.319458573758602,7.577837114930153,7.301695657372474,7.5825292247533795,7.487996747791767,7.279270263314247,7.484612516462803,7.478247737586498,7.69840835750103,7.580596208274365,7.495360670089721,7.624125654995441,7.604363463521004,7.581355568766594,7.444489734470844,7.6231505674123765,7.602843205928803,7.463401888906955,7.569015334248543,7.365676470696926,7.796363239884377,7.541084092259407,7.586452949941158,7.658416976928711,7.670615788400173,7.608714544773102,7.726275529563427,7.5548839324712755,7.77113473623991,7.599677192568779,7.622541781067849,7.781596977114678,7.530400134921074,7.783453117907047,7.449649669826031,7.742250615060329,7.488528160750866,7.6165730851888656,7.46556501597166,7.5421150717139245,7.4335191830992695,7.698521535992622,7.497163510918617,7.476423592567444,7.45922492235899,7.60223172545433,7.487226499617099,7.526860719025135,7.567276801466942,7.565832078754902,7.464111673533917,7.409777197241783,7.6833103686571125,7.197092622518539,7.606780155599117,7.313208932876587,7.5744275936484335,7.615530177354812,7.366611309349537,7.629685188531876,7.78327385097742,7.356734013259411,7.728228088319302,7.529359894096851,7.439573746323585,7.529002937972546,7.665742739140987,7.661827361881733,7.527062921822071,7.613205081820488,7.529729282557964,7.423212099969387,7.479259021878242,7.413414144515992,7.326445761919022,7.345336929857731,7.4649695485830305,7.597910192906856,7.453120926618576,7.475828909575939,7.573383539021015,7.544397093355656,7.421922793388367,7.410641845762729,7.4299715262651445,7.365737631618977,7.58651094943285,7.576123359799385,7.549936139881611,7.792851646244526,7.61536065518856,7.752190804481506,7.499552451968193,7.468410792648792,7.629630310237408,7.5652174273133275,7.578240125775337,7.554900460839272,7.561558628082276,7.631167104542255,7.684123725295067,7.677941263318062,7.612471729516983,7.880669765472412,7.735346465706825,7.889878827035427,7.681677494943142,7.849346091151237,7.694348675310612,7.821347078680992,7.8579123964905735,7.915982487797737,7.659609017968178,7.942813523709774,7.669229830205441,7.751890740692615,7.772128648161888,7.585014604330063,7.731490402817726,7.556215123236179,7.803010570704937,7.608656735122204,7.616048293113709,7.648968786299228,7.52709391027689,7.513821815550327,7.709143272936344,7.7302528437972065,7.7343462139368055,7.703028770685196,7.6684396919608115,7.942154640853405,7.634901647567749,7.714065370559692,7.705666519105434,7.6276397147774695,7.575971293151379,7.81608831346035,7.451837759912014,7.68092881590128,7.775384479165077,7.636329759061336,7.654423938989639,7.724908466339111,7.73074674397707,7.672505848109722,7.594037964642048,7.790934255123139,7.63610463142395,7.956969318985939,7.559458824396134,7.929048191010952,7.418222104609012,7.966183333098888,7.673518272936344,7.575656186938286,7.771859594583511,7.6367805433273315,7.75994562625885,7.762835403680802,7.705728252828121,7.607840072214604,7.508095544278621,7.542730968892574,7.6507542580366135,7.575005267858505,7.603951639831066,7.837302762269974,7.645802170932293,7.5283952113986015,7.71816524207592,7.699801823496818,7.544835875332356,7.858262254595757,7.486210885345936,7.696083346605301,7.372923383712768,7.528454315662384,7.412768486440182,7.506644771397114,7.74325058400631,7.408824489116669,7.792227622270584,7.471368400752544,7.621604037880897,7.496369031667709,7.661974569261074,7.578488571643829,7.651561742722988,7.661392864882946,7.704395570158958,7.689790709614754,7.698713156878949,7.7325509941577915,7.772383886277676,7.6655980321764945,7.706416401565075,7.726005495190621,7.701444200873375,7.635871711373329,7.675574680268764,7.587040121853351,7.661627328395843,7.643743098080158,7.802601602673531,7.792273967862129,7.786202246248722,7.834411244094372,7.692747447192669,7.8339099848270415,7.7875348058342935,7.954717156887054,7.696482538282871,7.832352275550366,7.887112763822079,7.779510823190212,7.85124282926321,7.871135916411877,7.717740810513496,7.782988175451756,7.797933286726475,7.843835940062999,7.846344718635082,7.850102155506611,7.920282446444035,7.923157178759575,7.898689695298672,7.762252617776394,7.797740206718445,7.691899142861367,7.861147494316101,7.830968677103519,7.826794885098934,7.834935734570027,7.730909475684166,7.801287235915661,7.763824641108513,7.974189487397671,7.816952660381794,7.842608733773232,7.795619376599789,7.905007414221764,7.787556982636452,7.888676711320877,7.730222606658936,7.749490375220776,7.7798062941432,7.916531843543052,7.6716493394970895,7.835067122280598,7.781341791450977,7.786081081032753,7.784994726479053,7.799918345510959,7.704066548347473,7.875095114409923,7.691471520364285,7.796024464070797,7.700904294848442,7.75391348361969,7.645143032073975,7.654455723166466,7.839547501504422,7.847173220813274,7.562961916327477,7.9117690759897235,7.7345038217306135,7.7603355824947355,7.798132634758949,7.742217591106892,7.814392117261886,7.801536139547824,7.73348453849554,7.760103776752949,7.831459115147591,7.462534627914429,7.837481197118759,7.656835807561874,7.687369759082794,7.630900559425354,7.7570298525691035,7.618827002644539,7.6365710747241975,7.5635141071677205,7.678882694244384,7.81037773758173,7.7195774579048155,7.783994699716568,7.833599870204925,7.771197414398193,7.941044926643372,7.873448825180531,7.829768529832363,7.861413589119911,7.892041802406311,7.550908615291118,7.959903914034367,7.749065820276737,7.920090886950493,7.730560180544853,7.911240031123161,7.854736067056656,7.766409367322922,8.01047597438097,7.76376321464777,7.9272242277860645,7.687715483009815,7.9747901383042334,7.953299549221993,7.719268585145474,7.832244033813477,7.885301038920879,7.818445950448513,7.7831571191549305,7.6938391596078874,7.698310141861438,7.906094965338707,7.858976620733738,7.837128237783909,7.923487299382686,7.705332753956318,7.750231527686119,7.488116025030613,7.804081451296806,7.55206170797348,7.869076821804047,7.818082968592644,7.84097164452076,7.755078995525837,7.734122155308723,7.780918415486813,7.615795135498047,7.7958109882473945,7.834146002829075,7.9925164607167245,7.815125305652618,7.881877942979336,7.906162478923798,7.854197363555431,8.057150055468082,7.827290762066841,7.949614200592041,7.819511967897415,7.972744824886322,8.009428386092186,7.972425318062306,8.023349141180516,8.005669643282891,7.985497206449509,7.981335507929325,7.970571909248829,7.94545528948307,8.030235969722272,7.879171488583088,7.945291380286217,7.791823024153709,7.9635343137383465,7.874534767568111,7.843571912944316,7.811899250149727,7.915498150587082,7.795446732640267,7.874734605252743,7.7497524908185005,7.951764904260635,7.771000926494598,7.892782266139984,7.832283770143985,7.534823139607906,7.6484823399782185,7.754549098312855,7.695871973633766,7.906024186015129,7.826713515520096,7.68234630048275,7.7157775530219075,7.341591811776161,7.463968524038791,7.608394525051117,7.556665731966495,7.427065140604973,7.562601667046547,7.403769376277924,7.676664578318596,7.559404049813748,7.494433324337006,7.6859426316618915,7.5889568409323696,7.4424178677797315,7.6858781981468205,7.472798592150212,7.6297417041659354,7.646711740195752,7.54910163551569,7.584643989503384,7.558484535217286,7.617424434125423,7.601808522343635,7.585058812499046,7.4497736766934395,7.627066603899002,7.500325170457363,7.488762265145779,7.544872399568558,7.4254912215471265,7.540123397707939,7.499558237195015,7.539773147702217,7.458307820260525,7.503835494220257,7.321226241290569,7.605714102685451,7.5445940461754795,7.707046041488647,7.596525076031685,7.630303030014038,7.718547391593456,7.8194333112239836,7.591784738898277,7.775180676281452,7.59965801268816,7.809058097004891,7.694802251458168,7.699048528075219,7.753974508345127,7.710990776717662,7.696112149059773,7.844842310547829,7.4830915704369545,7.898542569577694,7.614166226685047,7.710441354811191,7.64385340988636,7.835935265421868,7.6992806115746495,7.680237081050873,7.709970619380474,7.703981924951076,7.69238449215889,7.672014366686344,7.697502696216106,7.667175166904927,7.83013067305088,7.707582676708698,7.706791923940182,7.497172029912472,7.712957252562046,7.783717555999756,7.530370735228062,7.708121945559978,7.8050854516029355,7.819056823551655,7.799006828665734,7.6376299351453785,7.874309668242931,7.574234939813614,7.970827992260456,7.8964920130372045,7.854595586955547,7.970846095085144,7.881708823144436,8.010232992172241,7.867011538147926,7.948390967845917,8.009793655872345,7.933327264785767,7.937664377987385,7.984111178219319,7.902953001558781,8.029846253097057,8.01123703867197,7.798397533595562,7.687134529054165,7.911003871262073,7.729984019994736,7.6541946646571155,7.678987505733967,7.725389834046364,7.734648942649365,7.541928857266903,7.6658355283737185,7.681887575685978,7.698609339296818,7.577753099501133,7.679313453137874,7.691258306205273,7.640287243425846,7.832929654121399,7.621181072294712,7.72199599146843,7.751042134463787,7.822641105353832,7.7101455914974215,7.855740814507008,7.657030729949474,7.738008334934712,7.76182482033968,7.808012502789498,7.750738538205623,7.982324149012566,7.695206656754017,7.747006843686104,7.6664328768849375,7.735447551906109,7.7286774289608005,7.740116825401783,7.911946931779385,7.7546942082047465,7.825255147218704,7.734522803425789,7.750245012938977,7.84926672399044,7.6641508421301845,7.912423351407051,7.836648316681385,7.774855477213859,7.667647795975208,7.7635912126302715,7.489631690382957,7.533218432366848,7.551149684786797,7.512344934642315,7.401299872100354,7.563264514505863,7.594984130561352,7.540460946559906,7.759390052556991,7.742309176623821,7.657590128183365,7.607374950349331,7.697888005673885,7.65516909211874,7.703175685107708,7.845182936787605,7.7860651406645776,7.685484134852886,7.770695260465145,7.788250415027141,7.738667651712895,7.806115430593491,7.743618717193604,7.6733641558885575,7.91917507737875,7.808915843665599,7.845204265415669,7.7279102542996405,7.869936527311802,7.876017212867737,7.799608266949654,7.791698371171951,7.9057839316129686,7.891543647348881,7.8247844567894935,7.85821195691824,7.998242791295052,7.752852310836315,7.929160066246986,7.889694536924362,7.80960281342268,7.779880585372448,7.7981775748729705,7.877277654409409,7.942170543670654,7.827084342241287,7.914660376310349,7.95861528635025,7.718341163098812,7.8925634428858755,7.755372824370861,7.844400367736816,7.720041286647319,7.873531726896763,7.684800521731376,7.8730942055583,7.9279821974039075,7.8182434886693954,7.950048788785934,7.895061236023903,7.767164239287377,7.892438308298588,7.783767004311085,7.891855639219284,7.8461289435625075,7.995185268223286,7.911508639156819,8.049391881525516,7.999510084688663,8.001135485768318,8.004654280543328,8.044290893375873,8.138218614161014,7.99863201379776,7.962216005623341,8.091342950761318,7.962308357954026,7.980958285033703,7.92378182977438,8.002327902317047,8.036315236091614,7.972939756214618,7.977234337329865,7.918310057520866,7.892768439054489,7.87995386749506,7.925709580779076,7.976762066185475,7.862692250013351,7.920236840248108,7.9306791323423385,7.951622330546379,7.607785190939904,8.041983853280545,7.7492770391702654,7.900608537197113,7.880942980349064,7.731600067615509,7.9315470647811885,7.777313914299011,8.067272823750972,7.703279818296433,7.922543090581894,7.971506023108959,7.8021120914816855,7.930102495849132,7.863688489198685,7.9420643559098245,7.847770132124424,7.890533899962902,7.815328908264637,7.774186164438724,7.822474114894867,7.7745715537667275,7.804341185092926,7.812311452031135,7.893698207139969,7.780731297433376,7.904766872227192,7.8720072698593135,7.9452427387237545,7.86170129686594,7.812130849957466,7.862460624575615,7.683367863595485,7.9188166460394855,7.704200059473514,7.915920543372631,7.764448238611221,7.866404840350151,7.763052447736263,7.782818811833859,7.732654456794262,7.844697080850601,7.692706171572208,7.715132256150246,7.871930874586106,7.756518554389476,7.879801312685013,7.915574974417686,7.824757730960846,7.896504776775837,7.878692398667336,7.807599934637547,7.8696514666080475,7.892281576693058,8.02122051268816,7.9058091074228285,7.900423799455166,7.934699200689793,7.754553704857826,8.062836653292178,7.894654720723629,7.983752624392509,7.916292766332626,7.933862538337707,7.9118945536017415,7.879294831454754,7.955755960941315,7.94217757999897,7.912947317063808,7.70904571056366,8.029792672097683,7.8467281612753865,7.96272332072258,7.747819613814354,7.811357611119747,7.858116564154625,7.672029893994331,7.9083373719453816,7.950527336001397,7.9117429456114765,7.940454668104649,7.963981451988221,7.893849384486675,7.844426536560059,7.991072208583355,7.755245676934719,8.00125211417675,8.029099477827549,7.915466593503952,8.055992245674133,7.958650871515274,8.15238956362009,8.042757686078549,8.352476051449775,7.986821379959583,8.007565107643604,7.908751665353775,8.01996234625578,8.02026487916708,8.054499191343785,8.045643382072448,8.151434555649757,7.953609640300274,7.87942613452673,8.076394443809987,7.837627875208855,8.026861029863358,7.9187051886320114,7.847975564002991,8.047836338579655,7.86718533873558,7.980544282495975,7.754300719201565,8.061065362989902,7.874480903744698,7.976625632941722,7.856667421758175,7.898335714936256,7.805652631223202,7.739668720960617,8.061295551657677,7.899884347915649,7.792693072259426,7.998493195474148,7.847755308151245,7.987186497151852,7.937951061427594,7.97728931427002,8.042251502871514,7.8285749551653865,7.980773158967495,7.826205818653107,8.037745392620563,7.909265452623368,8.028617821931839,7.930291340947151,7.915563929378987,8.119927721619606,7.797098941206932,8.14825159072876,7.852559012770652,7.93656262665987,7.699131992459297,7.874575653076172,7.838628553152084,7.76505789488554,7.7918720936775205,7.916697256267071,7.973825451433658,7.792131904661655,8.01386036157608,7.759108002185822,8.130752268135547,7.774470759928226,7.8731088355183605,7.655553241968155,8.033988277316093,7.662193781137466,7.937578119039536,7.746776987016201,7.925607182085514,7.907022826373577,7.876679533720017,7.921974719166756,7.962154079973698,7.844667656421661,7.968076767921448,7.925158206224442,7.7565995371341705,7.613052930533886,7.75670152425766,7.772189846038819,7.726579140722752,7.9819571805000304,7.7452720311284065,7.864233253598213,7.746847345530987,8.015486104786396,7.796709146201611,7.951570172905922,7.919837235212326,7.933117626309395,7.789803559184074,7.954848589599132,7.909121524393559,7.946609936952591,7.934175928533077,7.9947116276621815,7.964603509604931,7.898126206099987,7.959357418119907,7.883416904509067,7.938039159178734,7.856125328540802,7.86805695682764,7.830884174108506,8.002027811706066,7.991250961720944,7.798001953363419,7.900662904679775,7.996596215069294,8.068147900998593,8.011893918514252,8.05081211924553,7.939383257329464,8.004820947945118,7.872485035955906,8.035790777504443,7.9404256397485735,7.946568727791309,8.072361319661141,8.033425158262252,8.023224030435085,8.152232747077942,7.897046678960323,8.030657463669776,8.087728362083435,7.857599256038665,7.911023442745209,7.988742846548558,8.02629732966423,8.107053248882293,7.879454552531242,8.015363423228264,7.76759994417429,7.925871682167053,7.779855778217316,8.048942389190197,7.960720299184322,8.218703393936158,7.918348780870438,7.942613255977631,7.799710754454136,7.932457246184349,7.968838449120522,7.892495964765549,7.968680275082588,7.960355987548828,8.02349746108055,7.84058137178421,7.959160639643669,8.011021276414395,7.959296841919422,8.009511660337449,8.01011065095663,7.820428124368191,7.848424779772759,8.022170829176902,7.866868010461331,8.004155699908733,7.978340536057949,7.907153913974762,8.011314536333083,7.9062117111682895,8.09033717006445,7.896067758500576,8.170306094884872,7.9045425271987915,8.000583037734032,7.989170377850533,7.988181763291359,7.997392398715019,8.04098446637392,7.981379348337651,7.9948314717411995,7.838121916651726,8.067563247680663,7.85926441192627,7.968523226678371,7.8392459872365,7.947138303220272,7.92246917963028,7.838972453474998,7.897416495084762,7.909125001728535,7.813111537396908,7.870435556769371,7.810470598638058,7.923971638977528,7.78193768709898,8.050324641764163,7.874764837622642,7.955284934639931,8.085829774141311,7.849913895726204,7.949884674549103,7.885400784909725,7.897182751893997,7.791107688248157,7.930612800717354,7.955718855261803,7.881113780736923,7.966359065175056,7.9280753406882285,8.138301818966866,7.9806999325752255,8.028770037591457,8.075910497903823,7.915766231417656,8.068529724776745,8.113138042092324,8.132089816629886,7.9756145033240315,8.194906716048717,7.920546416640281,8.00919268488884,7.996890174150467,8.011217100322247,7.94042016595602,7.91109251499176,8.071815079152584,8.069071380496025,8.007780362665653,8.008672975599765,7.885366518497467,7.817721544206142,7.962356368303299,7.928084166944027,7.874012206792831,7.804773156940937,7.873429518043995,7.809487908184528,7.912765156626701,7.934774823486805,7.953882092237473,8.005894337594508,7.977216849029064,7.901347196698189,8.083842996954917,8.064475013315677,8.029144738912583,8.041664358079434,7.945115167796612,8.05211481153965,8.185280515253543,8.06671440511942,8.165683599114418,8.098745592236519,8.063228859901429,8.105460724532604,8.058442731797696,8.033999989330768,7.970328031480312,7.981444762647152,8.119249712526798,7.973689957857132,7.93952771782875,7.962129409313202,7.903346330523491,7.871723662316799,7.898049836754799,7.819860155582428,7.862022131681442,7.8575814309716225,7.8744923612475395,7.945889261066913,7.849009065032005,7.812127959132194,7.6326648804545405,7.651188146173954,7.837079244554043,7.731780640184879,7.809921452105045,7.868187596797943,7.859530676901341,7.75696274459362,7.707061938643456,7.5380003917217255,7.612628232240677,7.549263799190522,7.698316126763821,7.602779983580112,7.796745418608189,7.4602657151222225,7.611475091874599,7.632965326011181,7.648585540056229,7.585872094035149,7.59071987181902,7.674682102501392,7.617678232491016,7.737233404517173,7.623679813444614,7.6882867181301116,7.6937356451153756,7.78726133197546,7.664462471902371,7.7480524325370785,7.724348467588425,7.812986476421356,7.676309235990048,7.615437662303448,7.616889258027077,7.877054035961628,7.659259107708931,7.8199147745966915,7.515666252076626,7.604514108896256,7.708227634727955,7.506879723966121,7.620868195295333,7.559916713535785,7.598798374533653,7.543250556588173,7.609010508656501,7.682652779519558,7.792258040308952,7.837825593352318,7.796991678476334,7.66550068885088,7.766105399429798,7.7953857389092445,7.583972758352757,7.800565069019794,7.823287906050682,7.8768837171792985,7.841280647516251,8.015274925529956,7.695287236869335,7.802434628605843,7.688321701288223,7.635124451220036,7.576303348243236,7.670555468797684,7.704416481256485,7.664178645014763,7.8316645398736,7.823436516821385,7.603745142519474,7.829276124238968,7.776205187737942,7.665962163209915,7.5518808764219285,7.746789052486419,7.692095612287521,7.677486461997032,7.77585036456585,7.659414011836052,7.676739843189717,7.774555740356445,7.722845304608345,7.67737714022398,7.800978382527828,7.815474311411381,7.857092707157135,7.747326258420944,7.969717290401459,7.909005456268788,7.9227178484201435,8.035228713154792,8.0679557543993,7.999157926738262,8.039491667449475,8.079953598082065,8.086612384617329,7.952665950357914,8.125504088997841,8.01835619777441,7.981974554359913,8.111079089343548,8.022207018435001,7.8303471171855925,7.862419835031033,7.910108880698681,7.909777934849262,7.636494444906711,7.953614382445812,7.798598900139332,7.88646524310112,7.698079197108745,7.718412896990776,7.627122564315796,7.61101985424757,7.6992665728926655,7.543954104483127,7.456583558619022,7.543735900223255,7.552777651548386,7.577899110615253,7.544379832446575,7.943422603309155,7.553305134177208,7.892864241600036,7.571062277555466,7.682941675186157,7.574602470099926,7.720491178929806,7.742209525108337,7.74320729136467,7.768760572075844,7.5822391697764395,7.78300067782402,7.656190687716007,7.79235541164875,7.795337949991226,7.792237085402012,7.706185340285301,7.790572583079338,7.681079971492291,7.776587870419025,7.689585943818092,7.590042071640491,7.9150740337371825,7.833531996905804,7.696298134922981,7.79319292396307,7.66499645024538,7.856890195310116,7.633542659580708,7.714804018139839,7.597204966247082,7.712960995137691,7.501264406144619,7.667473605573178,7.723609219789505,7.682421573996544,7.793145618438721,7.659831199944019,7.673000027835369,7.666831696927548,7.714513821005821,7.702660038173199,7.7208657163381575,7.766971444189548,7.672981282770634,7.722562806606293,7.556799462735653,7.641237110197544,7.564371050298214,7.53157792955637,7.62028333902359,7.635585091710091,7.753981876373291,7.601354597210884,7.705669738352299,7.740811302661895,7.729370474517346,7.7376541978120805,7.541047059893608,7.712602781653405,7.926333825290203,7.749646477103234,7.877100055515766,7.839543741941452,7.761902195811271,7.865300591289997,7.708543836772442,7.812471161782741,7.904205324947834,7.869819839298725,7.78872787207365,7.8654983413219455,7.7864226612448695,7.834499958753586,7.788359023332596,7.861561383008957,7.775225393772125,7.70418530613184,7.630164805054664,7.671849293410778,7.749304132461548,7.780014560818672,7.853020578622818,7.930939321815967,7.891561980247498,7.934787040054798,7.890152640342713,7.754918843209744,7.861375439465046,7.769157811999321,7.627262187600135,7.713775989413262,7.511315889358521,7.863525206744671,7.7486485904455185,8.012609210610389,7.753642239272595,7.8316563439369205,7.842895383834839,7.902309370338917,8.00279446363449,7.927922372817993,7.9639107689261435,7.878910029828549,7.988689516186714,7.923842055499554,7.862106871306896,7.912736200392247,7.869928643107414,7.950446007847786,7.9189936810731885,8.077669434249401,7.923824122548103,7.957642333805561,7.821915700137615,7.743809324800968,7.753154487609863,7.765504639148713,7.962462476789951,7.707553140223026,7.941688523888588,7.843274838924408,7.755590706467628,7.822316625118256,7.767669457793236,8.009564476907252,7.566320676803588,7.803670257925988,7.905823458135128,7.804994431138039,7.875959963798523,7.856983428299427,7.8416113901138305,7.8875631085038185,7.663848990797996,7.715306631326675,7.6957672607898715,7.592332215607167,7.687200711965561,7.733045279383659,7.530786555111408,7.703860409855842,7.720598908364773,7.629328198134899,7.731548436582089,7.760989594161511,7.779256228208542,7.520209032297134,7.72920999199152,7.63865578263998,7.722923376262188,7.473427666723728,7.632112857103348,7.58625835865736,7.430406130552292,7.540532811582088,7.496478079259395,7.667713313102722,7.322350431382656,7.589713271558285,7.314792695045472,7.723026220798492,7.533963972330094,7.559649612903595,7.583446262180805,7.6539062312245365,7.6108615112304685,7.582794994711876,7.612589546144009,7.577826979458332,7.515322447121143,7.46388356178999,7.535175702273846,7.612854063510895,7.410285451412201,7.608881087005138,7.373360710144043,7.662855757772922,7.274560633301735,7.6746196830272675,7.471292918324471,7.684607964456081,7.4748080804944035,7.661022906601429,7.654063926339149,7.624268292486668,7.668477365672588,7.529211133122444,7.503540553748608,7.641333441734314,7.745896406769752,7.74129524320364,7.543979210555554,7.539351196587086,7.6755143228173255,7.600170978009701,7.693891700208187,7.744907110035419,7.644427798390389,7.742382968664169,7.638840916454792,7.721517925560474,7.787474475502968,7.762966613173485,7.696477845609188,7.733486236631871,7.724970358610153,7.774941003024578,7.732961613833904,7.901746432483196,7.845737391114235,7.7497400984168054,7.764157317578793,7.873963881134987,7.833375439345836,7.698578169941902,7.806092875301838,7.661132691502571,7.924420834183693,7.7389971420168875,7.999060570001602,7.833213117420673,7.78156515032053,7.761663763225078,7.68658849477768,7.870084472596646,7.648816067278386,7.770214940905571,7.682872293889522,7.767174222171307,7.815098133385181,7.7243248930573465,7.737058783173561,7.73070308148861,7.888770690262318,7.762203248441219,7.623972637057304,7.785431130826473,7.8423807346820835,7.6677453309297565,7.695308330059052,7.585046337246895,7.9070658314228055,7.70820950627327,7.803010700643062,7.739407352507114,7.734511098563671,7.774680207669735,7.505955506265163,7.863973758220673,7.6769339063763615,7.784997694790364,7.648204155862332,7.723421027958393,7.789848420321942,7.784724104702473,7.660661641955375,7.753687190711498,7.748889699280262,7.762219020724297,7.706354595422745,7.669037536978721,7.721590746045113,7.5867192605137825,7.711146150231361,7.558762937486172,7.659547016918659,7.643745551109314,7.529197886288166,7.6473504149913785,7.7215052092075345,7.642035798430443,7.724643828868866,7.769608876407147,7.760430433154106,7.449434760510922,7.610143650770187,7.498747043311596,7.514087705314159,7.521491421759128,7.548557240664959,7.399985195994377,7.607538209855557,7.354623502492904,7.5203621372580525,7.495849785208702,7.535316214561463,7.585424969494343,7.491251449882984,7.618569970726967,7.535615260899067,7.5797954070568085,7.469959504008293,7.570679075717926,7.44990052074194,7.499829748570919,7.3291269692778584,7.529508029520511,7.246871067285538,7.537661678195,7.449476386010647,7.497064104676246,7.538943238854408,7.647561183571815,7.649486176669598,7.653173750042916,7.745386433005333,7.57666069328785,7.699157091379166,7.706523802280426,7.7567997911572455,7.729382953643799,7.596417049765587,7.670167537033558,7.563299915790558,7.71676476329565,7.359530080258846,7.622742107510566,7.615065737366677,7.693995125889778,7.692560709118843,7.527226891219616,7.692356272637844,7.552615094482899,7.617552872300148,7.428321643173694,7.646777307391167,7.53256802201271,7.754286361336708,7.65546126306057,7.879649303853512,7.781738226115704,7.893243210613727,7.656285926103592,7.640790582299233,8.050898050665856,7.604410091936589,7.743059374690056,7.577524155080319,7.702801039814949,7.686143066585064,7.782145616710186,7.8083064839243885,7.726375457048416,7.764293358027935,7.671892505586147,7.725223323106766,7.784790824353695,7.667261487841606,7.7294008904695515,7.557732217013836,7.852592639029026,7.632186171114444,7.794960880875587,7.671588154733181,7.878581166863442,7.72547287940979,7.764223680794239,7.856998247802258,7.717184398770332,7.810232443809509,7.8152739575505255,7.758589295148849,7.9159234136343,7.679736294746399,7.728876133859157,7.819852998256684,7.578654461205006,7.802503002285957,7.55752056479454,7.890261191427708,7.654723791182041,7.804002170264721,7.8673095703125,7.845559422373771,7.935376352369786,7.92678044974804,7.9994295433163645,7.88797649949789,7.955569069981575,7.963829714953899,7.904430079460144,7.8089545831084255,7.971597971916199,7.833381086587906,7.71762842386961,7.701159315109253,7.68625003516674,7.694691979587078,7.7492482668161395,7.873833726644516,7.5981131687760355,7.778354522883892,7.714178928732872,7.76461233228445,7.757571050226688,7.923710062801838,7.915327174365521,7.7933559587597845,7.943440499007702,7.765503039360047,7.834358544945717,7.774296359717846,7.89471094071865,7.693625968694687,7.5001230952143665,7.530357441306114,7.774280242323876,7.542804544866085,7.737258209884167,7.409821999669075,7.822879158556462,7.67588121920824,7.747506973445415,7.772462995350361,7.7659377238154415,7.831321656107902,7.729793481230736,7.702849707007408,7.682745241522789,7.771152059137822,7.738257031440735,7.766990616619587,7.943485615849495,7.843582054674625,7.945988013744354,7.70218052059412,7.746959227621556,7.768447211384773,7.860462703704834,7.730759864449501,7.872957746982575,7.769221513271332,7.782216804921627,7.854965297579765,7.871949985325337,7.79911437779665,7.892807257473469,7.798255890011787,7.873895236551761,7.81781258136034,7.836267218589783,7.77980953603983,7.7811120569705965,8.011259726881981,7.960623607039452,8.079285424649715,8.083946321904659,8.180446998775006,8.179026173055172,8.125146349072457,8.15003479808569,8.138173120915889,8.220984232127666,8.165809800326825,8.152285741269589,8.171728139221669,7.953480735123158,7.9846716541051865,8.060411214828491,7.987542140483856,7.901714483499527,7.835557681024074,7.802337324619293,7.888045947849751,7.810738720595837,7.896168889403343,7.941104348003864,7.905480397939682,7.923765508532524,7.879528259634972,7.8735065841674805,7.879994826018811,7.740312620997429,7.709994913041592,7.768287446796894,7.7703257751464845,7.7840857771039005,7.624350678324699,7.5182737091183665,7.828294633924961,7.859878230392933,7.837754888832569,7.782413558959961,7.763448839485645,7.772693239450454,7.759116217494011,7.633429554104805,7.642555504441261,7.703724603056908,7.743739283084869,7.770348301231861,7.709558985233307,7.607765264511109,7.666032725870609,7.706976384222507,7.640881355404854,7.577196867465973,7.67201387912035,7.731754187345505,7.753704724311828,7.6880026844143865,7.773288961350918,7.749300694167614,7.828672750294208,7.781550195515155,7.788197809457779,7.731467257142067,7.733348149359227,7.601418935656548,7.579635147154331,7.534943335056305,7.39717355042696,7.624620407521725,7.534988832175731,7.665861594080925,7.495313724577427,7.6485417321324345,7.690667423605919,7.70045683503151,7.685523943603039,7.751832042038441,7.721491683721542,7.868158663213253,7.661371897161007,7.6906168594956394,7.881563064157962,7.722212752699852,7.647400270104408,7.498607089221477,7.604810016453266,7.660405592024326,7.726986061632633,7.765087985694408,7.744409342110157,7.9246223989129065,7.834343554079533,7.845715736746788,7.84252285271883,7.796794546842575,7.691346468031407,7.777375694811344,7.768326178491115,7.829252563118935,7.7229127472639085,7.645834362208843,7.812502334713936,7.7882300516963,7.911600912511349,7.900880707502365,7.80982341915369,7.663920264542103,7.725587531328201,7.804077485501766,7.804323657155037,7.733419657349587,7.820700742602348,7.659599262773991,7.872268699407577,7.747219388484955,7.7980319783091545,7.898363333940506,7.913837361633778,7.826090468168259,7.948282503783703,7.781975766122341,7.986358051300049,7.883790659606457,8.019558186233043,8.024996169805526,7.956881123781204,8.095869017243386,8.067615269720555,8.066041919589043,8.074579913020134,8.163594104349613,8.164484805762768,8.001109362542628,7.942605687379837,8.002082095444202,8.003810277283192,7.814549009501934,7.869416553080082,7.7984079053998,7.927182133793831,7.775465722978115,7.802423689067364,7.851315125524998,7.8867911127209664,7.861959026753903,7.8458811813592915,7.85181830316782,7.735313780605793,7.740370827615261,7.678734424114228,7.7065058800578115,7.676276991069317,7.755325492024422,7.570042180418969,7.6388780680298805,7.736833651959896,7.675729553103447,7.786665468215943,7.729655387699604,7.697118331491947,7.747818060815335,7.7533427816629406,7.693565244078636,7.697236976921558,7.790448250770569,7.861911181211472,7.821807848215103,7.869952600598335,7.9295121070742605,7.936014791429042,7.874009287655354,7.845407392084598,7.877431021034718,7.6492959654331205,7.7365711107850075,7.660211921334267,7.5889921024441716,7.3988348811864855,7.20690890699625,7.040324004590511,7.075057671964169,7.074363505244255,7.078906926810742,7.115100262165069,6.835386866331101,7.113156655430794,6.8538543364405635,6.844423867762089,6.9299546724557874,6.765224521160126,6.8457216048240666,6.959694891273975,6.890849391222,6.9309297031164165,7.164378646314145,7.000453637242317,6.951901551187039,7.200245988965034,7.11302093744278,7.068253651857376,7.080387125015259,7.057622569203377,6.984317946732045,7.147016281187534,7.151421086192131,7.121788921952247,7.122622323036194,7.116613352298737,6.940340942144394,6.9924673250317575,7.051896650195122,7.1676746693253515,7.32616813480854,7.314846169948578,7.424418288767338,7.334956088066101,7.4219746866822245,7.471209811270237,7.430808471441269,7.308403274714947,7.4690244427323345,7.385520261526108,7.251745599210262,7.323765617609024,7.379631837904453,7.3832381847500805,7.3612189167737965,7.325653383433819,7.277700304090977,7.058258659541607,7.177868330180645,7.388920374810696,7.212077881097794,7.228470954596997,7.3674294748902325,7.268168596625328,7.1826616242527965,7.332234939336777,7.368464743494988,7.398961868882179,7.350393551886082,7.354659114480018,7.210280619263649,7.213375374376774,7.3200443390011785,7.492371338605881,7.4770815515518185,7.499270691871643,7.527454278767109,7.428030888736248,7.565124100148678,7.562684162259102,7.518920896053314,7.501689531803131,7.72242181122303,7.614154601991177,7.487824087440967,7.547012795209884,7.567163969278336,7.4118578043580055,7.370282214283943,7.428909322917462,7.41202492505312,7.326060988605023,7.452826662063599,7.361485289335251,7.381301212310791,7.252110130190849,7.231345056295395,6.93341915845871,7.095934163928032,7.083679408729076,6.793983014523983,6.724346797764301,6.9160261651873585,6.691280118823052,6.810135785937309,6.880069870352745,6.93026290088892,6.683393082618713,6.680096006989479,6.886730970144272,6.8028414344787596,7.067021398544312,6.902077071070671,7.002211058437824,7.0292883816361424,7.14254792958498,7.181164645254612,7.150468290746212,7.345167311429978,7.441512224972248,7.408139764964581,7.4972743785381315,7.593251673281193,7.567628652155399,7.6093866994976995,7.655105931162834,7.5990342363715175,7.673271366357803,7.679977645277977,7.752312238514423,7.735135511755943,7.803150679171085,7.7506195893883705,7.746802936792374,7.628958601653576,7.791741180121899,7.751647158265114,7.702968247234821,7.682120170593262,7.68356210321188,7.594422670900822,7.667587116658687,7.686092545390129,7.7122066456079486,7.749320453703404,7.661237637996674,7.847610938251019,7.821073378026486,7.820399520993233,7.873761820197106,7.81342718064785,7.766048398017883,7.880662043392658,7.826528992056847,7.847655276656151,7.873527333438396,7.83405300706625,7.947843522131443,7.828396607935429,7.935523487329483,7.842321258485317,7.8050575041770935,7.871098327934742,7.832049114406109,8.043876144289971,7.8938732370734215,7.934930723309517,7.781509498953819,7.950667037367821,7.925941251814366,7.855985260605812,7.843951854109764,7.879032959640026,7.826839559972286,7.7698450589179995,7.83471931129694,7.726574324071407,7.730189321041107,7.763621555566788,7.849572660326958,7.917335363030434,7.815046473443508,8.053166062533855,7.951162115037441,7.955307388305664,7.958871076405049,8.008642140626907,7.835488780736923,7.949178960323334,8.034994623661042,8.003768720030784,7.902183475494385,8.065417697429657,8.053215062618255,7.9974699693918225,8.107783857285977,8.155848927795887,8.149483393728733,8.069793585538864,8.145540733039379,8.074840439558029,8.09304802685976,8.093735153973103,8.030269373953342,7.944884622097016,8.051513617634773,7.979546225368977,7.8851031056046486,7.960980169177056,7.909033835232258,7.965945385098458,7.943416245281696,7.955312265753746,7.997978483140469,8.087722620666026,7.9781538119912145,7.99728424012661,7.888649081885815,7.933342325389385,8.001354702413082,7.898562891483307,7.946471116244793,7.904591249823571,7.990754697024823,7.9081917014718055,7.923642542362213,7.894640960991382,7.948957369625568,7.956456843614578,7.97422696530819,7.8940143871307376,7.991183882057666,7.882993417382241,7.93550331056118,7.860924935638905,7.935194575488567,7.996144090592861,7.9444193285703655,7.936869163513183,7.995352299511433,8.01372553139925,7.9784946423769,8.017081208527088,7.950441642701626,7.942660587728024,7.997759239375592,7.981238996684551,7.913833757340908,7.83696810901165,7.9403114476799965,7.9399523121118545,7.924254539906979,7.935610685944557,8.03093253016472,7.893905327916145,7.930193896591663,7.887262582778931,7.887731541693211,7.813002773523331,7.949250487089157,7.85979328840971,7.863685739636421,7.854115093052387,7.882985907793045,8.011508795022964,7.937750062942505,8.02699480354786,7.945613850951195,7.921857613027096,7.977395141720772,7.913558796644211,7.945309815108776,7.930820513963699,7.960250909030438,7.955678888857364,7.932875838875771,7.967164731919765,7.897483822107315,7.99972455739975,7.8936765021085735,8.056322692632675,7.970417467653752,7.952941197752953,7.954542855322361,8.088678870797157,7.968632037639618,8.035469943881035,8.027419974803925,7.968785704672337,8.078115792572499,7.975240763425827,8.035430616736413,7.995559312105179,8.002862378656864,7.965017392933369,7.97082495868206,8.00449610888958,8.000491592586041,7.935527534782887,7.985541576743126,8.028046783208847,7.953810161948204,8.05597105294466,8.017359271943569,8.085557400286199,7.982431436479092,8.099910706281662,8.045443887412548,8.082623994350433,8.109480783045292,8.133365141749382,8.141101467609406,8.023137885034084,8.251327186822891,8.202908609211445,8.092025574445724,8.171404871940613,8.304487384259701,8.32351082354784,8.31128559947014,8.27296484977007,8.361583916246891,8.197495577931404,8.212981583476067,8.196727679669857,8.163018846809864,8.279190819561482,8.163191500902176,8.06833463639021,8.10888332784176,8.132775681614875,8.10743707716465,8.155261550545692,8.158757017850876,8.05795703291893,8.029692021608353,8.137406783998012,8.02909087508917,8.010898322463035,8.066735227406024,8.155301547944546,8.101050825417042,8.002136827707291,8.043176456391812,8.112994540631771,7.937981297075749,8.156764375567436,8.01626787930727,8.07025267213583,8.104918669462204,8.187690178155899,8.10390343606472,8.043000640273094,8.03844294220209,7.9754455667734145,8.056594009697438,8.049888398647308,8.03784450173378,8.116394287347793,8.120199167132377,8.180354940891267,8.067503578662873,8.228298456072807,8.127931831479072,8.06085203409195,8.135436485111713,8.072758876681327,8.074374402761459,8.005921466648578,8.00591263949871,7.922389607131481,7.980558187365532,7.893869573175907,7.986877110302448,8.010596081912517,7.996402423679829,7.986176395714283,7.8640005245804785,7.966596623659134,7.958996067941189,8.131053555607796,8.021552427709103,7.989568527638912,8.093740109205246,7.945463754832745,8.081528239548206,8.001481938064098,7.9978811955451965,8.012970404028893,8.020931351482869,8.071529065072536,8.000572383105755,8.161089669466019,8.090007504224777,8.115374893844127,8.123017184138298,8.094863420724868,8.061773741543293,8.117361960411072,8.109687411785126,8.172115349769593,8.162280684411526,8.216512576639651,8.28614443808794,8.193011597394943,8.180161869823932,8.279803313314915,8.10155503809452,8.121569196283817,8.016549505889415,8.176401459276676,7.997730244100094,8.07763343155384,8.05164972782135,8.03425431638956,8.097644180953502,8.039077900350094,8.16049544006586,8.016010899245739,8.076041806042195,8.128955610394478,8.066642305850984,8.087798710167409,8.12791185349226,8.018135966956615,8.157278460264205,8.11454834342003,8.249855746924878,8.188980866670608,8.124653185904027,8.159299603998662,8.10778193950653,8.250737940371037,8.224716509580611,8.257526562809945,8.183129653036595,8.276091748476029,8.230955499708653,8.208318664729596,8.293998656868935,8.287337213754654,8.306791435182095,8.337073730528354,8.243115068376063,8.257436835169791,8.199725365638733,8.17929610878229,8.10977694094181,8.0286771979928,8.13448668539524,8.151484857201575,8.098536454737186,8.080065712928771,8.106871837377549,8.03664277970791,8.073623219430447,7.989249107539654,8.154407880604268,7.996216759979725,8.045995142757892,7.958742022514343,7.888453477323055,7.854927330613136,7.924825543761253,7.863180043101311,8.012837093174458,7.947637886106968,7.84980319827795,7.9950666365027425,7.734348096847534,7.849904636144638,7.794402214288712,7.843401388823986,7.892011778950692,7.849772979021072,7.8503606334328655,7.747782191336155,7.812600789964199,7.829387064576149,7.7688944810628895,7.6219210809469224,7.643638117909432,7.693526074886322,7.766210185289383,7.8461156734824185,7.7599637752771375,7.824594686925411,7.741272915899754,7.802351233661175,7.885442218482495,7.884981622993946,7.828901092410088,7.7626266950368885,7.80024182677269,7.734562922120094,7.756748601794243,7.820978849232197,7.8209124758839605,7.878501498699189,7.778190453648567,7.793358200788498,7.816319656670093,7.796948309838772,7.827663950920105,7.604668021202087,7.848952454328537,7.866932149231434,7.754315193593502,7.763766008317471,7.7642536082863804,7.902989508509636,7.855122764110565,7.854596579372883,7.959997182190418,7.90615087300539,8.044652575552464,7.968166040480137,7.994594176411629,7.958534578680992,8.108175965845584,8.022557191550732,7.871134552359581,7.996387482881546,7.984863195419312,7.877229838371277,7.953981791436672,7.980055032074452,7.864740023612976,7.714260902702808,7.934301784038544,7.8135278576612475,7.99634197294712,7.907512768805027,7.836353042721749,7.948208155333996,7.763402940630913,8.01078858435154,7.8079626086354255,7.82527315467596,7.9394894450902935,7.88810188472271,7.999670621752739,7.896972822546959,8.013172567784785,7.984075628817082,7.911416825652123,7.982850891053676,7.964498299062252,7.901060753464699,7.938728210031986,7.9365706276893615,7.972302483022213,8.091422039270402,8.095683716535568,8.132613855302333,8.081718517541885,8.17622024923563,8.127259208858014,8.195347856283188,8.191246147751809,8.104693714678287,8.038492124080658,8.030413136482238,7.935727199912071,8.025720879137516,7.8708832195401195,8.030914355516433,7.9604777318239215,8.02905889302492,7.963663932085037,7.9860974326729774,8.03039929896593,7.924255953729153,7.920386997759342,8.046129958629608,8.089067026078702,7.8324241137504576,7.883185743987561,7.987783944010735,7.9433407497406,7.97705824136734,8.006376948356628,7.8665292826294895,8.084754804968833,7.842032551467419,8.161257492601871,7.906254820823669,8.076072930693627,7.937203467190265,8.008967654705048,8.031484243273734,7.903484260439873,7.911389605104923,7.982861894369125,7.92238694936037,7.969523805379867,7.997654339969158,8.054999811649322,8.034196054935455,7.97318726181984,8.077688369750977,8.003220967054368,8.079874761402607,8.051987209618092,8.033524660468101,8.146531631648541,8.021054404973984,8.1164985871315,8.010138867795467,8.050173760950566,8.039291449189186,7.93173006772995,8.05820736169815,8.043901970088482,7.93766300112009,7.920963338017463,7.933719251751899,7.910026262998581,7.9688462015986445,8.033097288012504,7.921177496910095,7.964505020976066,7.92441822886467,8.107386725842952,7.874793491661548,8.007866817116737,8.05029680132866,8.0021188428998,8.123421941101551,7.789619031250477,7.85229975014925,7.848078925013542,7.925678972005844,7.879030641913414,7.925319143235684,7.853180778622627,7.9895119661092755,7.8766397345066075,7.912539070248604,7.907631050646305,7.998592873215675,8.012586315572262,8.039140505194664,7.956947326362133,8.064080815315247,7.938045504093171,7.952345949411392,7.996012728214264,7.932991480529308,8.049770953655242,8.072654762268066,8.0194682726264,7.92618233114481,7.924126634895802,7.883806158304214,7.962161065042019,7.841247828006744,7.904175090193749,7.93170682489872,8.020327121019363,7.983071558475494,7.993858622610569,8.044804017543793,7.984236318469048,7.831843698322773,7.955174044072628,7.989481317102909,7.962488845586777,7.928686698377132,7.947012594938278,8.019410383999348,7.968524590134621,8.017906321883201,7.997068386673927,8.022971352338791,7.992959235906601,8.088001417219639,8.027749663293362,8.113062916994094,8.120811825692654,8.049919609427452,8.032573499679565,8.077401522696018,8.103569760322571,8.100543735325337,8.07300221145153,8.06773127347231,8.104233886897564,8.138045864999293,8.10203511685133,8.014181313216687,8.068368382751942,8.00498422563076,8.001974090635777,8.034463486075401,7.957344799041748,8.05407335907221,7.9208585986495015,7.96114524781704,8.045550211966038,7.907907780706882,8.06631547242403,8.026840737462043,8.023689556121827,8.030191209614276,7.952924262285233,8.143052670061588,8.043650782704354,8.072773585319519,8.082937717139721,8.082486539781094,8.027707778215408,8.109703651070594,8.07079023808241,8.03893354177475,8.045888679027557,8.022305551469326,8.027485919296742,8.041299383044242,7.9878907641768455,8.002757060527802,8.043852725923061,8.08085819453001,8.009665177166461,7.992134005427361,8.057295468449592,8.097853936851024,8.110908223986625,7.95058673620224,8.082499792277813,7.98267800539732,8.061492136716844,8.030166780650616,8.049980072975158,8.002809330821037,7.948921672701836,7.927810326814652,7.993671177923679,7.9426593199372295,8.007061716616153,7.919993058145046,7.888430243432522,8.032359815239907,7.883573137819767,8.060141262114048,7.935777486562729,8.031689902245999,7.902388850748539,7.985127547383309,7.982640259563923,8.032027979791165,7.965236161649227,7.969791534841061,7.991585427820683,8.039714362323284,8.086885278224946,8.089085987210273,8.060988784730434,8.050112080574035,8.101158711910248,8.09541481345892,7.99868179410696,8.097890233695507,8.04120420396328,8.101890225410461,8.017259199917316,8.165080322623252,7.9814005747437475,7.980977564454078,8.030397032499314,8.1120796084404,7.931164819896221,7.951212108433246,7.980854278504848,8.011059704422951,7.966004314124584,7.98544979095459,7.958589840531349,8.007497366964817,8.038140619695186,8.0720938667655,7.931178984940052,8.092275241315365,8.026794081032277,8.096355817019939,8.020448336601257,8.160560036301613,7.97175099760294,8.037199089229107,8.05587532967329,8.033027475774288,8.05909499913454,8.041507375240325,8.11419238448143,8.167641733586787,8.211517781317234,8.139318553209305,8.112568827569484,8.066489590406418,8.14772122055292,8.119787702858448,8.012781513929367,8.276710990071297,8.135844465196133,8.044297795891762,7.914424190819264,7.8124314758181574,7.764658431112767,7.854409197866917,7.872539374232292,8.042757080495358,8.018903075456619,7.859408320188522,7.763894765079021,7.758214527666569,7.830065693557263,7.7834965577721595,7.801781009733677,7.865120359957218,7.997979835271836,7.881913367509842,7.703567136526107,7.908988452255726,7.866431504189968,7.807964867949486,7.8055468615889545,7.975432026088238,7.997581998407841,7.937914520800113,7.876493834853172,7.911178125441074,7.958732186853886,7.906173748672009,7.95001624673605,7.961660407483578,7.950829755365849,8.027585482001305,7.9590638068318365,7.911321215927601,8.031453433930874,8.113854788541794,8.060471560060979,8.019007925391197,8.06984324067831,8.122643010914326,8.04422507941723,8.056015575230122,8.015834982395171,7.912007839977742,8.059905276298522,7.924760117530822,8.095131697654724,7.980312171280384,7.979967933893204,8.022769483923913,8.031395258307457,8.103315888941289,7.920499035418033,7.932363429963589,8.021187095344066,7.97261767745018,8.011199600994587,7.9510083472728725,8.007195613086223,8.17025334328413,8.006664856374265,8.208152413964271,8.016375570893288,8.081569191217422,7.970734398066997,7.980531730055809,7.823898523747921,7.941222098469734,7.911980440616608,7.879909833669663,7.917305861413479,7.961045835018158,7.985388722717762,7.946838479042054,8.087514378726482,7.894149974882603,7.9932260230183605,8.03894804596901,8.090780893564224,8.091635397970677,8.056133886873722,8.101837897896766,8.050723933577537,7.984590637087822,7.993815264701843,8.023928436934948,7.966161466240883,7.943821365833283,7.908689642250538,7.95153105199337,7.967450125217438,8.054432279169559,7.993492813408375,7.983630964756012,8.008010741770267,7.926744956076146,7.948654350340366,8.059037047624589,7.968568677008152,8.070648977458477,8.039336560964584,8.165787951052188,8.194953652620315,8.13499136388302,8.142362868487835,8.033904697597027,7.973761254251003,8.10084717720747,8.156156945228577,8.173211328089238,8.192284215390682,8.207786362171174,8.116850422620773,8.198782022297383,8.115984854698182,8.128392702937127,8.148923924863338,8.253758982121944,8.207403472065925,8.179028567671775,8.107650921344757,8.183788409233093,8.14610266327858,8.154402169287204,8.053141360878945,8.132546205818652,8.103002849519253,8.182434892356396,8.072820495963096,8.096282423734666,8.138394041657447,8.18220331609249,8.123404000997544,8.13693937331438,8.145385455787181,8.12975700378418,8.12591828763485,8.024216883778571,8.158649183511734,8.079797864556312,8.016802721619605,8.118218936026096,8.124967135488987,8.115751503407955,7.996158680319786,8.015420517921449,8.045321564376355,8.023806350827217,8.038517709076405,8.064894486665725,8.122839417159557,8.133520304858685,8.071611217856407,8.102369186580182,8.065852992236614,8.120070170164109,8.007325814664364,8.174131845235825,8.124293110072612,8.043753638863564,8.110448682308197,8.104030050039292,7.995492937862873,8.158064342141152,8.016259213089944,7.9639967033267025,8.134481659829616,7.913855517804623,7.9943333524465565,7.964251157343387,8.001202447712421,8.104716893732547,7.8960463005304335,7.9877604499459265,8.120687674880028,8.03455641746521,8.161535307168961,8.031111007332802,8.019398606419564,8.084113801717757,7.990838207006455,8.073556440770625,7.933772847056389,8.075300670266152,7.958648005723953,8.10286444336176,8.084727122187614,8.105067211091518,8.034327768981457,8.001719058156013,8.128301068544388,8.078005981445312,8.135977861583234,7.8510053130984305,8.12839122146368,7.951857808232307,8.087270792126656,7.998688477277756,7.804192962050438,7.934807653427124,7.959980390965939,7.948489454686642,7.889609114229679,7.817022178471088,7.907942554354667,7.788699812889099,7.794138621091843,7.678339928984642,7.66125344067812,7.692358855605125,7.675486173033715,7.706627212762832,7.553585727512837,7.647059131264687,7.591567870080471,7.711200879514218,7.795571572780609,7.815897470712661,7.791912179589271,7.84890936076641,7.881991972327232,7.759989839494228,7.859978615641594,7.966938621401787,7.974694532155991,8.071772218942643,8.029092135727405,7.9297672137618065,7.852039287686348,7.970064704716205,8.042547881901264,8.106792609393597,8.191978680491447,8.093067976534366,8.20930745601654,8.07620455890894,8.145079599916935,8.159244239926338,8.075396369099616,8.118431282639504,8.126610814034938,8.133903730511665,7.956956028342247,7.976432371735573,7.968169270753861,8.10892641633749,8.013142820894718,8.137468833625316,8.048787341713906,8.019773634076119,8.016440524160862,8.008515002727508,8.003813587427139,7.994280733168125,8.023783682882787,7.9936937144398685,7.832292892336845,7.774305210709572,7.927946642637253,7.997847236096859,7.766352861225605,8.054976001083851,7.876152754426003,7.822274103462696,7.838740758597851,7.785541336536408,7.8697490033507345,7.781549770534038,7.738527962565422,7.814648396670818,7.840264464914799,7.787796681821346,7.798032764494419,7.846566395163536,7.8250824797153475,7.735871840417385,7.64544292151928,7.6241456177830695,7.915523435771465,7.898905573487282,7.8412504342198375,7.761545581519604,7.883632877767086,7.757722754180431,7.845716343224049,7.784044641852379,7.919721144139767,7.864085936248302,7.711433625817299,7.71010227739811,7.731378000974655,7.737096482217312,7.608713800013065,7.7453402465581895,7.6795689100027085,7.716882261931897,7.753024851381778,7.603337906897068,7.775264055430889,7.757941477000713,7.783490886688233,7.876582039296627,7.760367417335511,7.851402206420898,7.9110707557201385,7.909418726861477,7.943780357539654,7.902358078360558,7.961413922905922,7.994126446545124,8.055080795288086,7.971000121831894,7.955308756530285,7.982756657898426,8.050629816353322,8.010749110877514,8.062048746049404,7.91725055783987,7.904205220639706,7.951216867566108,7.8601233005523685,7.855436906218529,7.740467344820499,7.863726891875267,7.897689719498158,7.776136683225632,7.993842955827713,7.855425452589989,7.840377801656723,7.779509572088719,7.850070424973965,7.79583120405674,7.758674448430538,7.72226385563612,7.925012060999871,7.75705680757761,7.9218891862034795,7.8585773858428,7.948788058757782,8.023951006233693,7.984718903899193,7.961244807839393,7.961997892558575,7.9712894654273985,8.003676952123643,7.945950449109078,8.092404165267943,8.110320498943329,8.085650677084923,8.146212405562402,8.134404938519001,8.092638048231601,8.183622527122498,8.158353012800216,8.177398309707641,8.187200264930725,8.152472222149372,8.162997942864894,8.189127844870091,8.028261156380177,7.988185365200042,8.122136850953103,8.061188596785069,7.96799147427082,8.009013177454472,8.102787802815437,7.878810553252697,7.967656907141208,7.961292791068554,7.964842047095299,7.87201311469078,7.964396896064281,7.838280165493488,7.852102068662643,7.866791125237942,8.015283133089543,7.842519997358322,7.899914546608925,7.953218615949154,7.8420596846938135,8.002667791843415,7.9142984753847125,7.959348264932633,7.923455623984337,7.892594084739685,7.972767263650894,7.915374423861504,7.992015475332737,7.970233818888664,7.9853031507134435,7.99345910847187,8.071486520469188,7.918785338401794,8.003026109337807,7.989467742443085,8.0054348513484,8.040928496718406,8.070455192327499,8.180239957869054,8.07613630414009,8.070833468437195,8.083428243696689,8.09602903664112,7.9433206087350845,8.093496477603912,8.016341464817524,8.060970385968686,7.97377925336361,7.942979287803173,7.982495782673359,7.911741347610951,7.817869347035884,7.890322839319706,7.954953257143497,7.95486103951931,7.956613358557224,7.9028317877650265,8.026338838040829,8.062512210309505,7.926173096597195,8.106687423586845,8.051030397117138,7.9685031667351724,7.995302754044533,7.9066852685809135,7.855055350661278,7.9209372255206105,7.843727590143681,7.877840386033058,7.955592429041863,7.9085016334056855,7.909908266067505,7.976163429617881,7.93894586622715,7.9773089250922204,8.13936132490635,8.029636743068695,8.14361536771059,8.112300285100936,8.084508544206619,8.075939278006553,8.164124523401261,8.040998154580594,7.980593619644642,7.971570391058922,7.926098563671112,8.020334441065788,7.971887783110142,7.919714169502258,8.008818798959256,8.019379420280456,7.977971377372742,7.933685958087445,7.99184788018465,7.92070823520422,8.012100340127946,8.001503945291041,7.9834072816371915,7.949206420481205,8.019636970162392,7.955722001194954,7.930774963796138,8.12683945029974,8.006200850307941,8.086294026076793,8.043365977406502,8.136226979792118,8.05698988944292,8.071473309993744,8.05488933622837,7.981209547221661,8.147268652617932,8.123396416008472,8.126060496866703,8.064996828734875,8.028857729136943,8.088268716335296,8.05056634068489,8.094217660725116,8.140148901343345,8.157753815054894,8.089176350533963,8.179714443683624,8.153316932916642,8.080264498889447,8.126302885115146,8.005853807926178,8.139618625342846,8.11169816851616,8.036837589740752,7.9821027135849,8.083456476032733,8.039105591475964,8.051755275428295,7.961352947056294,7.984748557806015,7.96277145922184,7.930760612487793,8.016643807590007,8.051961781680584,8.030990296900272,8.094851976037026,8.01160800755024,8.019888482689858,8.089291210472584,8.051271935105325,8.058879739046096,8.113299408853054,8.00852045238018,7.97109175145626,7.934832952916622,7.984119355678558,7.918983287215233,7.980296543538571,7.971507405340671,8.031142967045307,8.005914410054684,8.167265998721122,8.056182665526867,8.146395683288574,8.141159210801124,8.14669519752264,8.032328417003155,8.038774873614312,8.016846223771573,8.039368840754031,8.11913807809353,8.075220111310482,8.122148401737213,8.007401057481765,8.035048507153988,8.114538985788823,8.03260890185833,8.025865492224693,8.019165743887424,7.9120303773880005,7.939227654337883,8.022549610435963,7.962546628415584,8.024875720739365,7.908822089135647,8.025329977571964,7.9428161031007765,7.96042067706585,7.995514462590218,8.045510866940022,8.003962720930577,8.07886272072792,8.059193387031556,8.072403154075145,8.095983965694904,8.121771076917648,7.9635052782297135,8.084812170565128,7.9733775737881665,8.106026964485645,8.026081926226617,8.05602338641882,8.095619695186615,7.979106633365154,8.048675040900708,8.134656478762627,7.9580773043632504,8.029408216178417,8.056770052015782,8.01942609846592,8.070928817987442,7.9818073362112045,8.015195505023003,8.038738670647144,8.090620275437832,8.056331904232502,8.02553567558527,8.02155065536499,8.024615520834923,8.025883355736733,7.949514470100403,7.878054533898831,8.040151748359204,7.982043911516667,7.977998681366444,8.108596845269203,8.116813116669654,8.090582923293114,8.190234776437283,8.071488737463952,8.23998928695917,8.223199420869351,8.278072536289692,8.286072919666767,8.18513392150402,8.230521061122417,8.142074154019356,8.10059188336134,8.05817115932703,8.138795684278012,8.156214433014393,8.2112090370059,8.225223580300808,8.15924128562212,8.192791055440903,8.101682763695717,8.162653543055058,8.053379504084587,8.191851941943169,8.063110730648042,8.032279363274574,8.117152306735516,8.010288967192173,7.9466221129894254,8.001059612631797,7.9909774574637416,7.999296464025974,7.978702998161316,7.991094351112842,8.000359103679656,8.04713661402464,7.890077039599419,8.089931443035603,7.893210128843784,8.092230705916881,7.982477095723152,8.052542744278908,7.995973004698754,8.004534443020821,7.954701393842697,7.990485735237598,8.028497578203678,7.972891486883164,7.966396854817868,8.046645546853542,8.069586756825448,8.051482304334641,7.9930021780729295,7.953596818447113,8.024702469110489,7.956549070179462,8.13384370535612,8.038910179436208,8.042289675474168,8.132817830741406,8.117826961576938,8.06261143565178,7.943698243200779,8.056135457754134,8.111992934048176,8.039043579101563,8.02649132668972,8.02240024715662,8.049513812363148,7.992708034217357,7.961558023691177,8.0166004550457,7.857002479732037,8.030043046474457,8.000580490827561,8.042760358452798,8.029167022407055,7.987182766199112,7.99562213987112,8.150275396108627,8.129328578412533,8.097650224864482,7.960874499380589,8.055292749404908,8.059026346504687,7.937303076386452,8.046752117574215,8.053697762191296,8.034969172775746,8.031067287921905,8.124767806529999,8.044248189926147,8.117319911122323,8.068275706768036,8.10300146907568,8.047458904981614,8.004484358131885,7.988737987875939,7.938254936337471,7.979042515456676,8.013954628109932,7.998671573400498,8.001440071165561,8.046631568968296,8.06192279368639,8.076659691929818,7.998899671137333,8.024266554713249,8.04631692379713,8.034072278738021,8.060156271755694,8.130537022948266,7.990484570860863,8.156182847023011,8.061091589033603,8.074373295605183,8.07206154614687,8.14204313158989,8.112814067304134,8.086843714118004,8.121203466951847,8.076184253394604,8.128706683814526,8.193077616989612,8.1862515437603,8.18686361938715,8.206299191713333,8.11583277195692,8.140783240795136,8.130195705294609,8.192775313556194,8.162718510329723,8.122498246729373,8.209559203088283,8.096324284374713,8.061294206678868,8.102774740755558,8.145767047405243,8.168229798078537,8.191925059854984,8.162482913136483,8.083247681558133,8.169061422944068,8.061122658848763,8.054391108453274,8.092159933745862,8.085420449972153,8.138411226272583,8.025561388731003,8.114158129096031,7.995866070687771,8.02435635894537,7.976454918682575,8.099684419333935,8.036182430684567,8.040305165350437,8.02788989931345,8.000076858401298,7.96005537033081,8.01178816497326,7.947107835710049,8.020503920316695,8.052208342850209,8.022629732489586,8.044994648694992,7.980064595937729,8.07915579020977,8.063984331190586,8.061095197200775,8.119697687923908,8.036593871414661,8.083365038335323,7.99685928106308,8.123509839773178,8.10667618840933,8.081127982139588,8.226705106794833,8.096962507367135,8.02410548478365,8.070373433828355,7.989071717262268,8.032894929945469,7.970189362168312,7.989941886365414,7.989471756219864,8.019158915877343,8.055124715566635,7.952429875135421,7.966248662471771,7.975012940466404,7.94233160585165,7.954457548856735,7.9219938352704045,7.890981910824776,8.10062417268753,8.044041393995284,8.068831199109555,8.055480202138424,8.1695726659894,8.142229577600956,8.068468968272208,7.939207797944546,7.91271183013916,8.042758856415748,8.076445243060588,8.067885482013226,7.950705509483814,8.053644846081733,8.021240477859974,8.00738921314478,8.054463006556034,8.047276002764702,8.052248624265195,8.045343697071075,8.053438409268857,8.064058786332607,8.041295616626739,8.077572420835494,8.105080781579018,8.084904813468457,8.059272826313972,7.9853210496902465,8.049677410125732,8.004663984179496,8.146259517371654,8.034932751953601,8.006289426982402,8.009860716462136,7.973235086798668,8.03429064899683,8.004194952845573,8.00617704153061,8.005097448825836,7.976186095774174,7.889720780551434,7.970701934993267,8.089727959930897,8.035039872825145,8.065008905529975,8.079930465519428,8.146120673120022,8.052535463273525,8.013689140379428,8.10199621975422,8.06225575298071,8.16017552524805,8.162342509627342,8.104587987661361,8.090878174006939,8.10917438417673,8.137417955696582,8.12495733320713,8.1014790853858,8.2111241710186,8.129299021959305,8.152189109325409,8.206952790915967,8.16275749117136,8.135020318627358,8.220236766040324,8.112360536456109,8.177328010499478,8.058726953566074,8.09334528028965,8.044430800378322,8.05002472013235,8.128829264342786,8.093363489210606,8.07680710375309,8.14960834801197,8.047412717342377,8.000576219260692,7.96900651961565,7.987173526585102,7.884811816215515,7.754696721732617,7.873610147237778,7.905717223584652,7.8826154473423955,7.903704860210419,7.883419633507729,7.9353201234340665,7.921963917911053,7.6803905776143075,7.763272985816002,7.787431474626064,7.862171413898468,7.769771368801594,7.901788976788521,7.802745926678181,7.7439994886517525,7.757528453469276,7.760136699974537,7.690546482503414,7.544671831130981,7.543805375397206,7.716226202249527,7.7501528376340865,7.7465254971385,7.741493788957595,7.69363422036171,7.778927185535431,7.830976113379002,7.775111949145794,7.790091641545295,7.830089305341244,7.81700187087059,7.665732846558094,7.626255058944225,7.558139573037624,7.799421860873699,7.618085265159607,7.628453465104103,7.671994932889938,7.593051124513149,7.795200785696506,7.649643805325031,7.695617955923081,7.720931539833546,7.785045991241932,7.818032295107842,7.704412812292576,7.737909550964832,7.804456341266632,7.715065769553185,7.7871561402082445,7.6827926054596904,7.707821775078774,7.713289766907692,7.833292665779591,7.665383394360543,7.5712854024767875,7.649482209086418,7.595692590177059,7.629260786473751,7.559252027273178,7.761276175379753,7.722526784241199,7.694273379147052,7.908512953817844,7.821934127509594,7.805399746596813,7.734100872576237,7.856166652441025,7.740332969129086,7.843821933567524,7.815747589468956,7.856396319270134,7.875466111898422,7.82133974134922,7.921797051429748,7.813481864333153,7.73766497939825,7.911334337294102,7.68399688154459,7.947826815843582,7.82892304778099,7.797471778392792,7.806928862929344,7.885557070076466,7.949242695271969,8.02696362823248,7.971633482277394,8.000426784753799,7.999608556628227,8.109491594433784,8.160976173877716,8.18027934640646,8.157622188329697,8.159328970611096,8.16650575608015,8.143341656625271,8.213313563764096,8.230500526428223,8.150114197432995,8.151997726261616,8.275498076081275,8.090297442376613,7.952926436364651,7.958705043792724,7.892313419282436,7.840809110999107,7.893105575144291,7.92020782738924,7.94146855711937,7.932823075950146,8.037841996252537,7.99823143273592,8.08395127594471,7.985839343369007,7.976743894219399,7.956672501862049,7.906593426764012,7.919676405191422,7.982994889318943,7.934890137314796,7.974466987848282,7.988967189490795,7.888700309097767,8.037634174823761,7.977956901788712,7.959755037426948,7.958098487854004,7.9603737062215805,7.938953557312488,7.958721533119679,7.909693423807621,7.976881076097488,7.900308251678943,8.016294257342816,8.002052549421787,8.008421985805034,7.9722891601920125,7.972660795450211,8.004496295154095,7.862086474895477,8.094027037918568,8.023774477243423,8.031174702942371,8.09070701688528,8.071401029229165,8.111480840146541,8.000758700370788,8.082040334641933,8.000605455935002,8.010704031288624,7.9807818642258646,7.939602039754391,7.969695918560028,7.946253589689731,8.001741990745067,7.9047416153550145,7.920821970999241,7.853230136632919,8.061828774511815,7.958515658080578,7.980566062927246,8.04215544462204,8.00226028084755,8.11921732634306,8.096676789820194,8.105336356759071,7.99364189773798,7.94263411551714,7.926880040168762,8.026315596997739,8.005410913527012,7.970872650444508,7.904380901157856,7.863951141238212,8.02872093141079,7.902705921530724,7.865829545557499,7.924778041541576,8.013059348762035,7.9583018562197685,8.100465796291829,8.030698434710503,8.14830619096756,8.099491971731187,8.136711155176164,8.05119772553444,7.9640082183480265,8.070620635449886,8.107903415858745,8.058589185476302,8.06534519970417,7.994984839856625,7.988942819833755,8.04151830136776,8.0053836658597,8.062785232067109,7.979538932144642,8.041585032343864,8.034067242443562,7.921711793541908,7.9208792132139205,7.990445132553577,7.981549509763718,7.968815130889416,8.103773607611656,8.055519019961357,8.122089451253414,8.048507634997367,8.004712558686734,8.025001815855504,8.04759921401739,8.057798156142235,8.049359341263772,8.062961561083794,8.14874159872532,8.170713391304016,8.248772738277912,8.227791404128075,8.152530609369277,8.19057264894247,8.185268157720566,8.188321616053582,8.159190123379231,8.199690444767475,8.175760112404824,8.201934032142162,8.120155813694,8.177817277610302,8.16265660047531,8.103682729899884,8.23847606688738,8.120829185545444,8.061746864318847,8.046287907660007,8.111671894192696,7.933758751153946,8.00998068600893,7.995721255838871,7.900227685272694,7.956688627004623,8.131126101016998,8.071265109181404,8.169745423495769,8.146325461864471,8.144518431425094,8.142468015849591,8.111187770068646,8.088775039315223,8.125381400287152,8.090535486340523,8.114942546486855,8.045482512116433,8.122062672376632,8.109166878163814,8.044131996929645,8.031346227228642,7.992673581838607,7.963821534812451,8.007036797702312,7.996419936716556,8.025590329766274,8.05097891420126,8.080948226451873,8.025087615549564,8.146118254065513,8.087881951332092,7.945356107652187,7.9237832635641094,8.024343554973603,8.051016991436482,8.019704352915287,8.031975999772548,7.954246906936168,7.997264800965786,8.032286784648896,7.991688714623451,7.903449167907238,7.957783410847187,8.038707677721977,7.906205412745476,7.963751269578934,8.020607487857342,7.984681595861912,7.9462357458472255,7.998154010176659,8.017683129310608,7.877401636242866,8.030687987804413,7.982902719676495,8.083305413424968,8.076576584875584,8.087232556939124,8.041049411296845,8.095181578695774,8.188885026276111,8.097517921924592,8.126263720393181
