8.34484240166223,8.341419490858302,8.328900712079689,8.488038880446316,7.322734255821761,8.547989364716544,5.904425512359787,8.542287129949168,5.712607418218004,8.71911151990606,5.624238233643893,10.495070467994871,5.775767514243099,9.447439015473563,8.48597033894001,8.218985766557365,9.574518780804562,7.269616652525346,9.538424366063762,8.085905686461688,9.309309713405879,7.3423720989686805,9.76891685775793,7.177153629421571,8.678599645669273,7.800546970398483,8.100466931384686,8.891727931061771,5.975636360043038,9.898530483323475,7.349387378760931,7.836942355148501,8.9469343405186,7.1432684517062,8.623194040389121,7.6421826486879425,7.560759761789821,8.924686829553307,7.189936762849494,8.183745220281814,8.552778522496432,7.82380486491137,7.9719761152876005,7.159117471675082,8.094539724408348,8.847735452698556,7.170552494091296,8.109595937781666,7.6794494113978065,8.338537982056549,8.536344865852357,7.638711609905593,7.889375399680196,7.631267245275287,8.162659912118698,8.287424457582345,7.72646404559104,7.758040583717334,7.783748237670718,8.16029111961835,8.112049370771281,7.713052402570231,7.791865374663231,8.418351052347582,7.52798022652356,8.910046316202122,7.299824335156013,7.934096516715373,8.250862918893505,7.437025176994509,8.620343446747102,7.972011625319729,7.396944513407853,8.366764480698244,8.156344777181134,8.440096510006127,7.55747345357513,7.8979933300428184,8.02316934113702,7.966223147409047,8.456452053096156,7.595797255625956,7.5328986073254365,8.788583122317998,7.8156941862683835,8.10935926350145,7.814144691570359,7.791293278823924,8.42872341827801,7.330545510224384,8.458278484375537,7.757698716251188,8.15136615570946,8.581869017680496,7.621151728602135,8.4706835022693,7.851151379675923,7.951877723839142,8.159679216453815,7.851174932581691,8.212669116985062,7.69565071109683,7.953563551011815,8.243484153899685,7.911669032219806,8.189426346831032,7.6920388135841815,8.42399108515122,7.87174862092672,8.2275824327767,7.951373300667239,7.78473572735365,8.215530146605655,7.850944228206459,8.61686529456018,6.949453306179498,8.85812929061553,7.586069327378653,8.665039051196858,7.699949232240527,8.003799222937483,8.824054045798269,7.795036011757336,7.879334560368839,7.9923646374264194,8.16189104469494,8.208901238525295,7.80099567423886,8.689755285391595,7.520968361875671,8.495747624393562,8.151173422914006,8.29823163806462,8.526933455488965,8.081943780028581,8.100472018302739,8.018103798984868,8.35995951085663,8.401382969943818,7.976148507225645,8.287142042238276,8.385248652513459,8.071181537626941,8.422203041113303,8.052995375751838,7.9127912169632895,8.426801611998439,8.390229732602224,8.623177524612606,7.884037918187687,8.169019083113731,8.837851319372044,7.243391249636193,9.17127041727616,8.195020115061986,7.816673894990243,8.819935974174502,8.276930321756138,8.547440190392868,7.8498168697953306,8.55189678672702,8.608068584504858,7.409716675756507,9.129312939749422,7.586782706383004,8.554896386160214,8.430546501300618,8.030883012926216,8.724198438695954,7.817358265910306,8.700108133389936,8.159643701519826,8.279044162801789,8.203001843448737,8.255986141276866,7.96822633846043,8.376642196777597,8.59492728529499,8.10560864355416,8.363831870158524,8.256749201895058,7.864678022411351,8.686177158405394,8.391651221395792,8.500549751340111,7.910108106651662,8.692731325197975,8.481329817855741,8.075618690596903,8.339673302704478,8.586595715613427,7.830893521395831,8.609220694576711,8.352487597493466,7.886559979518262,8.721343294254826,8.259843697575862,8.483009059041128,7.719052712557225,8.84163432414955,8.014436853481465,8.146809646695239,8.76255009655221,7.28946101858902,9.393257968019086,7.994283221348509,8.466263613812634,8.332019550421597,7.967240468015283,8.817392192923785,8.005440283864745,8.180680008986974,8.694971602506325,8.312299267736584,8.391940182813764,8.532954114995285,8.016894049725195,8.351530289755523,7.81619943244694,8.974582453755055,7.927662818087274,8.016693881110607,8.791250038205968,8.027142836591239,8.654977816635133,8.015132625664902,8.451764473061397,8.032322740623115,8.23350141241216,8.545263203708465,8.192519369246448,8.650576972144979,8.07977977956646,8.337315517471493,8.130186087572957,8.044482117689535,8.671534171154114,8.402813343129441,7.847559037276863,8.330227584944428,8.59223583896956,8.3221346340639,8.143065714870279,8.236600004288686,8.376902016795562,8.412734039401025,8.530943519709021,8.183482399995759,8.543309774383292,8.711169641589136,7.988934802093241,8.239877642684936,8.754697969540343,7.883282574781535,8.963741020349177,7.607618675328178,8.779535138191045,8.393335558933527,7.900693585434937,9.26054371944009,7.6634283180690135,8.543930111018332,7.998756688184423,8.56909383683777,8.471037059857832,8.103596347843617,8.664418119511888,7.757151518020167,8.440541688076541,8.693149390288951,7.808483714138478,8.725738132478059,7.807951644988117,8.50439300450808,7.883212595088415,8.217997438528895,8.357815503117948,8.477383675671502,8.061771725782513,8.931865002693,7.347913587652153,8.27912746534684,8.822561946921063,7.245006959040966,9.294541578367365,7.916141286914555,8.703225014743717,7.70571228124202,8.428413500816884,8.559877689455956,7.837427946267038,8.81379417618117,8.006403517744822,8.906342871657895,7.804603083779422,8.595386932513998,8.457264520733938,8.27767896658121,8.651879397428916,8.11578814896135,8.65277301986082,8.110570786530161,8.291448934593557,8.608254385072128,8.126200849556684,8.368153782890499,8.821467969066786,8.439731010546296,8.676233306008715,7.914144941357282,8.717264712372186,8.862146786799045,7.938900964840633,9.249311945124854,8.420453362474227,9.07602667914084,9.571923755773666,8.152623371159047,10.057584996301076,8.693536573465304,9.534423361908036,9.864617030223226,8.99494947160906,10.983043638256698,9.031558574776488,10.904080144943059,9.860781716471552,10.310521842157481,10.26410919674984,9.907173572586244,10.349801105627183,10.029175047961388,10.433519434072089,10.130726665661998,9.991030261156475,9.576441923234006,10.580321100316953,9.78833710589758,9.664464222968881,10.365047087746996,9.633839257399876,10.08967969628363,10.092163289266963,9.375286877717215,9.905807372163997,9.753672619881122,9.357059574248284,10.15650028437688,8.5475514079289,9.852599403423582,9.379620915505427,8.802855766341102,9.312249734078858,8.949123952034874,8.68549432575083,9.101261430820465,8.666574300865964,9.495009594969464,7.958628309400141,9.384966040675852,8.705126408667624,8.608655073208125,8.955565050228822,8.765083867119015,7.400422121041149,9.532111747826773,8.501898566403746,8.840964899119001,8.635410339416326,8.616817785336957,8.895888852172853,8.660048433359101,8.278405284043412,9.125083405639367,9.041362874119866,9.243534732855247,8.820871395183119,8.345493908924992,9.50997521702512,8.432351856346564,9.229279715608198,8.694514176392317,8.482488707614452,9.198302756411346,8.79409999095215,9.044139872717995,8.575244485878708,9.352763796852294,8.020513651824254,9.895799112472078,8.178779140574244,8.91890520574837,9.221918054626645,8.610597689688838,9.982281114713615,8.264267095612993,9.316280270566555,9.372358643564718,8.372012080270807,9.18981293218522,9.43671333895377,9.16564472297518,8.500977679307892,10.120355608065937,8.878398380291971,8.776141160102572,9.544412721761825,9.062039919852602,8.976721060828629,8.688631233333933,9.18646904668151,8.608301516541601,9.455255277765309,8.693570119033888,8.961157178909842,9.816077034001562,8.3551470881266,10.056477646020568,8.489717443579197,9.78769829277261,8.920314753561602,9.020117973390358,9.685006788245726,9.166550014580922,8.785766284012556,10.389229274832969,8.362292629353089,9.37453020390435,9.03767414583205,8.342957198241116,9.977086076832702,7.694719100979475,9.564396458671753,8.280147298987343,8.554509672227637,8.496576418069512,8.09664235499999,8.893707966835558,7.875319695596903,8.692424829596044,8.510645937075228,8.123203729710863,7.96820398248112,8.34796981050013,8.785464756110073,8.236393495633587,8.692305267474934,7.977417872504651,7.940905563424661,8.389807147135349,8.642064970995621,8.335266453738644,7.903825221223144,8.400024309245259,8.632227287370101,8.242490855269144,8.26368401824808,8.24915261753215,8.170633845416216,8.520889423436806,8.045736643889306,8.32860253155543,8.163268940051404,8.474488332731038,9.054840251042831,7.17289668760263,9.13079820647216,8.476055268285187,8.05127567868991,8.232976311858133,8.440713596440242,8.461875378716126,7.629300928165523,8.371867767417193,8.821875652357328,7.954535782843217,8.453097795456038,7.874914029197154,8.78985929308771,7.706090801435839,8.665167234502745,8.24863657392873,8.035856625599175,8.759157683424043,8.149841979055985,9.08794669262445,8.687760093801977,8.04294170099622,8.55978915319158,7.826742424064634,8.532893417368964,8.528484519080582,8.049186323232336,8.225466597642138,8.6540965558154,8.344664981005103,7.939925887196644,8.948285194414991,8.142824276102095,8.012071190907939,8.916472729773584,8.17808984479247,8.085703303463145,9.26437574483766,8.071629722624406,8.012657422044633,9.182358056133005,7.698534380163383,8.797764146005125,8.163895755795151,8.853934410143035,9.122745213567603,8.131971226775407,9.568681020832944,8.7528371849501,8.865897596435012,8.975145913235234,9.741463860555877,9.071390740483391,9.82504968365035,9.05941049110456,10.385862007144233,10.115481207932671,9.941887772617255,9.7037891512861,9.602470841559905,10.253056138179591,10.209724441639473,9.775197587100184,9.956257801124218,10.119453145985817,9.966848816073826,10.523186816296864,10.238103957253834,10.665207739875974,9.511070548094201,11.086960988178237,9.907767103317518,10.202222559110588,10.563406855709243,10.00584992133393,10.953197165572405,10.117605909410258,10.78879933556853,10.278236376869819,10.318800965420296,10.859333128950878,10.525885228312898,10.090529581143848,11.638162079968804,9.935145152177055,10.818349919285016,10.433904369448635,10.262783144172296,10.565778931689772,10.417107089192932,10.394127739996973,10.467268725487727,10.45754410287677,10.836928199886666,10.502106734386969,10.337075372807076,10.710880434162307,11.259834747578333,10.118253073714069,10.32336151793911,11.198658503678946,10.303515345718106,10.034853090404859,10.56151271161935,10.835416677560044,9.923335169966657,10.25705331147029,11.12502622996768,10.066746575453642,10.227316892755544,10.886007542725043,10.600145570936935,10.009609697482874,11.940400732227916,10.304867071139952,11.071615320326147,10.119016882966598,11.49014567958502,10.258960161202912,11.128284038680924,10.389623855672168,11.046186721020694,10.524957448172707,11.070707223995905,10.652709012118489,10.873603816044838,10.474526612454417,11.439288301526883,10.49390765865645,10.678715951129186,11.565216177006567,10.252013957093796,10.727274094664814,10.799582471049712,11.153520699472486,9.946843722391266,11.28159733775383,10.806102482111514,10.520150481251392,10.084841183706512,11.129541800630596,10.229114768135688,10.748972613330322,10.320555386546394,11.008169497683031,10.516130712556976,10.819565419408814,10.781257790637524,10.682642439001564,10.05023582649729,11.04185926162949,10.133681261095544,10.399351514841756,10.557539324791493,10.60564801906547,9.87440870871148,10.631331497229025,9.844909029978652,10.675218301837653,9.487145716737347,10.690005285379797,9.07943626022278,9.729274572444472,9.246861832806232,9.103889435886728,8.598040361547232,8.527973385791617,9.148442382899436,8.559854014565557,8.268068740026417,8.45065621948181,7.9402901163728385,8.519091273391007,8.675573958580705,7.898523551002153,8.491952305783837,7.50743291585086,8.900955792500959,8.218474535088374,7.977741855656117,8.628719215442747,8.161582328922435,8.499305537299573,7.845106461582092,8.767268568131463,8.149829325679077,8.183289111269028,8.022178125477712,8.82640884114741,7.660427607599031,8.697239363792674,7.948935055810345,8.73864306742637,7.445470420916881,9.06254272180921,7.523520769163354,9.11458927357881,7.892229355995863,8.760395280833677,7.3689648332664195,9.185115811427446,7.595826964446661,9.188589528112997,7.559296573729572,8.839114539272472,7.757732438178119,9.029914238036932,7.538634698077422,8.729005525627496,8.267953805917262,8.378424164907397,7.686822710180042,8.831627514961497,7.741267085125059,8.93664680773704,8.145375379569217,8.487750145078957,8.2262471763262,8.156391896291955,8.552408773501725,8.760656606772304,7.997681474735348,8.247956540094076,8.597768755986676,8.03025460063791,8.058860994384945,8.77287181477374,8.35455892861201,8.212088097681612,7.7099051752717624,8.07484496696232,8.697487238024683,7.85924406254044,8.624930372353035,7.998904894900827,7.979577332542598,8.521394691507654,8.259791031045228,8.320725491618129,7.9325266180777385,8.777126854018631,8.288280411831423,7.996473739653213,8.757038962434368,8.795207597951727,8.383240650243447,8.864659278842943,9.143688100914794,9.082632536928493,9.512962935495516,9.545222883320738,9.3978307840073,9.379829721602936,9.933537176245217,9.710920623730262,10.006585367436847,9.931875715324049,10.146512591478741,10.0032691650962,10.300280162890767,10.534156542907793,10.19102685369863,10.561484385536376,10.488591391670841,10.572900520389291,10.149281167139623,10.324931812391942,10.764258238937096,10.069794387978826,10.678777909347179,10.069945820005003,11.07776335537745,9.6034968883296,11.452252884901446,9.873041850191866,10.453440838803862,10.308818668502708,10.000999240096052,10.033649463749816,10.182791055891057,10.152611841357638,10.309496524979686,9.91127861692882,10.466909958034146,9.849306039906432,10.029948676222329,10.127893491846836,10.137518913376471,9.45814795787758,9.612324001484875,9.857647588926692,9.424543707867478,9.277369186471539,9.745395055844773,9.78311139501943,9.258140644061703,9.544933330606062,9.900844081950698,9.38409750184356,8.784232014709474,10.275018699721759,8.92385198030001,9.692902348659326,9.364662555757302,9.801016909669478,8.927599151687087,8.932415678187596,9.557851793471118,8.657944578252122,9.14434227088778,8.804907671104507,9.570793187165027,8.364151341601596,9.275476557820427,8.814467290019007,8.652781919495524,9.713375518902529,8.84210952670625,9.056663662039997,9.091400883824887,9.089280511926251,9.325862945619363,8.889457692274215,9.876448297671367,8.848998039367931,9.391394359630855,9.520753717518737,9.501084610981259,9.308098945574226,9.001690375454116,10.321819321739813,9.038211000574144,9.269892346480253,9.318064881361414,9.22503143040775,9.26150358113772,9.232947248512271,8.989401908929782,8.643216028356315,9.407620768643307,8.406689412243054,8.726843700505183,8.079213973147183,8.805769334866987,8.43840074831,8.497601169723408,8.506311935459584,9.012028302236784,8.723009730422259,8.52515648944615,9.709863084818561,9.18459053337886,8.625960484550657,9.750015170251345,8.584714835252,9.44941952052838,8.789004329741012,9.156851737073946,8.85181276328242,9.455199438224872,9.060475860716167,8.774967763060715,9.010518474665794,8.697991991080356,8.728982629859832,8.895934639045361,8.532803878809027,8.181430014682322,8.4925488940285,7.6773853455794425,8.507477236790594,8.32551886186936,7.55180161000851,7.716701831010488,8.45159527983828,7.870724860215569,7.6654710836273985,8.32517719851187,7.41394244011492,8.342094351782784,7.541088007977238,7.669328776526584,8.380581281719119,7.746044568133858,8.23906245723678,7.965146695192291,8.102765543982395,7.819594089578224,8.31699231155528,7.152484102239836,8.699442771983653,7.641055980793519,8.138132214623823,8.749258276022363,7.918355031109733,8.187058547114344,7.319755394089352,9.095100368553165,7.6970286218014925,8.335047844008862,8.191829405895755,7.611661844309425,8.521385074621078,7.67963053326123,8.460731843067345,8.122233860123291,7.555051487026122,9.111870812525364,7.414610387881603,8.751288691585273,7.557515524982791,7.640682276835053,8.094734723161295,8.211541716589913,8.157391960232838,8.458782318190991,7.0336890736160225,8.976582415591317,7.69331247154003,8.27206860366589,8.586342947132273,7.9380629282568975,8.209993416800483,7.99399104024595,7.932687436214967,8.486412253429503,8.051291215115544,8.499656110809505,7.750113845889774,8.575356702910128,8.323121593569727,7.543697968473044,8.714379781850935,8.097279948353155,7.8846871520330595,7.913265323763102,8.619797827800127,8.248840756410123,8.066774309271334,8.428645518406615,8.07245888527794,8.681923346634344,8.311733903953195,8.273337188701465,8.779305945461006,8.237468732030452,8.537274563921004,8.907967360451208,8.779210513200002,8.424172968932748,9.166963089092956,8.798791056762774,9.21861167349233,9.810574791043392,9.226552867957714,9.74942872537612,9.821280067538236,10.046787779958313,9.437318394662206,9.705684130837534,9.991186361390492,9.884140650819381,9.612575163890932,10.641618451237068,9.492626122537393,10.560497718884934,10.02281996938712,10.808167224939302,9.837508198882778,10.485775575734067,10.463194870095093,10.109528517847275,10.588674823914978,10.121118886082758,10.994920809905363,9.656614104344834,11.146271324263273,10.741782302980631,10.19520495046242,10.621354665805908,10.494949673752624,11.22013439487977,10.674142019397902,10.946738653353734,11.205163575274257,10.315876241832365,11.102634738034887,11.361233695161845,10.24105196101903,11.475824271415677,10.324166312351217,11.033228979216275,10.679768928683684,10.61112180335759,11.09976982416896,10.36518341177455,10.976216430806874,11.037194031852616,10.694537452844292,11.370697682521625,10.613233648411319,11.566281787039095,10.507313785695796,11.725313198206328,11.128788943386953,10.821631040725247,11.295494521300627,11.293028028647733,10.722852923500675,11.661335167133565,11.176637105190514,10.99666255683018,10.49128079430512,11.555025777875763,10.756189127129826,11.009936750506371,11.210141968879237,11.184877111477165,10.75733518518819,11.456195595863594,11.861152770997338,10.953965865227715,11.297930812959876,11.985570343149206,11.177805217805638,11.192677792649103,10.997885313139617,12.015692255211375,11.078841527098177,11.011406005028025,12.278669580634062,10.866654790130765,11.402225434438641,11.565213821580018,11.43808492771661,12.1989804622562,10.888276780278742,12.284056170567249,10.858989656542748,12.272369903710981,11.701120794362703,11.44555851280069,11.097654518339171,11.683512116627153,11.8330737878227,11.067023403331024,11.508835840442535,11.688905265911796,10.860025511899353,11.91635531250698,11.400228878160323,11.280972589583453,11.11279738354808,11.228562892073153,11.41377538027553,10.784300742301479,11.430058242970462,11.237424886835123,10.694866846281425,10.830707029479877,10.127337477871542,10.359348152171213,9.53420430288962,9.9458700781533,9.044519273902612,8.849523262105272,9.184923833956331,8.512591694913196,8.226988303217425,8.51675976194753,8.440327652165054,7.893384560554608,8.222347171300411,8.00544797241999,8.968985798995332,7.781836352416633,7.948690595602005,8.871136024578796,7.979866453347115,8.35164176945886,7.950029704173414,8.339615983053433,8.470970025149494,8.231479412162066,8.017100354221968,8.512044672047109,8.160233543527632,7.9432460233134625,8.547427413131432,7.948868765834106,8.38174635225287,7.972900442223383,7.8962215662499355,8.333482321895048,8.11644143120697,8.022864852029219,8.115430536263942,8.009999242760252,8.304779629757014,8.521767485703663,7.878340016476198,8.408787988827886,8.423686397674816,7.888769408318532,8.610569770823554,7.587978633915392,8.6176201545292,7.931797238395868,8.783973847453804,7.257060949358475,9.101358548266205,7.378461648107823,7.9474653521025,8.328990217217566,8.071832813381537,8.637813061879337,7.397032491726186,8.617196732576325,8.053627548304705,8.0003489904975,8.261022020460427,8.403719703791054,7.658393512762469,8.830073641849072,7.6438768348967105,8.314715632594512,7.943696914811937,8.807225326591492,7.47400281626111,8.091110646243527,8.02404101947634,8.154549001793697,8.3544255763696,7.606581363681089,8.609952900971606,7.851772983645407,8.584273749425398,7.874387879421321,8.261659013846277,7.755362233289836,8.051119338109478,8.662234828996793,8.085079287601024,8.841220292144776,7.883393743683903,8.643920931903034,8.759218350391224,8.994866386524725,8.445886009292067,8.530032116978752,9.266990372709323,8.634557765110717,8.949748566759142,9.648225339961563,9.448493719234454,8.818776378699901,10.0579784642098,9.551446161347764,9.105694316936049,9.322891999374468,9.849176134144281,9.419043045130882,9.712770042497059,9.529756393500929,10.63018427671245,9.0149086534915,10.561331378084931,10.497229138532045,10.012437912126398,9.880181377523904,10.560708655457336,10.033754107619961,9.797928147421544,10.521726193542916,9.746478653990987,9.984990377606218,10.509009644559908,10.380788192966348,9.88946528448104,10.46206523236199,10.252016052290191,10.833726518818498,10.588002367134528,10.473275728368524,10.53525886073089,9.966063126682629,11.244498767008393,9.949863229881366,11.242727558355165,10.333254936331278,10.89029059333107,10.96052950976728,9.91096254458963,11.447319689861816,10.36520209047324,10.603396261290968,10.323253639306268,11.289986807129662,9.911609490470356,10.8664879560688,10.6231231900522,10.371557841369274,10.46399300405136,10.890710889923707,10.488186246029425,10.612816067890588,10.905349139350788,11.169367845760046,9.9502887842556,11.135890434480592,10.083762135685747,10.823577458433197,9.728245477837836,10.430953186129543,10.807855565197153,9.496807511414726,10.926741312046856,10.46450664724535,10.663126079731944,10.739305015656488,10.628302394080299,11.084936497866495,10.842877997554229,11.316728947696594,11.289326785293724,10.705303349572556,11.525623563950264,11.167630473387746,10.579523177261787,10.929747028530896,10.946407034102217,11.40542369477762,10.745551762714372,11.289326818588508,11.18547058215676,10.458053449740026,11.887192439225814,11.096444474387301,11.295443348980825,11.627568102118875,11.289758313394469,11.069946493332592,10.948033283346653,11.99888075185319,10.603574845495958,11.480130210028346,10.723775655928389,12.054258469728131,10.30155184848546,11.790587260381631,10.626552593450382,11.511982351498064,11.087282314406096,11.42376840419447,10.67221007840088,10.380789452654636,10.640760337890448,10.984807146241275,9.953399950222439,10.31213101690016,9.89817649851865,9.916557275935402,8.7575595150826,10.01175917538195,9.061795928080887,9.314461718642477,8.730785963156581,9.015559434046361,8.427453109792754,8.632575390891493,8.279213908215375,8.831648673148216,8.145696003086252,9.336945814204725,8.28665147217302,8.812835993928225,8.06095247078067,8.949908160300318,8.354357236002892,8.345402381041408,8.582345157743752,9.282400534677643,7.566656969164818,8.966553505010292,8.499880094531314,8.49061809067926,8.566936245107414,8.631429320446536,8.132913091791185,7.976320084662494,9.711984682104877,7.914547928807642,9.229888191356649,7.721305733782557,9.083339697917314,8.476657465950906,8.414587091508643,8.572029783421517,8.011623303474247,8.86344718369967,8.638968462062389,8.247019072597235,9.255881582296778,7.41357650676122,9.75246192464917,7.957161540150029,8.00049936961694,9.136985048477861,8.217219727573307,8.385453960377111,8.820377280286836,8.095681445219872,9.2322323666451,8.191241680265726,8.388976733231306,9.117864873049173,8.03443994239284,9.118819156711313,7.715633507783844,9.286532964830611,8.72577122316076,8.483351183909313,8.450636763678252,8.737286824354292,8.444922604657098,8.612527454442667,8.648065578512238,8.473526718209818,8.818564769842983,8.821430765188621,7.9877028790240585,9.147346197248758,8.157400478490949,8.046266937305539,9.917380378743026,6.964863666531945,9.626145460245525,7.844092672488971,9.557102348444376,8.071880017298595,8.459276574247838,8.99648283676556,7.991778024689612,9.020075303216789,8.245240573988616,8.550170114552614,8.065334274399413,9.153523975474151,8.250624372487275,8.550549615941332,8.544698964258044,9.17227437889515,8.255908856497468,8.526589206748962,8.351390778565168,9.578863955580953,7.509228869595883,9.117600745263832,8.198363713289933,8.139089675055205,8.669516029398277,8.839684886069358,8.635062805305557,8.801145851177486,8.44397544591999,8.667998119409518,8.121189863275127,9.086328141236068,8.211240043699132,8.40954251012145,8.595495829697088,8.407251763440058,8.780013038770617,8.27150668722889,8.753069113784791,8.18439360244511,9.46827400980829,7.7130632840034945,8.199516200137644,9.000988601737978,7.929126836828276,9.036283593311296,8.06299994569583,8.909131084571916,8.560252644627674,8.178974556953966,9.184712788586829,7.612326087973397,8.865790615224602,8.77880585111058,8.288843283824013,8.377743741994113,9.179584249531242,6.987163922417292,10.066611850823602,7.756977162503955,8.795204135853188,8.648226109569283,8.128323890821397,8.555040789761902,8.148134660807758,8.747637948015095,8.8915267105618,7.9631528798149365,9.169373097478735,7.371987825495507,9.634689690725272,7.8048388452859045,8.751053721516715,8.558655660742284,8.218810303782433,8.78455522349416,8.313312030894071,8.966675525748494,8.215876256100222,7.794967151734365,9.50492492964803,7.616280383107568,9.280214814202253,7.975862621472536,9.362483553097906,7.854189098452536,8.172376797677337,8.683679678061369,8.922614741449566,7.956160703770205,8.79094683176218,8.542251412443205,8.26478193383044,8.539271528323503,7.909797529273983,9.193603683592144,7.761853229648753,9.06501494986317,8.277252532069893,8.054924669324738,9.143228510882098,8.01035077771483,8.154634049603104,8.689080640890957,8.432234161415458,9.159576122335482,7.82375915821953,9.722620069601897,7.685613049532605,8.750193330862883,7.846884467278925,8.651013051125542,9.139413255707684,7.700241831842195,8.81808619602895,8.632394583777845,7.877543905399128,8.868220562015981,8.695320251484723,8.227120364311471,8.737374060753124,8.262120054320754,8.607918674492598,8.481175681216031,8.898431229668992,7.874719261297343,8.71914729988514,8.211135211021961,8.994099200277912,8.190648104709894,8.128590578216446,9.273696270997961,7.686060928388818,9.155393276310848,7.795015882610662,8.897827396526324,8.94034303766987,7.9505652246934755,8.752286448602886,8.767263005341727,8.00087066746628,8.852023865797879,8.28519226847528,8.417109154829147,8.447497695976256,8.512352576286855,8.749943202178317,8.080776967120677,9.049904418981956,8.349453279611975,8.933757616033168,7.744386792279166,9.130113288977505,7.851159169304505,8.919738099214943,8.319702745492888,8.450273101947591,8.680737788214671,8.346906539968534,8.503091388776289,8.492657441229882,8.34319952118522,8.681043362620608,8.797656060227515,8.572567658557878,8.666406837602468,8.22671047598435,8.866102191035958,7.883897764285413,9.093300626802582,8.324667167750507,8.951687535357983,8.083112682405249,8.439264955626191,9.086426202909411,8.231715879517928,8.552616335911067,8.534584667341175,8.545870203164727,8.426413536065578,8.09694873056686,8.927389561732621,8.372532729220898,8.159272264627127,8.994062697490069,7.982280104740841,8.838544901891934,8.462811742875115,7.831687792719659,8.670217183179544,7.958209820821269,9.34537941187932,7.544888625213263,8.742554375765234,8.119639155448734,9.021503050879899,7.482740795187039,8.807014212676647,8.773722183288397,8.133482212101429,8.526685963751138,8.075500545644521,9.328027800641348,7.986555022321028,8.327395298018441,8.840006335343556,8.069233815319224,8.91608685312173,8.413745743812383,8.266327815105527,9.290591477503392,8.984351218429717,8.590944953005152,8.814786442772807,9.956749410734837,8.59325466833389,9.34108560381769,9.746370845887203,9.464836525938798,9.694866870039467,9.678019242345682,10.603004902948948,9.5589533376073,10.225021806762882,10.205189296895032,10.149409205497568,10.391713284564528,10.91554287071651,9.431090753658998,10.950314855718375,9.515571134782721,11.607182289318496,10.128642039432517,9.88745894352286,11.671010143452639,9.661009987931092,10.874080105892704,10.486640996097911,10.450641743823278,10.43405690681501,10.423593203596164,11.008204950562996,9.603268206681449,10.852747510190444,10.745998827110366,10.441495524564152,10.454124341153863,11.142234456225617,10.889800533441214,10.61099830353013,10.708904158699648,10.92494479667707,10.745412659899653,11.162311802993848,10.120108144854521,11.136864995186535,10.368729383650562,11.192002816343068,10.567311019108955,10.259530326010054,12.050829396399982,10.008487074965004,11.81444418915858,10.367462950836261,11.122767830866708,11.70945624746693,10.02121499461434,12.075038385580605,10.806645384108037,11.031645891315623,11.15084970109476,11.232153472978007,10.823265726243466,10.998389137418329,11.116503388530894,10.726191192877799,10.556422393930468,10.658569149191814,11.178351560666542,10.047833609686558,10.814135664210976,10.691675150872529,10.887260081482438,10.628916073928911,11.331820383270587,10.778410824940861,10.668425899570197,11.650647586950418,10.913530186836926,12.06441788487447,10.594361511322994,11.835004663582271,11.280017939697336,10.930782567181945,11.939843745393059,11.063310383961856,11.236986105147137,11.451736018344148,11.165209884637353,11.254931769523159,11.133965417065975,11.436031117507572,11.21416570007181,11.80249434205083,11.201303352437298,11.416151578066255,11.33958114073923,11.455855049270522,11.193368470364568,11.33092414966164,11.206114283682165,11.993950025740387,11.060048230293525,11.351060498443749,11.652697905649745,11.316132913737876,9.405836113089089,8.21972063649757,10.361621936031943,8.855145395391943,11.053565058711303,10.26272973543345,10.147942240837356,10.430640610720356,10.410324475311997,9.992058119842175,9.610421594580027,9.222623781378704,10.325487258958956,8.451136434640125,9.311151773541559,8.416626586069674,8.753807003016906,7.555610106618461,9.111289711113411,8.375121958817676,7.846870122992752,9.032603656838972,8.147914452602475,8.668580209783599,8.131523414704338,8.982847580083968,8.109464627321199,8.622508674611659,8.025092046794802,8.33187970266989,8.45039589603743,8.331076260687174,8.183940649128838,8.127815779767321,8.271898198196052,8.341925650642574,8.759183833192425,8.258074157818541,8.09461957553713,8.402081821526721,8.451282201831551,8.376427132695301,8.465645224660026,8.210584868484496,8.22838341430141,8.793736776451903,7.752068046697734,8.192325560649245,8.624721820897745,8.193125918501375,8.920296308587629,7.895622716977579,8.939093686140467,7.593311527309326,8.78445271700001,8.315336136895553,8.521861358641967,7.890462870694084,8.155147793892159,8.584642499073732,7.916641685574633,8.435888781615853,8.647856124018642,7.7395528727335305,8.101289816883712,8.327009447136284,8.669446242482723,8.13090956036313,8.477814802167327,8.140410999332875,8.786651047862456,7.7542523242191805,9.176434291911633,7.9233827477445296,8.465860458419979,7.890577867602317,8.664377984100343,8.163369568878174,8.197774097596614,8.143479954789713,8.666986558924751,8.030278730479388,8.475827567105505,8.16851550976126,8.231938022666931,8.315100894973932,8.066299032255397,8.29153277313648,8.499214998328448,8.729619067286462,7.657032429765297,8.813567992237719,7.948744925673439,9.340430063366282,8.607006305775926,8.83516933445199,8.516630134594948,9.074793561029571,9.037311373775218,9.641841013090078,8.65633945672153,9.487048784311254,9.54915886117457,9.21100522727086,9.974545764013518,9.913042199093242,9.624234890065479,10.119992519396682,9.90986583907469,9.830505335920815,9.983216491847624,10.252172554110503,9.992539309582998,9.965249579524015,10.17002405369035,10.208051058858027,10.486533211808045,10.427156861427564,10.374132479739698,10.203895009116595,9.734066382454102,8.977395629969747,9.228330240336572,9.557341480370003,9.944476993692433,10.388529964446413,9.500903304203739,9.795665805938977,10.511159027315069,10.082425178590555,10.37090600302755,9.759769663925608,10.66218847188479,9.64116150860055,10.377860530981186,10.142791965616262,10.080890430596982,9.538941510294888,10.334180117718267,9.571013930443065,10.019796233347943,9.87697243891037,10.013260117576783,9.833198151582247,10.132346550993017,10.420300798512388,9.886265281823789,10.51191327486499,10.449141143982624,10.837456769964978,10.23351898394837,10.768266680904985,10.614483916380767,10.777809927122057,10.757467580999569,10.5468481551887,10.912345000396805,10.194006977130986,11.224024764181431,9.833353490972286,10.635627942330528,10.061001584216347,10.519135207173738,9.565907959075039,10.382398057126766,10.58331009885608,9.920043255876145,10.177582470964035,10.924103981203722,10.115649715506798,10.55039432163662,10.12041081824652,11.485123719333986,10.070294795197759,10.447028274623069,10.560108626562494,9.885668491547321,10.398392226345232,10.30800453380683,10.400793671732163,10.275197813206677,10.30788808547272,9.620277010065829,10.588316776364433,10.372158103066822,10.401417499690643,10.134312315102061,10.042693536023936,10.731938580706105,10.688441429336876,10.18536850752621,11.105220297065882,10.71197520085922,10.277215911115846,11.180663066099717,10.944137631536783,10.884634295584023,10.353490636035195,11.382992203778905,10.336021488451724,10.81607227146937,10.655968447805705,10.755154746187241,10.077677838479495,10.612187314204263,10.144965501896431,10.526841543375838,9.92336010276652,10.611078561864185,9.531620487331734,9.497095074656745,9.416364314196024,9.519631422146547,9.011717250834543,8.505770011090995,8.213526537095516,9.26628319179951,7.654027917043623,8.622735825696349,8.208223451658473,8.151784170152007,8.404236134657026,8.149329369602112,8.304533103037015,8.203278789635135,8.119884877263889,8.508553916125878,8.40085098558417,8.14963893514438,8.39255176556608,7.857260276818035,8.058331779579953,8.501475266547263,8.526034571736442,8.121696648681546,7.971320632997288,8.56130827620937,8.368296358178691,8.178222634404285,8.43461968146576,8.01533866890086,8.508301140901954,8.245278674236818,8.140626321764051,8.133888943766564,8.891530577683213,7.936105813117086,7.892870114439485,8.557724027795109,8.110497345145179,8.330384283143415,8.171362306655704,8.344189130871877,7.499527196971084,8.574398139038443,8.395797442467895,8.14951502612172,8.088928511686012,8.582990265016765,7.878008150182052,8.541001888386296,7.6854827204005245,8.791943106747556,7.451412047439573,8.974048144420001,7.756667139067633,8.273991387508199,8.189606907901673,8.399951286402853,7.580384201065954,8.412775591028243,8.190162296428664,8.46300072963661,8.344841137904064,8.16907668310529,8.215070438509196,8.245004622538893,8.456867764623226,7.687001406749097,8.792536368382487,7.576482143489029,9.064923737638955,7.325207570142429,9.223973450719702,7.4471556664072045,8.499143410737947,8.270806520562628,8.211075375679268,8.699879122761402,8.250624790259957,8.370679861235754,8.458177488365532,8.40240395549065,8.64851135069816,8.21405840124315,9.289283004853267,7.935118807852276,8.896764268924805,9.357606089611862,8.940048045258361,9.0884753104703,9.478068937382986,9.521778010440382,9.624307918700714,9.652402369634572,10.323865702695539,9.574977788024905,10.392494546057051,10.361256139793756,10.347499749346962,10.294002679002796,11.07157494651465,11.072476465453713,10.614408942352373,10.520132231845846,11.05817004211558,10.912484224553541,11.006982105340198,10.925526786961912,11.100477664110569,10.90392097874856,11.163715604947267,10.517380672621863,10.8590372221203,10.873381888543577,11.734480993275843,10.297423882571374,10.777506598628447,11.136538314030823,11.672590214864664,10.276332511048158,11.787517190075791,11.143870988910406,11.089265802403299,11.545754850454012,11.431752522618826,10.837169093250617,11.034219806830718,11.452422858386617,11.014979899482189,11.07485298170088,10.8602196331819,11.614397208367789,10.27026424711882,11.528574963680782,10.762949785295264,11.220548582108076,10.328257177465922,11.084962398608534,10.79703309638737,10.818037681759655,10.913915588579462,10.725918775678933,10.500576711681994,10.711966544243829,10.29102807533308,11.348978098987919,10.291752831640979,10.752970123396576,9.998228835140681,9.854307654447247,10.674866377919303,10.002853495761146,10.129994509800662,9.769245120103795,9.592475939787317,10.222047020032397,9.401424398453297,10.763471390887487,9.477785870612923,10.493472693565625,9.883983533953643,10.339303970349347,10.430943388942023,10.172102748931712,10.362644664853205,9.88446549238949,9.933150238062579,10.962777680497004,9.844592888945106,9.937688241110509,9.868761010266235,10.511815197927271,9.585779223547641,10.846514832576126,9.906804742900048,10.339412218978023,9.76110619087084,10.9879249344611,9.017408058320493,10.432795758306373,9.851644000255828,9.882825406299297,10.050189229988817,9.457415577018027,10.401258488756929,9.722987497377533,10.005493055464093,9.141197742590073,10.522653324188056,9.25460913849375,10.472044583450394,9.38452836329429,10.18111634163498,9.510359006955612,9.55413205634183,9.090088741503047,9.00263848592839,9.78379422954285,8.744091906625167,8.289837528246775,8.77955781176998,8.449407018798723,8.543390567873926,8.100980058678745,9.050969830558957,7.475857830125225,8.203245251694081,9.412782477404315,7.288870254637057,8.86412111293836,7.58449368670894,8.744017960646511,8.26146696570641,7.863852477114036,8.282091283959657,8.298359037473187,8.199586400970205,8.73645565522215,7.706713542075214,7.960339812360092,8.670657526090132,8.273238275575773,8.51105967245376,8.133959426938878,8.529250764943049,7.744934908033668,7.978676308750493,8.924546816855061,8.554825271613286,7.6080505057362275,8.321159056716919,8.564389152492717,8.213429147827759,8.12470835612467,8.200211435354635,8.312545318709075,8.651297206974911,7.196311698968838,9.144066770554844,7.7096665183672135,8.626566180403666,8.373941556935518,8.152887572332606,7.909921449733286,8.532938777062432,8.208088870135455,7.735299136166779,7.9072963524734075,8.877466054152087,7.686689607764913,8.349691813554005,8.239200669334588,8.101339302112669,8.459707309746504,8.035477329402552,8.371632083014903,8.217906166197121,8.345209952437639,8.461708291092277,8.113456157700476,8.689227173880996,8.22169810967831,8.411979785071075,7.957574997957184,8.924459281063962,7.6492450505898715,8.43668840889199,8.15941184151298,8.57132746608308,8.00383055499135,8.222670760157836,8.208685587982966,7.957707706562563,8.55002530481978,8.297543157665068,8.275594081006334,7.929607216951756,8.612887623899939,8.695483468075604,7.903307560964806,8.69386718951477,8.023793108159065,8.60655926703787,8.789165230787681,8.738695417478072,8.347287076062843,9.279747012260692,8.97664778815894,9.290397820513087,8.827942574660616,9.97975676637455,9.194694618315758,9.425073490127314,10.259344230707129,9.701779702336852,10.396993842146683,9.553859767013554,10.608887488519166,9.717430873982002,10.076736131853751,10.404238374757904,10.391887224282462,10.205541028122743,9.686478290765871,10.882316742989556,9.871071139418845,10.622704423138261,10.405436863045534,9.981906290159886,10.60787331213555,10.56871918405718,10.350415927118947,10.474730531781304,10.808161010000244,10.626094832525911,10.774572403070838,10.202437603104254,11.224593691046666,10.27416836454845,10.415009444321832,10.972105690122904,10.257995575986197,10.880764588409425,10.043073134546495,11.270133480209244,9.699448825990174,11.032176299219339,10.238784078753879,10.623455606487903,10.095426602469152,11.137280807619302,10.769325522504136,10.089962570325797,10.429943936433038,10.946815909541533,9.78102220736756,11.387382840256523,10.219964739050111,10.945990103812276,10.173555995163834,10.99236185952401,11.138583617288004,10.057679792496701,11.173567850276212,10.523966515737909,10.753810889388758,10.452518358317526,10.377638459273939,10.883093212194131,10.241108277377998,10.52305681721619,11.148161376205591,10.476363400531325,11.107050501893593,10.585511818093572,11.042182718388124,10.404276311018828,11.696943421450758,10.478567821647363,10.444648428134014,11.940480186625695,10.522673662252116,10.820415143178165,11.360006590041648,11.01800102727799,11.330639988103265,11.460412702721863,10.808480943817033,11.357771986204519,10.963081143473595,11.195100748188182,11.567626534573117,10.631627933618933,11.292166094950717,11.479937512570375,11.18789133563949,10.879791285743325,11.720355401163301,11.141920851853994,11.136539328716081,11.206659156990556,11.086843657608462,11.415631246709584,11.05269624727158,12.096929847070328,10.526489030992003,11.558095309495311,11.301721595957261,11.42345879666818,11.253138695772124,11.261179192646724,11.850248469471312,10.879949157920986,11.048996668088568,11.576759924044216,10.99361695020771,10.801421904753283,11.051201477109773,10.438042984058473,10.059544245818024,10.253913496195665,9.417147692808276,10.091002620843565,8.892778391021626,9.82260880768611,8.02142912018424,8.470314576163277,8.950395824521172,8.545403840122752,7.657564363529293,9.60480663876361,8.15186752044907,9.215100000447919,8.097837864936649,8.58386056810929,8.882850065290318,8.28980337057574,8.95476107800691,8.20819194997041,8.957794533775509,7.740864596388622,9.598049433830518,7.9662814236556585,9.100472878500211,8.494312536272542,8.713913611437517,7.975364546005932,8.819134710452841,9.334811019965771,7.660149117534368,8.611972152733564,8.43252396111688,8.880032000712442,7.709125560879094,9.510378865323354,8.314063804683595,8.281961019610376,8.495978042691336,8.675629774139585,8.23884587671919,8.76437146480507,8.811426183835925,7.860692390464255,8.802217968044193,8.427340156643973,8.672871808142721,8.861084861898185,8.406878648897022,8.727547083053128,8.399954873149603,8.868939367265762,8.17254711251086,9.01389548217258,8.4132469464404,8.78556770519665,8.749476043771342,8.200831186467171,8.908162763671339,8.400183841728927,9.35182244018032,7.934216919013618,8.544611306342619,8.655441929943247,8.756268714986131,8.529506942754,8.285128589741275,9.475011787510802,7.527104715456571,9.714040202240785,7.834636742652712,9.474838408495623,7.443940980884563,8.99971743691093,8.829866297853501,8.605975277017192,8.753659166352215,8.349977595380828,8.69955111513226,8.72315239634676,7.999667725715175,9.984114481008938,8.436028064799816,8.753637518010425,9.302832582568142,8.630630662006647,9.960721254482259,8.58202875523208,10.500136124653134,9.309763479347664,9.781687072015693,10.300930014674877,9.262753815765816,10.313024104259302,10.191888696694141,10.309889756202091,10.413822412633662,9.929743152748186,11.13942490110485,9.301736806038159,10.293672049607476,10.777750651420412,9.920570137196544,11.445446165207157,9.683132229897517,11.31911151131926,9.915277056771655,10.476454794987427,10.888657167519764,10.068994976974418,10.080127825823936,10.900655897244201,10.148778539796686,10.782643856074051,10.471681286984447,11.11571202669604,10.019510036570345,10.329382037206878,11.022655306983127,10.137622713291414,10.76313977728909,11.103842948985605,10.667407942929627,10.65655897916606,10.64234311790517,11.12744171055345,10.588603590171177,10.446414281943207,10.391757038210843,11.177644175582884,10.32893574158973,10.930555051028115,10.651637768850986,10.199079323851828,11.393888339151944,10.459187686120483,11.357113899377493,10.98489205940938,9.9323659506937,11.423496930164601,10.309131354478511,11.603008443949127,10.952122461398453,10.481791131993148,11.501326214907074,9.641366229162877,11.62021987546546,10.248687441910942,11.505502577948699,10.423470866264168,10.124967513255172,10.977709117953985,9.883248328429973,11.123690741614757,10.735621414224939,10.239819269313802,11.327465314011405,9.531945943928648,12.10382296198358,10.577617462429538,10.359539275135237,11.501342595232034,10.783814390295506,11.636819994108134,10.568681423220175,11.41107951656295,10.957555181713163,11.280126328518001,11.29535364159694,10.989109367545081,11.508283170846607,11.483086682328338,11.528045952015873,11.245062353232266,11.224554587540533,12.524172632343442,10.831053714811192,11.188541918856412,12.711540681136146,10.488949064429242,11.965612949443361,11.260271966106576,10.894175151002914,12.63454078019907,10.589492774282906,12.829368958643943,11.008628254917769,11.608875594300535,12.857794049375995,10.413389709669492,12.272842298665395,11.266415078354385,10.53419490731633,11.714456070087232,10.078686829650168,11.641669661629328,9.979209661607957,10.895167106821521,10.063836679545558,9.133844044835628,10.280682825318863,9.366821051680807,9.650957069567728,9.133807771777127,9.645962262193997,9.211643646353247,7.525800703124461,9.841150611977417,7.224976916390788,10.034883203584094,7.756870827715232,8.602047913636401,8.920601004653934,7.972602767966074,9.019627892704072,8.547009481557968,8.335708605752647,8.66697623730949,8.361587539774684,8.977346368910135,8.42645418465449,8.790817222626274,8.076161381828918,9.182363904121654,8.283014379565923,8.68413051706119,8.24259230721122,8.85805622682287,7.927386908562242,8.970266248726608,7.736371419023111,9.356340702132645,7.952865593063966,9.387285932557049,7.953306056115164,8.524921582362937,8.06351481641954,8.420433630983666,8.90050294398642,8.22310874748355,8.560033600873634,8.44258952439143,8.460838397111132,8.431243442728508,8.790769056410848,8.331449704229222,8.578695404067027,8.962091823763537,7.7864327145399,8.910142762189121,8.109495703897759,8.668525137056918,8.409210149779305,8.092702673881636,9.272280837123605,7.82174829401387,9.077535761942478,7.466936376693976,8.591445116096498,9.41959148037559,7.529536182455105,8.844910781898857,8.010230403974042,8.546145017708973,8.822818235469372,7.620570132288469,9.32141804891019,7.704400084571299,8.964860355559129,8.137488863033562,8.371664079728857,8.562033770683543,8.601977014572682,8.479255875659497,8.174395292413742,8.897476835375043,8.038055375165627,8.566955136427044,8.573980096879737,8.253854237565161,8.016222366367787,8.830833181453258,8.511693266977877,8.069812128165124,8.664369385822997,8.311687217842175,8.820268957208233,7.7468804264192865,8.943622449956225,8.306493704936788,8.157305302725492,8.418687448569896,8.677674647405134,8.147605291431157,8.142971821858866,8.873271096361194,8.014724982318787,8.517168967270614,8.15866638284488,8.664587007615104,8.264648772322893,8.586912297376754,8.267000004838541,8.706376249346272,7.807143634961306,9.05557870401381,8.058225831988587,8.407242288592592,8.527412276429445,8.41959172255671,7.693396409073233,9.05322636423944,8.139422369015723,8.85668205749555,7.559934887982292,9.101908554149183,8.222937729901954,8.371462314644218,8.510902015821397,7.889259744708745,8.447825329856336,8.025473624359206,8.506508201727033,8.558169417430967,7.926323640861868,8.926540042891489,7.777520418291299,8.659953333021464,8.265104286282643,8.263050006016478,8.667058148461717,7.539686609351395,9.309511643465001,7.751323601764946,8.508969498773427,8.99331978329769,8.02356671243286,7.865858393724394,9.110006915157054,7.854261672127378,9.104503819526498,7.392859010783341,9.316816270838816,8.052683188517896,8.27177520479387,8.42566828633039,8.332187049960107,8.03330112567483,8.326988290914656,8.592882859300213,8.309434141268342,7.944561198338254,9.188179210706934,8.092755097442627,8.048899525667858,8.373507254676282,8.42250979142575,8.172347002134979,8.446223200944573,8.435456082451477,8.060415528382496,8.555226605472475,8.423123077427359,7.9947387066514635,8.712637965300443,7.9075160704677385,8.590855287577348,7.994757303309947,8.371107604134217,8.08272093208818,8.77310433870493,8.071827577690915,8.71420280943005,8.134775722588731,8.211078756380216,8.490855709121883,8.073532585281267,8.673677206126364,8.194017329209805,8.366196015443041,8.043582811498403,8.7967469558896,7.995446916709971,8.570327436508,8.14317609793818,8.690510415158558,8.085604689701778,8.30346775147444,8.621220849066363,8.26785106581016,8.579692970442906,8.347765171121194,7.972486951950327,8.576348299070581,8.016593773926928,8.26813277344531,8.439611130769684,8.459287053182111,8.409038246267796,7.976962654174624,8.356852708890422,8.1569091416554,8.350126681414753,8.187766104790702,8.638417987873169,8.15078172792992,8.181561380422995,8.449839333643526,8.19413918701312,8.319554018074035,8.288757498779654,8.45127712165317,8.248362656685844,8.596319524825871,7.719600653632863,8.905483918248999,8.046134454890476,7.659727145334091,8.589255749819191,8.560359779403864,8.001340031692147,8.330276339643955,7.894449237923458,8.43531632705903,8.272408026832476,8.638784556466476,7.895011689237639,8.614692374275387,7.757512611507757,8.829449027081342,7.4854483243574785,8.814124926713616,7.753540704802929,8.981539424893768,7.8276162653074985,8.577828930023447,8.388104463744298,7.712789388730508,9.053244569891454,7.8484071570386575,8.546844855345176,8.054902732868998,8.504950813402743,8.16861993890567,8.062048767128347,8.585192543960497,7.930790197489171,8.508165118324891,8.262775697832316,8.473595716593177,7.878386591061336,8.107149524794279,8.314627159213035,8.120882396775619,8.339647646949947,8.404723481306196,8.056897489580644,8.207525228525832,8.099581195016711,8.591783637174727,8.137001898841321,8.266606922190027,8.236393713069468,8.486691297696293,7.413967416820434,9.084963302689928,7.848336982758103,8.635785578799753,7.970157729241386,8.22131250098659,8.246293802348287,8.444503288374602,8.44876343353963,7.902803582282123,8.12282352456203,8.563378738540546,8.186783311938255,8.316780991622567,7.871430288407339,8.475373125098034,7.915043667893245,9.371697652836653,7.918937463837994,8.843953375893967,7.811575623567535,9.482125221363594,8.279752764816719,9.662241079363366,8.542544526256012,9.792044152341177,8.983843422907725,9.629019244362924,10.036623195692293,9.513945860018346,10.586454130293193,9.757135909202834,10.042466897082841,10.283463306607073,10.284440647227084,10.013504883948109,9.923177361714979,10.734978994534671,10.201533951930095,10.395800785201924,10.46871177784479,10.64111405381313,10.193953110951325,10.51030513109951,10.53977287210836,10.848924223057315,9.984264044867222,10.942779353189604,10.44726875800951,10.085314112811677,10.989663460835205,10.43682381446785,10.489817890304463,10.553722735544058,10.465557702186842,10.76118130598529,10.62325230138688,10.873101303254575,10.687524338833379,10.782211199871588,10.728377646620709,10.784242361274869,10.234471878179676,11.083835442730546,10.63957520314804,11.167921160853787,10.424011971618375,10.449576698488881,11.141476910620318,10.39255561456396,10.794895763493464,10.7662257883077,10.468349622882295,11.129079373463377,10.44844990359931,11.038586564160273,10.391956454406818,11.509003598357864,10.09721165953516,10.828010331292958,10.477492967688802,11.067082599721239,10.211259937345377,10.727558754126862,10.425338497332623,10.848354798483982,10.33004410183369,10.236721593032916,10.342498439916735,10.095817083551873,10.367734143364569,10.69089169040634,10.31437108052275,9.823796607994801,10.576029344688493,10.447876661469552,10.236423089078954,11.367134424311425,10.525416647059235,10.389660049512377,10.972348553746325,11.037037109391152,11.405042469243835,10.28607877557478,11.054459948710484,10.41152969751819,10.999647612798348,10.841779870217056,10.974998010791225,10.869076491494985,11.15633480561277,10.996328680201753,10.972154961790277,11.12252541272281,10.859953396956755,10.94167553345053,10.936036813001467,10.628172770592707,11.73925232715284,10.796178742585093,10.969701977934076,11.255183403150495,10.927528038111834,10.88541855448237,11.407714544407407,10.661426035113024,11.147387755572183,11.02097888009934,11.2591441345991,10.853637435150652,11.148176686385034,11.106390925574436,10.474975241733107,10.49527996466807,10.942888440250737,9.706727203497055,9.817772502064098,10.012102498145167,9.165351809713382,9.496248559088768,8.844063112394275,8.473834790413587,8.870149069906535,8.141491240536183,8.286836703394862,8.450973782672866,8.159469894490524,8.280129222845046,8.788920590470868,7.984128048013283,8.455110174327478,8.64752787979631,8.149165823071584,8.354932588686555,8.429232020390542,8.476817550680922,7.63387132842405,8.87539052780098,8.36357103262408,8.401851617901906,8.344649672632427,8.096482697607335,8.516243713463979,8.236149368354438,8.484934484654428,8.225278117203473,8.074281760243087,8.700234794731575,8.178595507669582,7.999985180956632,8.490260284546153,8.305847881364954,8.33241298584579,8.756715043143691,7.8829357586832165,8.604875042935225,7.579870663679523,9.090426617733526,8.03128364096707,9.039015740513193,7.860821436963362,8.313871629790723,8.770317081504823,8.097198038225383,8.654484021266311,8.473581171113388,7.402277702310439,9.080596998262541,8.947190091193976,7.71954746344438,8.733955006760867,8.145176834262296,8.31080536376065,8.017552587597951,8.851215568635006,7.967256573693215,8.684027693842859,7.991397608875616,8.716357481035727,8.630858919297665,7.903918155667692,8.933338936915012,7.721294832335172,8.653673838603632,7.574247786666583,9.070828454097123,7.605100643246752,8.978494422960416,8.023703649596632,8.407133715668085,8.562724045825512,8.146872248811034,8.548140159727396,7.6290954285146135,8.536259558706865,9.113188366064193,7.72639490804015,9.23094235805175,8.007965367392954,9.427938551915203,8.206156831815228,9.183996666048976,8.973825735210763,8.734845584950731,9.561449170162296,8.99197234829268,9.534034553564478,9.793919403313986,9.815170915642147,10.149124008355058,10.174011346915131,10.659846639775994,10.331024748015544,9.596634448089961,11.186540804042798,10.393260870094734,10.458203508484504,10.444090052799645,10.716905561595546,10.840730003456907,10.181144912925875,11.228658057389168,10.145185883718868,10.641839113443481,10.721997326932238,10.626134042882684,10.30550267432197,11.073073847911639,9.80283238905794,11.207648612077667,10.127076434300607,11.17904346005371,10.054860195371647,10.639915963405134,10.696116380843653,10.244707273722952,10.510847911986845,10.436281692612308,11.177177386538444,9.79190401570252,10.34682392703681,10.369237701523444,10.70806678026295,10.073320736059314,10.409437134846437,10.33170987434997,10.155827887666739,10.438078241481769,10.571376741494376,9.665873508614814,10.415184791715207,10.759753882534191,9.522189870954815,9.664531120418896,10.763591514679923,10.372457475823676,10.01448581428579,10.067109585845238,10.658327060829238,9.467571226165953,9.900968137945375,10.283953986273472,9.90765707030273,9.5367442132005,10.237642256797619,9.611214688395473,9.840859322616225,9.644800727119062,10.108913710669938,9.72337442207462,9.80832798393755,10.19783508877582,9.798860394603897,10.176613650343706,9.885881224808609,10.160157313452428,10.083226753280824,10.36583381757452,10.330303030119602,10.449258265572926,9.860802659199898,10.815224448305877,9.988689993883808,10.75863647092445,9.905317028167984,10.300095908318973,10.334028863081103,10.081542387151485,11.105498355965448,9.576291797732328,10.504322445991772,10.67733348760134,10.538171202804286,10.306074222646048,9.896829576597874,11.056710656334964,10.225775208616023,11.274074415316193,10.272650393632569,10.706298427724601,10.807247163051127,10.636247884857791,11.220604268185182,10.355033521785725,10.934917446322126,10.808488745776327,10.811954536059261,10.368736993952977,11.069360514789206,10.35043093313775,11.135381892326606,10.372622948748385,11.017918935905529,10.746990893439714,10.190981677187002,10.246062229250883,9.2821790724372,10.029517455141386,9.41740583421043,9.090691035337137,8.780338477262617,8.963254266905922,8.689936274647101,7.9363363152401,9.202742755034329,8.061375321525468,8.517605852217736,7.765212080016118,9.665354528514062,7.617352177652849,8.935265108173104,7.558427103146297,9.013450578798862,6.883250199363882,9.944915558941055,7.481068109640237,8.920893684461104,7.8035784073112,8.725032238078626,8.036420743086694,9.01970881185806,8.145385787108301,8.520220254923538,8.193737354365497,8.560217137451605,8.380458065181358,8.484845277847114,8.10507370375408,8.698661721361193,8.33474106795466,7.885686759132279,8.937471403203295,7.932691151679811,8.525870409964904,8.563652636588872,8.408152427797527,8.008993163102625,8.683865336574003,8.2288197699686,8.184447077841819,8.126001848339422,9.203250028605897,7.747508692725879,8.552021453020483,8.209757554198937,8.285876377190784,8.097942236981675,8.188841313350336,8.503379307923227,7.903248256792633,8.71753186129345,8.507783791593598,8.051981152681023,8.732979897571118,8.310346571005269,8.626891196326675,7.837161363766848,8.048239662240578,9.116798568836737,8.106781638174638,8.178375002893938,8.69675449762805,8.0151908197937,8.452166131104663,8.504128016571837,7.905487879834456,9.017215404597431,7.785377469168363,8.522298302728073,8.538023257379741,7.967675959629325,8.519504130439223,7.966189825109524,8.910369286652047,8.045532877113057,8.722251647024738,8.216422071469337,8.515683763626352,8.84367500310144,8.785563114288585,8.720138449839638,9.477829236046734,8.248243059267612,9.709367884726587,9.750568006563324,9.759000556174062,9.541379577688266,10.049886402202164,10.274259860183438,10.366395609046657,10.272873669726168,11.123266879323255,10.488069581113148,11.078157934475078,11.124760015535488,11.020840636429696,10.5895619212029,11.686254905865843,10.737330374888465,11.1943533403085,10.96264573679617,11.807517004211745,10.978136639821663,11.270629213427512,11.424163191917666,11.714934751655289,10.980096675020963,11.816622687609247,11.21421576705141,11.94692377302175,10.874326998855306,12.939323514088365,10.745652446014196,11.689084452794248,11.950782867645227,11.369951556374636,11.26490858761905,12.250343638475362,11.095642078652366,11.473420522821453,12.128497027450551,11.7568832398889,11.01928601750484,11.935290921370811,11.474819605130087,11.863490099090466,11.082392181561648,11.819587057235962,11.345445253535491,11.501820284112673,11.224855563261862,12.369186293783905,10.923334571042417,11.608753352289405,11.581531914904097,11.842279392400137,11.785590987338999,11.409920974945035,12.66011181467523,10.808413961551473,12.204726988927773,11.131268993581964,11.58638589115193,11.475078526691851,11.498092743934448,11.667473018731306,10.549137742233786,11.241711751179157,11.580361258558312,11.298786082354694,10.663534571764382,11.530553356188664,10.874335774540292,11.499840618244688,11.15715850653438,11.40106409944905,11.283692898855861,11.9221067086452,10.905798161656914,11.704437869212907,11.348960002989825,12.605247118168817,10.908743795550746,11.525301551104839,11.825958660229421,11.570265269412973,11.705582848650717,11.137371593605115,12.643797938435647,10.4913062974283,12.297778333801155,11.103770472596718,12.121868806894248,11.008610473790524,12.28514008721647,11.309930471520255,11.390388038850705,11.894710712529102,12.321630173803614,10.265581646136333,12.52366108807114,11.063093013030796,12.324162021803978,11.269668204526733,12.074783386376996,11.062763284857704,11.60086499221934,11.369512727943565,11.58034854135787,10.951160801028223,11.226638462220638,11.427098622474203,11.28410391526608,10.648278690449285,10.863144850864396,9.994551273503667,9.893665159301227,10.583187917827951,9.184216687328506,9.711734055665644,9.156074534555287,8.954944693570349,8.802798833850161,8.832674158274518,8.396993766802684,8.70342192177041,8.249536382782594,8.517016304101183,8.431518657797339,8.5516396913988,8.735367879013854,8.790887492283568,8.002392554314195,8.321128567749023,8.714050958662614,8.472008309423313,8.641005123260753,8.433565338238463,8.458335640098289,8.947451926258715,7.867860062609748,8.847508843553573,7.979311571226775,9.03886931906766,8.148667395620926,8.451592680964009,8.51237399691096,8.127787180071085,9.241377917279813,7.625853147556391,9.434379664550859,7.8576131907229705,8.540974970816956,8.406798903628573,8.735599683824317,8.3025934105677,8.02080758672519,9.019099020094933,8.678602727002785,8.245590118517487,8.293662676879526,8.964423908408124,8.39832566169402,7.952617117001995,9.288807066048818,8.011795290050415,8.534346231532604,7.6244929686126675,9.503083760303769,7.671669809420912,8.888514808764072,8.356885907280581,8.252236994843319,9.10955558499633,7.819010481995849,9.37298863704628,7.644602752666307,8.315384274575246,9.264716889507461,7.655756215148923,8.95538478949419,7.975424045699968,8.645577808426085,8.631625336774947,8.416386918121338,8.536228015034784,8.322137102227044,8.692683772075313,8.339552100210772,8.335208451415731,9.07586176509349,7.949539845495805,8.718139233638855,8.224449071952462,8.65371474561593,8.452910841063918,8.569983571174875,8.768724118334562,8.304231843951479,9.038667588348822,8.511748168052495,8.730586423085393,9.233744290353123,8.098763187465577,10.402458347336712,8.354449556473032,9.182757554243642,9.522012404495243,10.025148211543774,9.321355772086743,9.523448508403588,10.922719247865812,8.978423335164177,10.746637790718436,9.333900643422593,10.063239550714707,10.139029235004774,9.877506133162742,10.607951867127182,9.6821463853152,10.013975192218414,10.500026774558561,10.603202550907943,9.967026734541497,11.068582154394447,10.194898454764253,10.820845140491933,10.186543822291634,10.453725734942916,11.044164095961808,10.895777711033212,11.201887712612134,10.011330217452114,11.129540898523612,10.876946885225681,11.254313660714162,10.616507352901015,10.93787244143276,11.241364024247359,11.16831448093368,11.13602818688689,11.65551414312174,10.387457288907234,10.836429855528607,11.791899327350166,10.23222737511932,12.281373102407283,10.068898929751805,11.467597357848044,11.441440031168367,10.580731089770186,11.648482986468203,10.89529360113977,11.547610711262879,11.139937817625087,11.364360112308841,10.695724298584599,10.970994184737412,12.03891374983204,10.36903426088705,11.22086448491862,10.794147148228571,10.894008544090525,10.9641445400597,10.68781182589321,11.217340045118089,10.449806939226901,10.980490769449009,10.414104914826666,10.457742252362284,10.739550725094364,10.62699763975418,11.405771429150683,10.166434648636125,11.09026937882727,10.98997227098173,11.094478462406753,10.976335386311023,11.69246887123523,10.208103337365529,11.905894672575721,10.63564961637682,11.874185687194892,10.639277781679619,11.619938800924771,10.99749135602577,10.568884018979361,11.720220099523049,9.956010934983706,11.977156316920498,10.768059913677487,11.495481021034845,11.035451350410789,11.071292173558234,10.659209771271186,11.340617926682661,10.983229471355067,11.634429551347473,10.663309956745568,11.109271304219352,11.153637456114721,11.133194834788648,10.84154182730554,10.696268413610149,11.808696821297833,10.460688039915029,11.315418104271721,11.076961277130378,11.490504407028983,10.987164016806839,11.501654129189752,10.35336572275809,11.23105241410745,10.888225839718565,10.61591713148481,10.456320615870272,9.949814829894667,9.863597274788981,9.57776359852715,9.96520152871809,9.015301421278478,9.247810038619999,9.426620997454362,8.10029084783359,9.291550500936196,8.281955430100991,9.16395723827495,7.725182744211836,9.311146517836812,8.540452681512894,8.786207277330892,7.910452435643731,9.025344393833862,8.1587325497189,8.865860180001096,8.18145814332491,8.484351515801013,8.960250853638486,8.219311115372314,9.175868886088344,8.194461227453633,8.370663649629192,8.619960458840566,8.442769906104862,7.816075982212408,9.315718237034368,8.192845930246024,9.053710835504669,7.7713734456462245,9.468842104965212,7.625820935325084,9.090008742421258,7.940684899364918,8.654785794274272,8.896422632311793,8.541010033714906,8.246860684466869,8.627252423356609,9.317043293130908,7.696055922604484,8.89800176435462,8.2716024027144,8.839870267969879,8.154868283349408,8.553432232945548,8.721102966408568,8.213529417089507,8.459095654565232,8.778465211012723,8.154199855805695,8.49914981471686,8.91121975900917,8.70988898383765,8.244258838792652,8.181620626536517,9.032590031710777,8.613769275716828,8.342509356563301,8.653738972752675,8.73349242511517,7.918712119155884,9.723039730129157,7.554041147263108,8.87334133633724,8.507261946735294,8.221799357508628,7.977878014690561,8.966783496973427,8.18883935068114,9.06611843401878,7.344033348200229,9.35574746808349,7.707189532325921,9.212804485413569,8.066076655465498,9.081242818891393,7.811381868369264,8.64354353533438,8.930395489887657,8.576010412306847,9.458491462760929,8.508310939989375,9.595163411175225,8.970271427252653,9.468404710854728,9.21951945982254,9.875297409159456,10.152307719293375,10.522217497931186,9.90915030015013,10.917738339503614,10.283362611088297,10.70608115581176,10.385191210856055,11.416204328661168,10.446964250675729,11.054500154483451,11.255788611549269,11.173009277417643,10.762310776825384,10.964418084261327,11.365720479100327,10.843225203737004,11.087922754393281,11.225051391789076,10.522120576038349,10.98025041787265,10.744503062342615,11.170301302106436,11.069085805083944,10.957190297388793,10.965978758990152,11.344104333979395,10.73247775287679,11.109296552756188,10.969796544204785,11.138300512473418,11.26304762375852,10.707707724741981,10.718161358016866,11.171206243655963,10.870874642537297,10.809642397121847,11.018981686684622,10.340172390084108,11.666518131404498,10.312912400330742,10.8685863886991,11.154413910995556,10.38715995990983,10.54051395519017,11.756648440522456,10.179455618963903,11.710190503302346,10.093435999903223,11.267961895198878,10.792335094598442,10.905938754243166,10.822671208515152,10.111025997319585,10.811856196600333,10.486031527624787,10.47022464582077,10.222477806185697,10.366645571871985,10.107381444148112,10.274323209927744,9.698948267123985,10.709319831955568,9.916810138815409,10.227330473916,10.283018507113075,9.879164411708105,10.025210969125247,9.89003171268231,11.00500946050821,9.415693427178402,10.934468198896704,10.277536707952013,9.784850904572147,10.41086267577796,10.302657933322108,9.965158772630012,10.09551773701175,10.040055734862898,10.263365950662036,9.571027978112316,10.249165510333466,9.761877996570757,10.310577696862957,10.062254668412125,10.386625941398878,9.805809533301135,9.923453127921881,9.7065305062694,10.376994548946014,10.131817215041583,9.9046436884006,10.478807354097578,10.08886138155437,9.84660344036608,10.632113020097227,9.99023844730421,9.866343844545398,10.234421826529642,10.55890084185018,9.839046876992423,10.244664336343623,9.60318927207342,9.798588379941274,9.62586411293908,9.973844724747677,9.503121547851105,9.386055917919938,9.493057994994658,9.060363338527592,9.294026569457117,9.164260084194453,8.97009456076971,8.07079589569321,9.275589048493046,8.77424704562253,8.213638085400072,8.423317832158268,8.210211501115321,8.74895861348449,7.703828555208949,8.409325471002,8.913042534900221,7.960905190588294,8.236519638154045,8.619410679902272,8.050136835187063,8.536546840847791,8.770606375702979,8.027859114616497,8.157101202070102,8.016359523882478,9.169526557105916,8.029382810614392,8.457459981928901,8.55892120472467,7.963593339997662,8.695496220694245,7.481508812059966,8.886330899264056,7.7497218113299535,8.48101895248829,8.559163750729844,8.374331042378532,8.11122543724565,8.313194522003965,8.484734276834265,8.223810671887682,8.743877288907157,8.383859932025283,8.004228138908132,8.369914675777167,9.0066327125424,7.306815876088422,8.872831666053596,8.244605548915773,8.78631899751103,8.19693664938523,8.760953579957919,8.018345399902522,8.828657130369308,7.4097748767522535,9.17384516533776,7.914754865619674,8.364066908893495,8.2931504298964,8.334789160819113,8.572972159416738,8.179238503541185,8.463526039229096,8.368608134354785,7.940699998907133,8.326463032796367,8.658813859134302,8.037231555993987,8.622209301966565,8.121352274001895,8.30475882256715,8.327883564004065,8.465564664922043,8.71894463640018,7.712036327489971,9.148054699928823,7.874790748696163,8.599453899528221,8.535374313447015,7.844439167979492,8.453492328695342,8.330572355439275,8.629205947921932,7.909502108612417,8.558616039346294,8.319410733406754,8.657389562673256,8.431209938147425,8.711161116634818,7.752527958893537,8.657183681552619,7.931560497352242,8.807171195227042,7.847355857001005,8.593804005629707,8.100487286656481,8.234882845909656,7.947938829561083,8.760262277697535,7.999337237424535,8.353707927859709,8.492491000241921,8.479881478346273,7.812654836776984,9.03076013382836,8.113094932644946,8.372469573983313,8.221467731532961,8.265629970546199,8.35227296075164,8.068114097782729,8.462587539817527,8.503565438253196,8.359501497329534,8.228330500762299,8.682511537609011,8.156686979349091,8.42794108782275,8.29614089210829,8.708184254740686,7.671355481169505,9.383089376551423,7.819981637087969,8.450567881626398,8.311573254655434,8.560837056239457,8.511684063098715,7.858592495045944,8.842573692401261,8.038794338268547,8.179754313596845,8.58256687363921,8.225577036927776,8.421712043828652,8.328550788949563,8.806097266286,8.56843759165457,7.756333403627707,8.62296395687698,8.398898438590898,7.870566086809471,8.873591234212132,8.0520872221732,8.763979162353412,8.386976271759108,8.489474096394467,8.454895720606059,8.080918781294809,8.347933731138095,8.723359856720403,7.806768622466682,9.307181803736228,7.5272187987187325,8.595115287903086,8.062520753930642,8.647768715902552,8.873296747285263,7.755290639934449,9.285213121560725,7.764761086612327,8.770759023738414,8.481790148740025,8.252725025213643,8.350836407675729,8.212230633817002,9.096757320531967,7.615019189932703,8.523340937628731,8.695023158186437,8.276492620597914,8.054644928139952,8.248498056468875,8.476340250087292,8.545418005057932,8.099531763078032,8.456805599288407,8.292818059095502,8.501036923512208,8.292225809165597,8.506451638306812,8.408543667870894,7.835682752666383,9.20608742053932,7.650880031700565,9.113897731791575,8.212693471026927,8.430039254206553,7.884574138692899,8.706788591503487,8.279395186578242,8.270541397187248,8.307667380388216,8.96995025452538,7.979275213287531,8.828349866981942,8.277908809756248,8.485473135088892,8.04440403179577,8.923215644902873,7.898308333506196,8.994418376165765,8.268151158339665,7.976752762844175,8.957141032361749,7.954275146548955,9.197232333191995,7.671096955429149,8.787671956143663,8.452431232503937,8.2027332335276,8.614499570031972,8.270700162950291,8.20321195604591,8.438393037871778,8.20746887696287,8.898220733723925,8.227700278324397,8.77171666918634,8.203007721987873,8.673345871039988,7.818760078524559,8.69431063758521,8.468707401383059,8.62161375913149,8.024764862128853,8.42043873124136,8.441840859514983,8.049100833994656,8.374725522085415,8.834340524788336,8.264980260928482,8.29950667482181,8.789419781745732,8.168708269161492,7.890087155358254,9.334278066682954,7.473495048632231,8.349323250943185,8.935417764767395,7.846833437013759,8.685234244441004,8.201930793815611,8.531648281210423,8.240940362013266,8.360427929007768,8.438887933803112,7.924308395491303,8.65088785757622,8.328548234052345,8.789070378302917,7.835095513438194,8.638515429630267,8.56470064256652,8.527245461413026,8.2946674281483,8.027915715364127,8.356520599427954,8.026197772094369,8.551774169116603,8.471753045155987,7.81477667716643,9.112185423069956,7.462792547273768,8.450347325376555,7.848245783022923,9.209370485295864,7.637548055698483,8.47987449754341,8.071889509273081,8.682129572092876,8.301617440258473,8.180125051441923,8.203896152613073,8.398168981683762,8.132141502446814,8.616156351150336,8.146183220980076,8.473017244453864,8.161508177829294,8.351345154823125,8.095971717893464,8.229753514354439,8.680309453125433,8.375841290516167,8.498126766275004,8.206545402587711,8.74889988244823,8.17936780459559,8.402225890153408,8.553490690266104,8.673402517422424,8.80635200131996,8.92970997915915,8.678864809110152,9.017412252485142,8.614638140735538,8.983141673256966,9.447307694455,9.17363555920622,9.450549431837489,9.047806290707875,9.673003735657174,9.023906657372924,9.299200666531313,9.462105785397206,9.574286420851339,9.630467800240359,8.76944278155765,9.895075562618068,9.512045137466254,8.947304670366782,9.953292524519702,9.10158463686085,10.04284906301028,9.02568979559778,9.98122220428041,9.240224572218347,9.954332872548466,9.757872162939375,9.83553766351505,10.18960514840982,9.255164354390788,10.256012673567374,9.669590939686959,10.143448592269188,9.789310098759223,10.087491058617225,9.977948893591156,10.228709722630075,9.273069360883298,10.483629731296887,9.429849926133963,10.200902943670146,9.66292167383558,10.047657486995076,9.85641296685054,9.907057497038831,10.498209178087627,10.00859996895618,10.328927319704878,10.340676572959266,9.894035350897674,10.567943885934865,10.602219752365116,10.471071749798348,10.719842421620477,9.879456880691787,10.697153131657604,10.681336747206137,10.311741809028526,10.389134319483627,10.852805489630759,10.331285979415613,10.576932077504086,10.108690371600307,10.837768360193209,10.04093873030818,10.566062375179815,9.963198109803116,10.929343754931674,10.450541443064203,10.497095485817033,10.72537382036759,10.58227347951694,11.237998156811427,10.173119720540335,10.695878130033002,11.070122545411198,10.919704096944393,10.359492031171312,10.823658890941502,10.5111903859613,10.847754390829564,10.429020918936795,11.182440371693428,10.416631695947935,10.933775080799444,10.59927617085478,10.588779099689189,11.009806316516682,10.237871167392797,11.176956848319005,9.975154212027183,11.212491358856987,10.207107699488617,10.89518954959078,10.876799497728557,10.704124599502743,11.225310752162095,10.392370795377856,10.299305958909308,12.223717787818362,10.224572991424568,11.050924168688564,11.175568454808872,10.42702010244443,10.768839338322492,10.08086277878224,11.357800571567694,10.235030224941067,10.796933926747501,10.104105199932448,9.940896891712535,9.719159002391017,9.485403281257812,9.8332553626535,8.83449465476288,9.187196289192277,8.45631729622683,8.96015088273524,8.379800809941575,8.333476147710666,8.61161188799268,8.423270659570903,8.652992617705229,7.518245803884547,8.725993630451473,8.32642335608913,8.802805927352372,7.716454156007003,8.761095153953272,7.792539408815411,9.03667501353039,8.135269140380755,8.377360009377211,7.807193927814572,9.021852069015937,7.585028408089039,8.766397280798616,8.244586370543896,8.041382488294824,8.464717876523123,8.431452445083618,8.712894918530571,7.729007697183026,8.87675776484734,8.051397148187592,9.023831158786404,7.6769375525539205,8.6814421139223,8.129829721528425,8.096611834655835,8.819853924786063,7.551833077644317,8.859439211984487,8.295591112136231,8.511563785610111,8.1092328110089,8.159873972985283,8.851420241383225,7.671075913508742,8.933277142637733,7.58956110002784,9.288762983412806,7.262539599475767,9.337496402806925,8.005784561301901,8.450005529535325,7.980896367117151,8.84633333597644,7.895133972199022,8.498237606113165,8.272526127019285,8.452168369333581,8.48123938557072,8.144581804436951,8.179104907133937,8.323321936655178,8.406116903399438,8.94226318941763,7.9400184803766605,8.517694708903642,8.463367980088428,8.270927600928902,8.32311287409006,8.725127917438137,8.199269320604712,8.24957114035575,8.571941146946834,7.992845303596317,9.001447714849698,7.923167725674196,9.327445113233614,7.693696773595495,8.535630756433443,8.924499786443398,8.771644001094016,8.548566153574125,9.54846436425424,8.408524908165768,9.819237564125423,9.056657556708295,10.461116192772376,9.403917133457352,10.729636590204523,10.125385583036906,10.331375058287149,10.973511325915663,10.423369827366757,10.873984488484771,10.713395907546715,11.353202645455804,10.689068994674221,11.17900672546899,11.309033226187655,11.595232663371911,10.640367016972364,11.842900847488394,11.513075650430599,11.474568943198156,11.084449908354635,11.740749989648661,11.453514322399476,10.957609650849685,12.162584260155759,11.143097902483625,11.37093463152958,11.502048122522737,12.113959156128887,11.213762296795231,11.717912683741504,11.733485132384429,11.703576156770193,11.718463876837244,11.47979769242307,12.10265739837972,11.200423200748249,12.039547086770959,11.583216282113769,11.49180363103127,11.37700547710372,12.140041744423408,11.177327484230828,11.70242577762654,11.196632050698009,12.331860690213116,11.019238727691903,11.941535599802933,11.225815866639223,11.874026175638042,11.088723835054173,11.575476855499053,12.150201043228929,11.186328285348921,11.989209402234604,11.14981282629384,11.671566916660723,11.0130101071143,12.201579739696657,11.028131537617503,11.612861448389795,11.213125671477373,11.283686109663305,10.367089100939545,10.628233465378496,11.409056099088248,10.372933523294842,11.326071285301204,10.555981573270026,11.45478538147485,9.99816012105285,11.5820078869847,10.849980386722223,10.955110454767329,11.601705624678486,10.788129861851544,11.246198359665781,10.984160790511726,11.271147065230961,11.342492283958329,10.283877934555848,10.938144929095493,11.2943819916,10.567895732990792,11.174184156547618,10.316971473845978,10.754289411719277,11.042313293547688,10.631246782376753,11.42884307578517,10.116167385283251,11.01113446345864,10.326756765482342,10.590799582640964,10.81635165514736,10.41567058866224,10.850640609006716,10.460218160742286,10.458906195781516,10.577564510445434,10.407299389879546,11.293498660301175,10.223473358297117,10.379808190533286,10.63625812074481,10.37324629411413,10.56930079574077,10.12955300820372,10.285601602674788,10.940639234635366,9.872378593546664,10.415273470071467,9.01488614382534,9.63601715866788,9.818596151455631,8.850595598354325,9.081468918857487,8.852452511883662,8.882178351425889,8.946802569481866,7.8203770638195245,9.373474946118282,8.496769147034122,9.002944334124539,7.98862485125972,8.871340547607602,8.422531123238937,8.452516984989256,8.589261265847222,8.76404391965209,8.309951227310435,8.693424572100254,8.076742028299108,9.02409758857763,8.133246320815145,8.6150384093014,8.744755707796052,8.169787048458442,8.62552254292494,8.514725718622417,8.267721740839391,9.003898071389038,8.156587658061964,8.465306052261353,8.284755723106995,8.883081255968051,7.899872644462942,9.0663387613961,7.950037512922047,9.178399998735026,8.509401763969421,8.84076243116832,8.8821493598198,7.435939032624793,9.322990002691137,8.200700548219814,8.241080453920496,8.819852289355682,8.479769570439444,8.723356649422408,8.22411922652586,8.81824979987307,8.490720440971987,8.324975941705839,8.651160177302868,8.73718555840975,8.86111187657653,8.124420744966104,8.746750937526436,8.340697187523677,8.209067461111903,8.620135366509992,9.04650086028813,7.847891973548887,9.383819575378062,7.292073476848508,9.508559038176525,8.027986212785672,8.974782427878441,8.223220311248065,8.925100296124207,8.384671247632562,8.709445675912635,7.990236455018952,9.032040671429918,8.498789883659542,8.506640039545806,8.739177196643636,8.447276989103617,8.504027021530405,8.81257758627026,8.252452014035866,9.241089825568112,8.151756190334766,9.258413397868487,8.589041880688951,9.145768830471996,8.967002902211014,8.741859967292607,10.121308573720372,9.687305832964693,9.245639238463106,10.072126043404777,10.184425117581478,10.495803428770365,10.645855150356281,10.536466817020761,10.730534198901939,10.886216507957636,11.628219870685916,10.59669421298741,12.093160429097093,11.04560187261863,11.260328288193179,11.887297433096297,10.77801198015301,11.973080923150608,10.800195533952996,12.444795215803508,11.177175666907189,11.657771630532423,11.968669066534687,11.515858650303763,11.512255051763113,12.086852300794174,11.692867476580048,10.935213861654834,12.006228311670325,12.13007022395109,11.536959811396281,11.622155117218696,12.144919704639666,11.859653117315224,11.555857077802848,12.214805106365429,11.771169658753404,11.65476534293344,11.575369352524485,11.921023239272959,11.749588256108888,11.295011063677576,11.928963978982841,11.54145114154866,11.340274837727977,12.218071058432884,11.39648844357891,11.417089662648122,11.920080667588243,11.642905281235777,11.895098102691897,11.649762381737437,11.671297846933207,12.215563078106692,10.995280627341327,12.526093848388022,11.697665502683572,11.750846761831397,11.665724554260576,12.351058307749527,11.621729949240887,11.44960398500165,12.146051939114308,11.166938556808363,10.861827615912393,12.03961821285387,11.55975653552761,11.263086839833614,11.696613650353008,12.294672082125519,10.910484045244143,12.054329771188401,11.55239500833986,11.407511521422618,12.121427796569968,11.787833711834008,11.875282055887705,11.355979621990903,12.197503413365531,12.018791662336639,11.130724289038538,12.505733841986705,11.900982663243388,11.671705035402756,11.706812925472237,12.079787976428246,12.237160759133596,11.688907446976135,12.288968117882808,12.059392424694572,12.069899172050262,12.024891962235172,11.651717772663885,12.566945078040781,11.779253512512275,11.907527818794676,12.415427687804522,11.667018950556718,12.507517734675975,12.120402364016822,11.532001498381923,12.363288854736213,12.004270049327365,12.46792405329955,11.631711728249991,12.111660148700077,12.597296542323503,11.078938532856611,12.851799930653842,11.645013530900085,11.590939446634927,11.699187933069968,10.799447340092943,11.677598970600716,10.200372324998817,11.008621512468292,10.130765183496614,9.780811750556667,9.891008886465194,9.420458812856438,9.25894182214825,8.733494369623575,9.134715103202824,9.014038196609677,8.315209830425069,8.286831168265401,9.280608974530685,8.467650087404387,8.899679509274051,8.208840456030652,8.72021506983167,8.4962637921547,8.886619619450855,8.290052725899352,9.47466534820697,7.348386839901412,9.413201168974254,8.735900147541747,8.532279237809911,8.857725668021802,8.527690815043957,8.516267664063111,8.958837729546564,8.122289100776747,8.947721406038243,8.112207366911083,9.576072422120113,7.465205689615888,8.902179435811327,8.468749401088195,8.675244716707008,9.18111553304209,7.825386502391976,8.68471835427298,9.30312518406971,8.193055908273296,9.341773555840689,8.224354566729948,8.75927568824342,8.127025411597772,8.752909463973106,8.935824374336141,8.416310108297825,8.887700204898925,7.341971534763781,10.097787896239524,7.398713216933738,8.803866543800892,8.702671227514134,8.150470866256715,8.604126495451988,8.762927895638482,8.339522898740457,8.903657689144225,8.363955868839605,8.235686265140163,8.451182251994819,8.79887346557653,8.216462319449843,9.043092022951082,7.988754084653541,7.783676457547901,9.495442409593005,7.672877251695228,8.97346470924406,8.171416470597817,8.814174807689476,8.091603616833076,8.632908101196723,8.755467621901396,8.191237169330327,8.450517945292727,8.6563372451005,8.839305503054844,8.277561715108662,8.468382230888443,8.507484372177482,9.18097771082385,8.720728925795617,8.694175441827015,8.980194017499077,8.770764856360243,8.955771109679105,9.209486599102009,9.35713482201411,8.731329436417061,9.734419747510318,9.255504349901663,9.614235628101367,10.060793146168207,9.21953965780637,9.773207932527502,9.951006532770908,9.341000041182475,9.909788044032966,9.093166310436414,10.634217144058407,8.654216551876948,10.551489891170847,9.145889677157017,9.8037140981046,10.049332160161203,9.206816894657301,10.367122920018945,8.361902264778823,10.960000087770952,8.854882107789951,10.155975592707609,9.467052203224364,9.789552567622948,9.53555981739736,9.993833914802735,9.723573404339469,9.961916979926963,9.511477170077477,10.474763142600047,9.968199328652908,9.624293409440059,10.312442347671231,9.544856275732954,9.81828774648099,9.356205483510484,10.137822992422944,9.564416993244876,9.780965943460679,9.835523835218837,9.932729101286595,9.70935532774157,9.637722477049891,9.980679829701177,9.764487057657304,9.893534711993626,9.980753933017468,9.92336193285263,9.966047059198235,9.807870431927359,10.729476301282034,9.4232290716873,10.171796071243797,10.20014765846855,9.572435012015838,10.578203020154822,9.32601167691252,10.34585956116519,9.18709362140237,10.02685622989512,9.721640435311338,9.742038684872304,9.797401544631784,9.934122187805688,9.871472822300484,9.9708184587521,10.322019172779612,9.952704878927534,9.637800487515841,10.92194622330679,10.135139448226756,9.757692110141132,10.984317282776669,9.917379276392376,10.318104188072821,10.229892726050085,10.369906539109861,10.549595559242505,9.914383090169494,10.950208108987049,10.235685919917515,10.661720035656678,10.876084001672774,10.274717589564018,10.869769065075875,10.411694151082399,10.89528720967783,10.635556925854969,10.36594038689821,10.792638442249359,10.745407228556783,11.01716706012687,10.874503782497108,10.005103015083215,11.019750480794666,10.663316673360157,11.026571600049122,11.253877720984947,9.412738231879983,11.546234545869135,10.280194479043923,10.653074032015489,9.895075474859542,10.902502170692516,9.920055907418346,10.660867317368597,10.263488457802078,9.794440976254036,9.559244075895611,10.125697699583462,8.647238609374822,9.194179884123939,9.18167429644926,8.736016283969718,8.258579679581656,8.44833922207667,8.677259831431643,8.233612380999462,8.305159036743774,8.627926466123522,8.294043381757424,8.454052382487193,8.21542983822836,8.526442515545845,8.135291176879166,7.9928134069995425,8.738589073245738,8.224504844810202,8.047696686762706,8.496786004196242,8.709717763060093,7.805008991261332,8.597231079138204,8.332336304777623,8.275035653163998,8.395047635187716,8.69595240029818,8.37641868975325,8.195012503697859,8.658211746330695,7.954927393052114,8.834734676362338,7.898601480576528,8.792027469764786,8.527957224895568,7.649649800475074,8.65332265769443,8.080818880128993,8.834181080826879,8.19931400880529,8.386153157300637,8.758938748429848,8.002851300354436,8.758121060462058,8.17052284913449,7.580179796333743,9.074758999974788,8.18406091984673,8.597746231121333,8.345312330353394,7.845875037334247,9.122650181793931,7.326145574583989,9.424294791345808,8.050605409679322,8.689668231069431,8.066211762552468,8.694168268231065,8.68327401746376,7.9098827362184805,8.75360995679474,8.64626912313825,7.577384019916264,8.461060110212625,8.514246668930486,7.8448523293280426,8.666515374261278,8.462990641736745,8.677184309142964,7.608380235734711,9.386252462382753,7.306428571812193,9.051314396982404,8.090879654971271,8.381023582446709,8.855239853945882,8.452453532333807,8.529754567251862,8.157580626554175,8.549422927939652,8.536958256776767,8.6747108051212,9.344434311923894,8.876336237893762,9.030304988988997,9.386728062744575,9.60821733197509,9.42535692121214,9.632950960279766,10.14215685485243,10.589780282101914,9.649599674291304,11.684388451709726,10.121186220304434,11.055762846249474,10.812195203977957,11.667100533613318,11.008209174297138,10.990501373431965,11.517597268245499,11.7020750610934,10.444025863831255,11.824388716875887,11.459748277760427,10.986666301883147,11.382095974193273,11.717800505834946,11.345591151279713,11.617980111244453,11.320717538998778,11.443013218066971,11.30474712677611,12.124708274987839,11.441722431400176,11.71352240488244,11.416429911827056,12.27731417197113,11.148999356407062,11.826230751223244,11.599319264575222,11.722579269663745,11.28074204177907,11.674786237872523,12.023663440852737,11.529835773625727,11.115218869329748,12.07799819399913,11.3938291312599,11.513762942481172,11.570444846314695,11.885890907359622,11.393738161160927,12.132190037950252,11.471705296778437,11.92959181987991,11.314682010815796,12.678958785248296,11.126708938789873,11.600286068248877,12.017939725027732,11.594678112150484,11.720950409083944,11.207355380238353,11.881557625926412,11.25915972723937,11.39539173337942,11.553509026657172,11.17349300680062,11.229715129112213,10.99298942291489,11.098467870814114,10.927021816385299,10.997753522082553,11.526072897150495,10.510299097125744,11.433029189252611,10.961208355113252,11.385488067766037,11.30184000511965,11.447159057653826,11.83134219097284,10.874153058215365,11.089912554885581,12.202464228778457,11.137691200406609,10.687967175648872,12.051061293634898,11.245134154486788,11.135859818508235,11.303892096628754,11.609453839411344,10.763931002713129,12.322086919009063,10.71474365634224,12.009766033276296,10.963005144310506,11.664357509662711,11.304721823840719,10.902614162511513,12.035887839536496,11.20980855195163,10.800088299907136,11.955604731732363,10.927605352572487,11.174720994078873,11.029795130866901,11.184905480540676,11.537468670069556,10.226063216341055,11.364001368650552,10.61704249969995,10.598496813861045,10.548941614193236,10.249943588360539,10.151676165790622,9.635794944822182,10.056630706836795,8.985687129137427,9.611004735104133,9.413189177581433,9.427089228689063,8.671690821688012,8.811849368199097,8.723445027455078,8.221294624417409,8.237217151702701,8.49857854282795,8.648122787543894,8.557225832085447,7.574645608908815,8.896030270655961,8.162911385682733,8.166241881459339,8.528579355304451,7.961665899356216,8.448211119736865,8.158111024921148,8.309823552168295,8.160099699155747,7.823902778758985,8.51772093675411,8.298673255930975,8.171308152278273,7.986473650069296,9.15048754801354,7.667024547721579,8.98218117723553,7.766537055953726,8.214100794907047,7.9965909281590415,8.67271791745289,7.95844065582691,8.245313304945217,8.489676941021667,7.7958560029634665,8.807177311967449,8.153598635730653,8.537193267907337,7.846122614893448,8.926875411154093,8.169336262823402,8.070643476539612,8.271883681363747,8.375808734049409,8.25151306446022,7.592155205712971,8.5223589850062,8.240897707048193,8.39205829719393,8.269450263076783,8.34539297692789,7.700428412522507,8.74395353515944,7.80976524553573,8.678997880093142,7.535003119533268,8.43905954562439,8.42712157061635,8.029596740848703,8.428284117778155,8.503236521802233,7.240365740836916,8.879437756671893,8.56118920143074,7.9654578313728255,8.40247701648934,8.552544001744451,8.091040024862943,8.383341674845056,7.463995215458182,8.892671724365416,8.079089354633675,8.701882783978569,8.0421627922201,8.32315588485761,8.133507349075138,8.797299907713521,8.171392597307769,8.175426458458736,8.257529235904425,7.918903970814629,8.400369921823351,8.167266011250526,8.683247271546485,7.887284892176597,8.78711743551618,7.822195490015057,8.656446153757484,7.89438284404887,8.797455484534936,7.781483035127949,9.11836313636354,7.648805219785629,9.255018630021574,7.353658743969483,8.963819618284093,7.545506225697083,9.045113721995937,8.11717886639139,8.267363924051956,8.709570032249525,7.724204767321555,8.555978427038848,8.225154190150409,8.358424088632077,7.441834603364896,8.941658916504444,7.903143177138029,8.749352193906294,7.766108544416113,8.802870557851481,7.835454280956967,8.526433358232811,8.1808943339189,8.591243023977935,7.55954867082028,8.862536039476604,7.873146288994088,8.912431282096863,8.05436435510716,8.352346766528994,8.136082766599342,8.221138055905087,8.770903739000993,8.217175136658684,7.944577648251636,8.575398379446328,8.033548009957507,8.57312069050348,8.13887723066224,8.794361099259318,7.68093640339872,8.319049926850333,8.641939653459326,8.24458513080454,8.547642155674605,7.476327097065133,9.40131867801151,7.521944219640775,9.117599808763105,7.804195148528873,8.81686546813077,7.741685022444784,9.145410825808856,8.548573023856939,7.293018993449713,9.105732178737732,8.02671523107527,8.649605146509916,8.143783526526153,8.705328106054425,7.836699576455486,8.413701665926114,9.031501277008417,7.89158290293379,8.434945709326625,8.104303067320345,8.536415106918053,8.21594999221465,8.684866860437529,8.047390248434008,8.130572941827907,7.9638303031524105,8.987316155520592,7.9848755922944665,8.867985000771794,7.961503249344735,8.008775796865432,8.439484381799906,8.01483958538933,8.789503758496926,8.299885707016422,7.622882308050376,8.513034315186877,8.202217673392353,8.540166360915961,8.124203457919267,8.79372140703103,7.799949570692463,8.809892279741677,8.2568155966544,8.34904994875504,7.880740017009288,8.980641546345637,8.601736594348536,7.914564724083378,7.933511724437907,8.963669441243024,8.101790284210205,8.25798894418715,8.408544011230902,8.256327067430451,7.879607766236498,8.939147746165606,7.816253749954834,8.532221816166624,8.24436467174752,8.452487025338547,8.37696536265625,8.50134967141165,8.747295325392248,7.730851977414769,8.699682475135983,8.282001410576834,8.48069901377274,8.134044508043065,8.649823716267335,7.96998963932818,8.664625227966669,7.768542684627083,9.048558455559748,7.627486588632074,8.984410365171122,8.287070454641565,8.370449498308211,8.035151361593366,9.081136977265912,7.832404831976947,8.377751124429837,8.34370204355879,8.315886203826727,8.738182616283508,7.342561914551387,9.231945896207678,7.8438503151883765,8.824319022273036,7.718341651059074,8.790052008790287,7.592101955491437,8.696258105312797,8.507913144140826,8.428496403725207,8.220437070013343,8.1830304480934,8.714941276650267,8.151336295198037,8.863777755827964,7.897603674971817,8.293935895891249,8.610175401729855,8.454308486108989,8.148681342223048,8.434882899404824,8.119757090651749,8.895668446601691,7.706350222670792,8.768175044183941,8.48963206871724,8.035548215912044,8.54930880837454,9.066879973507808,7.3880103131321615,9.309407651054997,7.235402090152112,8.811474345255032,7.897740848607702,8.591827882838757,7.954924455651401,7.915566228919982,8.63041506113796,8.31115586768216,8.418180721368028,8.50242684091753,8.136023251603678,8.14927318293913,8.16493988053253,8.032264403396606,9.120248574245112,7.864003960679604,8.609180732856826,7.777689501851184,8.48633806142336,8.803665285150842,8.211878899636998,8.49850229753493,7.984318616002184,8.434575211613762,8.765969704653457,8.369356865932554,8.11590330422236,8.862955739100785,8.354354783113434,9.193583372154597,8.48652927124253,8.627045904270695,9.055465101258223,9.762680071027344,8.941317128272118,9.494417181129892,9.541518509931256,9.773484830077132,9.823335665784171,10.325095491440361,9.808434143162657,10.55054416953898,10.144224889905518,10.556620137377966,9.79421099577411,9.865157815574992,10.681167728522182,10.18381263937182,10.586495230787756,10.451742661617091,10.141399334960944,10.330716694019127,10.593595962713795,10.34080570143028,9.843734279734408,10.497527819707384,10.13471690194062,10.31093402961581,10.049419159994786,11.06772878564274,9.91443076527058,9.732657489947368,10.184234662180161,9.848078384439786,10.180285310813552,9.88342808540291,10.1049243079809,10.133640378111368,10.062328163230186,9.983352269263332,10.46113498797952,8.905451862405377,10.37689575967691,9.33370747099011,10.22990359316892,9.541376795855676,9.897047651813692,9.847459365030144,9.046045950980249,10.673411110028015,9.70547735981955,9.840227053773914,9.427086677656833,9.988718264115368,9.314482817215238,9.968010291218151,10.105363769608875,9.334422684836525,9.898249767435107,9.164805367601428,9.953473487015208,9.689775865667825,9.770552864133705,9.606777586986635,9.724609535283733,9.425712574127454,9.304640858763221,9.726818647397074,9.260569143317031,9.519793455212701,10.273003115666425,9.53466607198431,10.22154397966652,9.09215781796104,10.746452619706602,9.435135309224341,10.298644623834035,10.236137942451379,9.466644504688075,10.60279126468426,9.638372276409855,10.330536890154097,9.525302147961547,11.046984707921132,9.376656044165927,10.546496848215673,9.324227559187774,10.930174564526737,9.538261797934165,10.350816930889476,10.448076751747495,10.455395195124062,10.140177907108658,9.90962806620947,10.712204596598953,9.732434474055982,11.01438249501711,10.37236583439014,9.547042290794987,10.973479518064616,10.168762174810608,10.356722601059218,10.465361405427892,10.740168955915928,10.45942178556076,10.814270368687197,10.16247597131259,10.923522923582553,10.509120198323714,10.789917799163,10.890097351105272,9.950944525891309,10.598606502575192,10.025442505901074,10.461062558240583,9.508698607565229,9.937334837087754,9.940100070995605,9.434114130058648,10.30910976135484,8.11717606458193,9.42482659058957,8.040324638433143,9.057284505025807,8.585233318371088,8.888624798779698,8.36793286425373,8.724995150653037,8.652266395728425,8.967596824675189,7.832178024336081,8.670577734097229,8.84727136623426,8.27906045158705,9.222175838512692,7.601462320474293,8.793773082833129,8.327163560933752,8.596643263896317,8.637998010696235,7.684229712545259,9.651007783071462,7.772797379552705,8.892561238299447,8.569704675789312,7.871617837011201,9.448577987843516,7.987888625155523,9.422858692289655,7.594522086236014,8.880524183365837,8.890777680420639,7.9913712883306145,9.570429782050986,7.563216957229507,8.634088453290374,8.817916654668139,8.161284303817286,9.446756631884115,7.094474409113954,8.870066499824956,8.908917416653917,8.197976502471924,9.069427637228136,7.955620483498406,8.49344290260537,8.408555127217756,8.357429533119634,8.99650811968683,7.725047781945523,9.750308308706943,7.9002319728055435,8.378227474273503,8.84707976730852,8.598806347924606,8.95825105771734,8.153074203565104,8.522338917798685,8.913233352781596,8.17410462004444,9.3605915985567,7.495997161933539,9.166087781063604,8.038480218950047,8.894209804649785,8.681315300942721,7.860468254101781,9.475751873192701,7.988954464051262,9.203583673577148,7.953735244752229,8.760970250184968,8.506295774628729,8.58665503225601,9.03354624660066,8.455615435664862,8.44581011587134,9.153319939704003,8.255130549523368,9.639136691180383,9.032009309877964,9.502270026284595,9.056105291399497,10.287446253861626,9.311849001984434,10.260238274637004,9.891403497823841,10.248156545696174,10.665505772720412,10.717887798364595,11.201336508908629,9.848947298101473,10.906425532403723,11.463616204395272,10.609864272273466,10.915835271955789,11.161572506104912,12.085852932206665,10.31480708799637,11.850983941176288,11.599668530750403,10.674074246588484,11.832431015235686,11.436667994655053,11.727594445416086,11.116889139323813,11.629705977601313,11.991628521078578,10.951610658823833,12.30999559422334,11.6399196550188,11.455938306966182,12.24328410836247,11.125911103462188,12.598088791084784,11.112174239264188,12.361278481551755,11.932226854454107,11.888259895596036,11.841782746392614,12.205448787811521,11.57495818628309,11.44856333940601,12.260592610485233,11.678201701336855,11.99366237179687,11.590204169436673,11.86598578564202,12.007238136439899,12.083624800763403,11.776067225461208,11.733197909466305,12.286736621952926,11.950856790741286,12.040042614138997,11.85286595739735,11.921519375064722,12.263630887226508,11.763009459621589,11.864077543349318,11.766537644568213,11.74971781844584,11.289417661757525,12.342062502096715,11.413264548548813,11.486372574859615,11.369090824372451,11.900681385168186,11.480657515668627,11.221125447417926,12.24990182503437,11.030116597258804,11.769513917158672,11.567740359877549,11.286027300938349,12.525355465135847,10.933588283651828,12.507676032235223,11.555092574240025,11.273949188388272,13.427413902378946,10.55889225207581,13.315510957914709,11.04283306708871,11.794072880887738,12.02165440664006,11.018306184013692,13.020934076489254,11.219393542449309,12.322999418334414,12.425619529907898,11.467985047486927,12.656143594964714,11.15150857650986,12.903448730607822,11.509879697936903,12.1338758021531,12.793830523577826,11.2292228681439,12.572243399744229,11.949468143622703,11.303755139478799,12.644318541710575,11.243155419457091,12.41856745639195,11.559229636307188,11.686965362618993,12.314930095778154,10.78920057495436,12.067760509739943,11.462548041505125,11.576616185301297,10.864595398952574,11.093450176439564,10.64514561373121,10.433024218681593,10.823011764682219,10.203471904763347,9.295475038684295,10.118052134628734,8.868705933665247,9.807735993464801,8.75658911429657,8.54831345668374,9.145901680051672,8.178877002748981,8.605563814252003,8.83412394532314,8.925666207320381,8.273661375142023,8.734918609804796,8.031511054088678,8.553358338422463,8.962674576866764,8.34153332715234,8.503878278781979,8.610536522942915,8.323346419421345,9.116594940343262,8.36432149325809,8.524109242440522,8.890623057394611,8.286015810196607,8.860486068859085,8.242406863331183,8.512980628975988,8.22901463615088,8.671021669426324,8.37569139682999,8.986053422003375,7.668175809898731,9.245158592344586,7.559487708186115,9.724089549159025,7.630639901154992,9.187584041667494,7.914365165823459,9.11279650794654,7.951473706377057,8.230507341412219,9.135059938499095,8.210280444252625,9.136114654665203,7.710084724438694,8.865514737156541,8.31267408192469,7.895623377899959,9.20417759144059,8.49749615294239,8.339275758800417,8.836783499776708,8.052173966498435,9.094318615024301,8.365047221298651,8.369983198273315,8.535239435297758,8.548243733452024,8.63879518891065,8.709695763712139,8.18122003756775,8.753887002061443,8.297347885177793,8.687691999537261,8.130199360915778,8.369953025889902,8.753762211914497,7.74528155906437,9.204788405544448,8.45221465023546,8.529504427912967,8.876588000472024,8.556287722702459,8.252840365481882,8.423915857340532,8.77731877812496,8.26305533510013,8.754370390021563,8.81738555534123,8.48923839675574,9.259170385453242,8.508723031052709,9.286718777775157,9.356659410543132,9.17284838306098,9.19509774119905,10.078122801849013,9.197576730859788,10.238528939330344,9.682198556953434,10.140347866149014,10.625302353904903,10.040986015399312,9.942631006365037,10.864376613798873,10.990046120810641,10.33123307804889,11.344755446588005,11.289940805522107,10.617733269877125,10.609220403845745,11.604039769240972,10.430517063199865,11.29452047355784,11.286279768183213,10.880587336694212,11.036664656785636,11.398809367402775,11.344316756355893,10.829452224926413,11.629268382222707,11.825648372716582,10.876906072854386,11.815773760949574,10.89196046090065,11.900238276602083,11.220977311295774,12.02459139743199,11.489860482377315,11.487565879163649,10.795385911160468,12.656817330506938,10.683253182520481,11.612433683586621,11.398929072481897,11.434391509232428,11.154632450242843,11.83189228360852,10.975322951481996,11.024090670741485,11.913606714451069,11.804283193706846,10.724923900815979,12.023008569882563,11.206985813410338,11.919586609996236,10.752047964225845,12.042439321683103,10.96355059928572,11.627418280768525,10.978337312902646,11.732616361792514,10.862308607290817,11.612837671445066,10.875292550254002,11.094340641203653,10.761189113793284,11.173101823947711,10.847810030945896,10.624066156533868,10.458402830346811,11.479271009548883,10.38373316778182,11.28875918126045,10.753375147034735,10.78459833260937,11.161262116547059,11.439754033184924,11.603362064532321,10.703242872360486,11.42011229909336,11.361721605475378,11.158146485568343,11.08164692325829,11.871869809295363,10.855908679210902,11.485029905534669,11.059602929198501,11.655160529281327,10.790720841533826,11.60365610526254,11.583903258492553,11.11521595776392,11.33423629681891,11.367983701874818,11.413562784421574,11.12785882296352,11.817280925878636,11.417018168571722,11.788266035293542,10.533374719762566,12.539249536686885,10.538612729267541,11.88721946643045,11.267985292666909,11.457918347486611,11.022554227070273,11.927972131896148,11.362456996201853,11.354854681271448,11.785524243436136,10.953794562549652,11.037831015701727,11.376598673940952,10.966878177862002,10.409499215244638,10.148543382830313,10.15152910155556,10.212397536824783,9.959105013090511,8.957315877036514,9.182698046819631,8.679897322769598,8.803209344859557,8.277926899048818,8.93596372816092,8.160922746698692,8.530969392809407,8.43007778173624,8.185704926618694,8.604843340975554,8.053333739334105,8.58712873751609,8.208523776171118,8.29151210801056,8.337286243469775,8.102569198620824,8.681047873611885,8.17918393238759,8.622318655097247,7.94818446745476,8.845133989419178,8.247154354176804,8.713278336593271,7.905857087209208,8.315027882608906,8.583725015756997,8.100536322634055,8.773668091877687,8.00623324401988,8.43359140974781,8.53138110547638,8.374499427846954,7.947729290140179,8.324249887525426,8.630613675185801,8.507562874847412,7.873385801439492,9.101503380838174,7.992577626335755,8.762440144571798,7.858980918939544,8.948501177824424,7.262816481677199,8.949670332123848,7.782341622443256,8.87964536289996,8.174590270093962,8.337890999907016,8.136895571791888,8.341915164090082,8.244297546486692,8.400990028421713,8.434507461565868,7.938413625809683,8.943045212853091,7.865570520454405,8.594985055107013,8.410833403694765,8.769342550265925,8.120634652202337,8.443947407820584,8.209388622374593,8.539515678457306,8.892591997248443,7.326745081099998,9.026101348962026,7.714561373855305,8.847153715140509,8.414887015319747,8.154384338477016,7.926299670304491,8.606499502354623,8.357863377633825,8.596297102946178,8.195747420446336,8.310328688717767,8.6533886280687,9.151967013453456,8.229006624262167,8.5781794215118,9.391377840194242,8.666575030380251,9.363090928144144,9.404501485827703,9.220127174578,9.094810977124933,10.510791308510441,9.695538815579702,10.485200989771027,9.925392847222602,11.13178405003933,9.973006887550792,10.981990476719423,10.518801292575288,10.925473811322211,10.306796050223847,11.69006278054168,10.729386635863543,10.938618833612038,10.849278020098195,11.150058805666252,10.811425994013756,11.30108056939518,11.157651468434688,10.746699268467115,11.26873827954134,10.650248946271228,11.799634239313505,10.555035352914917,11.225264085012805,11.266772173040865,10.401438919159908,11.172859248251973,10.795406059355798,10.402174015197295,10.953321614380316,10.62964816005281,11.061024989339842,9.992825164928428,11.228880057431144,10.552234988243642,10.472594881088796,10.517170705910166,10.647292556933449,10.14937100042901,10.29750311570554,10.009487360169505,10.49415494174077,9.96683832275993,9.803930947522959,10.86447398579991,9.990723847535765,10.301576819432293,9.553966812280331,10.895490416617452,9.866959667255495,10.572512323459001,9.90244764906666,10.268926999162277,9.914281600158056,9.612590138533479,10.633832955512542,9.28379202946401,9.782474869856005,9.672810962762076,9.943787874312465,9.316487877874959,10.112361422668537,9.247615696036581,9.481270205623794,9.67902915008678,9.544581062405694,9.048667545396224,9.966218162703653,9.701968635603178,9.981164515543123,9.008832975535974,10.392976326051494,9.243804579845953,9.741109725091,9.748516007581118,9.315920292915168,9.530292625486243,9.92114062892585,9.099999156085167,9.682313177178939,9.61162551314882,9.685964377441767,9.46007423037975,9.641327446059648,9.850476044643063,9.99863153268895,9.405059807862479,10.466398445249858,9.76479895991585,9.731615142937143,9.989574031013388,10.153376347639924,9.656369877889146,9.74017389118052,9.673437751869997,10.11522854151516,9.515168217703094,10.60752162081501,9.70652615220598,9.650007983374733,10.419169794109976,9.293801561420176,10.558716149463642,9.722735771269862,9.640509792560106,9.830345842496818,10.025473616768931,9.23347146039209,9.521510139576485,9.20990001209392,9.125366958792647,9.191612843641403,8.6673483305735,8.631658086882295,8.885089496749776,7.757635995869844,9.086749238086256,8.049429081057518,8.507295199421556,8.367075027547166,7.61210268315239,9.073009383243832,8.097709852283208,8.159919942974433,8.752340385479243,7.791323957520855,8.480677546573196,8.257545892822876,8.340594591166214,8.40455952844894,8.242875458843395,8.571007518855243,8.20142460068068,7.857712176389379,8.462195281147347,8.138009625499455,8.438877524392069,8.080603588207943,8.308700640837984,8.004014748645332,8.6409269485095,8.22715759188248,8.073051149438456,8.040130913856757,8.840615437564763,7.886772178796439,8.479906615329297,8.031006186523792,8.982726471939447,8.01646362691498,8.041646263257919,8.409452453687178,8.683907265712827,7.451970322684704,8.512258856858445,8.467091953366385,8.318741185267776,8.269243685801834,8.557339834238723,7.656215306374564,8.654691191784428,8.597802660049261,8.085585378756136,8.938061839252102,8.249665880280867,7.896883327479792,8.48609385692826,8.283584014962747,8.427733826742829,8.25619611562541,8.653251752958957,8.010141387920214,8.116084332515806,8.327986156533791,8.611989639376612,7.709472325372828,8.539884878288346,7.615628687053306,8.97640673347129,7.920992325817553,8.528674829605357,7.89929077827683,8.528282953354852,8.114134090415522,8.543723839841173,8.763511997352674,7.684428589924558,9.028178308609263,8.199766748504103,8.32062255384712,8.722408399724724,8.853452717907118,8.254894722041994,8.334559206984325,8.959045929986376,8.619082229680703,8.899998485681921,9.840183869491657,8.408213282612474,8.98024502191073,9.898963029983777,9.715649670728807,8.92648562913141,10.877997262061895,9.450305126331138,9.822822691009705,10.09648050988405,10.494481683842231,10.260148822984984,9.989175157643249,11.083984835802896,10.155206560281432,10.482516422358668,10.612612794985386,10.79918787482506,10.402332294595752,11.521912920068335,10.026526575212692,11.234627619891745,10.259867814158415,11.067355400177968,11.18732845891578,10.206051570943883,10.819005075575172,11.038711122733861,10.702745096351341,10.667052359705181,11.053873751725389,10.993213871143146,10.7414761572828,11.302790517027809,11.488516471966484,10.718526854639265,11.103598551865055,11.04897818674645,11.123451649708059,11.214498038416114,11.522187634644416,10.615548860666664,11.309925211130958,10.782991887222366,11.321839573926608,10.367454708221691,11.581800474294777,11.480730710218975,11.267332892551403,11.20168350329934,10.850609794737158,11.333640784400831,10.520973002615708,12.218866119518257,11.0686467047905,11.123127196555343,11.171429087839408,11.5997387611152,11.158701051942392,10.654886450863767,11.997223743547998,10.738722039380432,10.754920873738218,11.19436215213811,11.355412204883377,10.933839427152039,11.178069394317774,11.373483323206507,10.900972175713019,11.320648722819369,11.309348545198645,10.855105838005752,11.557400522272417,12.10139280618479,10.8865995761597,11.50308001442192,11.40025275721526,11.91674082011295,11.145104851967972,11.296260277874156,12.296784958078836,11.011352624076737,11.523723188567292,11.719799055236706
