6.044104697902997,5.9262578507264445,6.347490704556306,6.032171280582745,6.116720890899498,6.010624510248501,6.359816222389539,6.441745594342551,6.048504691322643,6.501772417624794,5.218234700957927,7.64145211835703,4.781765988667801,7.759249311884252,5.809239540696142,5.693687586883702,7.881068740685789,4.505576480825737,6.145156548221906,6.7467633353670475,4.676488257348533,8.109486433168263,3.935712645848589,7.275251287420597,4.726996702452495,7.407847316165772,5.338149626553054,6.237190086146199,6.243966757953167,5.731708424588042,6.649512367745243,5.254504248599207,7.410481124420967,5.193129915098343,6.534833977818491,6.726182053287828,5.169802456299458,7.645968793233244,5.3435802675286865,6.747546907564008,6.2590578746795655,5.863961256345112,6.616142261823021,5.889547519385814,6.321273776292802,6.500558040241402,6.013083745241165,5.765433175365127,6.115683013995489,6.332894353667897,6.193932561576368,6.409163349767527,5.481273140211894,6.688695992132032,6.384228586653869,5.767920417686302,6.824253718157612,5.798151920040446,7.180303259094563,5.3505109170079175,6.5757032330830905,6.508511627515159,5.473044476707771,6.984323480327929,6.18972184985876,6.3498927432298675,6.300555456976096,6.30638011455536,5.71320575336615,7.2090031691392324,5.666503521800039,6.107516436477502,6.5567850570877395,6.01207288612922,6.2053816834092155,6.607165395518146,5.636284899512923,7.108991780877118,5.828578357497849,6.555312103827796,6.342469206750395,5.719121693571406,6.9884390705823956,5.408558123409744,7.016060912311081,6.51747854570548,5.9366702251633,7.285549234350527,5.751921163698036,5.167421103417866,7.752689288854607,5.131678098638846,6.626436677972479,5.583810134927428,6.692541345655923,5.783230553070702,6.6729447781046245,5.552695227960743,5.8519012804826085,6.338531323273978,5.525097914934155,5.814790666401384,6.156314622362456,5.451382737457746,5.98054239908854,6.8551443513234505,5.540982977350549,5.884738526046274,6.093193291823069,6.15593803515037,6.175120490094027,5.4908475634455645,6.569991497794789,5.588845741748806,6.2037627162536,6.232532604436079,6.602322427233061,5.86116690725088,6.344424712359906,6.6858476198713,6.069631120463211,7.095321149230008,6.104958348671594,5.11921604663133,7.504180834492056,5.594789995749786,6.14773338764906,6.849357371628288,5.6792998681465745,7.281252347032234,6.119995216826596,5.934237872958182,6.563993201951189,6.796932903925581,6.287300981581212,6.3515772155920684,6.20568745970726,6.580370921393238,6.934770254790788,5.647916882137454,7.058120859165991,5.913522869348525,6.084013921519121,6.574922269483408,6.505540981094046,6.498041371703149,5.579545051654178,6.509225872059664,6.699055959582332,5.6543405569593075,6.598221099178,7.01567321946224,5.753984946310518,6.530405271947386,5.7129911684989905,6.807235616644226,6.034120432535807,6.319245518247287,6.338831337392332,6.051427730222543,6.646571153203649,6.420948835313322,6.017095128198464,6.682940382659438,6.400265987813475,5.777286574741202,7.165815512736642,5.358687236507729,6.984114586810275,6.143916913568973,5.826673808197178,6.66606339534124,5.9170763564109805,6.127308828234672,7.771782166957862,5.659665332039194,5.795168328185875,7.2818272721767485,5.707857656975584,6.392854242225491,6.091770454247792,7.300078308979677,5.836794293721515,5.781120674510795,6.866795588731769,5.450245459973807,7.386878459155566,6.245176301995915,5.843004706303276,6.6737145906686814,6.440039993623895,6.256563091576099,6.581685696939629,6.333347976108394,6.125690854092439,6.944640256166463,6.018139888445535,5.988847172756989,7.3584784528613145,5.616364272336162,6.417763007183871,6.86946434984605,5.565557474990682,6.597452441553278,6.802599767247838,5.744085931877293,6.84868699371815,6.454643953939281,5.7728318390250175,7.578711007833489,5.0854380634427,6.672762308716779,6.938772070109848,5.663816017707186,6.90899322777987,5.62400486350059,6.594274368882181,6.024434643586477,6.324976415932179,7.289606723785406,4.941785963078334,7.026574473381046,6.925775397419934,5.50399565249681,6.811940934459371,6.396512761513394,5.814855906764664,6.651501131157082,6.7065069757898685,6.176944011847178,6.388266233205795,6.432024491628012,6.867748247285688,6.092538279195626,5.5253057605028095,8.134176114102214,5.23534299463033,7.177207509775961,6.152808776696523,6.073270431160925,6.476603560149673,5.902639228502908,6.4698037922382365,6.745724040468538,5.836015444596606,7.087656995256748,6.1070167211691535,6.371880101064841,6.350220811069014,6.630633313755197,6.311656501889229,6.167550127208233,7.089316786030934,5.341268383562559,7.634413462479918,5.59461842268705,7.170262266894187,6.373878953258198,6.010468494693438,6.443459894458454,6.6420754458506925,5.793586237927275,7.386603930691884,5.540153253773843,6.820927832325305,7.041590896646185,6.115776994129021,6.409167089859645,6.909900814493502,6.260806428094707,7.28631071855625,6.4010485507051165,7.6121335697174155,6.863019035359226,6.9650433056553265,7.902150226831444,6.644032097160821,7.042454978128278,7.753470756014196,7.782092707157142,7.22636429071427,8.562732463379712,6.824728068610037,8.097344958682864,7.848937520583478,7.529819899400081,7.660426786740629,7.667232338686793,7.759235103627054,8.643742995162816,7.10193622887135,8.071804710229248,7.032668053905173,8.045747355719419,7.236742419799174,7.254917879005277,7.974217281540243,7.174499304294592,7.054440497060622,7.845440886914739,7.324762563506767,7.0378529765208615,7.156082970698679,7.733953470488396,6.970779780050123,7.532351345221208,7.195831376214828,7.974517178138107,7.600085544784872,7.089809526205068,8.509523070951314,7.173340617915,7.9919736828406736,7.846248769362776,8.242658784290164,7.106990584731108,8.233599603970854,8.84301438480617,7.813985442419854,8.411994950075956,8.479917514522882,8.124052946170181,8.403659330507129,8.618187012871116,8.209998320539801,8.44864566018185,8.608978077967972,8.894956501623007,8.452005932529778,8.178693401416151,8.967732728024338,8.866327218314023,8.395831475158541,9.321415786643836,8.786821665962547,9.10772722442946,8.995426978965613,9.091139898498867,8.775075134833665,8.737041167815537,9.647706806560372,8.96704184194407,9.638633560438963,9.05771841098866,10.216502675910807,9.455234888990733,9.632867214679731,9.91275324483714,9.030823618372294,9.798896375497197,9.643866914411399,9.586093570788714,9.777137617965554,9.77674360563359,9.15388642748198,10.050315360327575,9.494180106421325,9.562158956726405,8.933997302254053,9.571850489874693,9.204111378987642,8.890337097247453,8.793603559633107,8.936182795663688,8.622896893322478,9.016818358500812,8.707504963477465,8.693794636329027,8.715487793584677,8.957966122229905,8.503543060620636,8.677062875827165,8.422416044771682,9.044037472506377,8.669163715442032,8.500955818196148,8.735759177704663,8.453798826833577,8.615490493973107,8.502762116392464,8.499391881426186,8.747236149211737,8.318881460328907,8.608342930078518,8.147329224844784,8.022150317629189,8.14776617993912,8.012719551622876,7.9440384708841725,7.8739709114035055,7.633634266555316,7.531061178644506,7.513230729301778,7.724347409208624,7.758907034595816,7.451903549631444,7.355422522326318,7.151771959861125,7.287071695526448,7.138585750957336,7.235501171251144,6.827209050556028,6.756394860645139,6.668662104209268,6.706889148553216,6.725213525195919,6.680319317479931,6.597255327006184,6.559188171823821,6.510555428167185,6.489570485254131,6.743751174410188,6.887401588459813,6.764927576184276,6.706059745152794,6.325324338873229,6.228866544862589,6.3061439516146995,6.69057033946117,6.69109734942516,6.3161473276217786,6.372857512136302,6.155890374084314,5.898148636122543,5.864259004195529,6.069309311409791,6.431215170224509,6.579220108886562,6.82786364157995,6.859451223214471,6.943913647433127,7.160596502919997,7.1579098602136035,7.366418794294204,7.512863399585095,7.581577166219559,7.819230278333037,7.7762931536634845,7.7938731883963035,7.727497026522961,7.216004216571654,6.9771696143349065,6.9349416144688965,7.027955626149978,6.906087217231596,6.932538266082609,7.019889602263773,6.933198812504613,6.880267996390664,6.894815418322885,6.956012111504878,7.080722533365096,7.079807406862582,6.908788761993253,6.918162920077646,6.799259471197927,6.7367922081549985,6.762580487628782,6.7540526347359044,6.617427272995315,6.510204733510814,6.438460265000662,6.294388399024806,6.239550228019556,6.322988719542823,6.163082216580709,6.137599150141081,6.100453094144663,6.063459491928418,6.027939422329266,6.102555997570355,6.034084328015645,6.1393931274612745,6.246404251952966,6.186362904210886,6.155027857025464,6.19278002580007,6.287317134340604,6.366570794781051,6.364676739474139,6.343819816013179,6.310787320037683,6.322220016916594,6.337182269295059,6.39050322999557,6.2982765402396526,6.3683052756389,6.326397108634314,6.3056377815206845,6.2855256741245595,6.262822233637174,6.270072727700075,6.350465457340083,6.337394413550695,6.419264162977538,6.4155799995859475,6.431956963439784,6.359682907064756,6.361554767390094,6.2188281323512395,6.337873334189257,6.256242284079393,6.287070007522901,6.264592975874742,6.308784243365129,6.284081313808759,6.301595573027929,6.349794128139815,6.3287719195087755,6.2676234485705695,6.181735513110956,6.256284190913042,6.264386814435324,6.231144840915999,6.182988586028418,6.293907727797826,6.217086154719194,6.222593006094297,6.283386230071387,6.193069311281046,6.194741424520811,6.145085812409719,6.171543055077394,6.193055950005849,6.178739755650362,6.166245818038782,6.277707141538461,6.353978705008826,6.425949851473174,6.498268112142884,6.3736684231956815,6.2466003655393925,6.329051283498607,6.306630206306775,6.318890622158847,6.2554566266139355,6.219970033069452,6.328223777314028,6.300506629546484,6.30881729443868,6.255353227754434,6.297318434019884,6.303841550250849,6.303668699165185,6.306435948808988,6.286756585439047,6.2778393467267355,6.322490638395151,6.331264234979949,6.335103492637477,6.304754065175851,6.41317630728086,6.409522677858672,6.352833659251533,6.267556142409643,6.263650732835134,6.249773454268774,6.264391801853975,6.3237253480156275,6.299463772674402,6.2059715761741,6.227188052435716,6.216575862367948,6.1734858258565275,6.244298648734888,6.378335638244948,6.367550900479159,6.171042716403803,6.1162323953708,6.178062909444174,6.174789671202501,6.1600244673093165,6.13598236878713,6.278961254854997,6.224491164882978,6.189676741262278,6.2370147763689365,6.266707748075326,6.31278475513061,6.3873614772160865,6.334082330365977,6.375488560100398,6.427913572986922,6.354902597268424,6.256384646495183,6.318085432847341,6.402125830849013,6.346319732268653,6.266385251780352,6.26989861180385,6.274899763067563,6.251845242281755,6.347520058353743,6.308995279272398,6.331390088697276,6.341828348239265,6.247944037218889,6.253888484438261,6.44885401238998,6.558368302186333,6.582946188350522,6.37687089820703,6.300564859410128,6.326836453874908,6.287510000069936,6.262879121502241,6.263415443499883,6.225165749688943,6.224856376250585,6.245176475842794,6.2851133816440905,6.2801161136229835,6.286859034498533,6.358153677185378,6.333354930778346,6.190262278815111,6.151010852058729,6.201366517146429,6.338885323603949,6.409921677609287,6.591939211984478,6.643444176514946,6.731201144357525,6.550704035659632,6.483700884481274,6.4126933210094785,6.513809055586659,6.5975081520279275,6.678122927745186,6.632315609653793,6.47448655744394,6.383098253210387,6.275006880064805,6.17654442658027,6.0523354967435194,5.968316969176132,6.068984166880448,6.0199409921964,5.962133485873539,5.907919244070847,5.887675783236819,5.818867545326549,5.903666696747143,6.043047849436601,6.069779761930306,6.223744143148264,6.34064721663793,6.39097667147716,6.4050092162688586,6.409328820606074,6.324714511235556,6.2631248106559125,6.262238345940908,6.2464791371425,6.215545781453451,6.1510614736874905,6.10821620841821,6.156202590664228,6.164083867271741,6.1989542596538865,6.212521720429262,6.169836188753447,6.181074316402277,6.2315773647030195,6.221842209001383,6.185172825058301,6.289575335582097,6.302413346966108,6.350120952328048,6.374867251416049,6.257735090752443,6.257054550846418,6.2854929338892305,6.252376837631067,6.266879265805086,6.30966505130132,6.227665053804716,6.210491399069627,6.211794578333696,6.169565576513609,6.187533089419206,6.212182265718778,6.27634589691957,6.2174644683798155,6.3020149545868245,6.285188127954801,6.266300432880721,6.15390974243482,6.158880499800047,6.136709764500459,6.120132449766,6.196651606758436,6.233221882780393,6.215561596949896,6.25105731566747,6.190180038114389,6.226871566971144,6.221738423903783,6.26679307093223,6.198089474936327,6.192339765032133,6.184775404234728,6.200574605961641,6.191505954464277,6.161277008553347,6.176900090773901,6.224135656257471,6.222682616313299,6.172242884536584,6.200722327431043,6.2166531466444335,6.198538676102957,6.22393619110187,6.221221983035406,6.214185840984186,6.200575360258421,6.148543106516203,6.214220085342726,6.275148399372896,6.295279719432195,6.2000538038214055,6.239444403549036,6.273126408060392,6.27514887859424,6.254041990240415,6.28637113293012,6.266085237463316,6.284822635849317,6.232930389543375,6.199940355320772,6.173799587686857,6.179427657624086,6.166273698409399,6.251496439476808,6.244512224992117,6.229479230542978,6.265662386020025,6.234179814358552,6.240938592453798,6.283366106053194,6.231692658265432,6.22958722849687,6.264611254533133,6.2778295742472014,6.202497465511163,6.169279707868895,6.232988193233808,6.212210723956426,6.223746275206407,6.284687511225542,6.3222459255655625,6.2660228647788365,6.25426399876674,6.230484308501085,6.2490897258122775,6.226890633602937,6.200640427370867,6.177838698228201,6.249285048445067,6.2318118192752205,6.195496086080869,6.0917725940545395,6.082475338776906,6.100792151888211,5.884335547884303,5.8660946392019575,5.910482677121955,5.901605007251102,5.899680244525272,5.834901723166305,5.856516582866508,5.918073043425876,5.942696579595405,6.072626216908295,6.162669097383818,6.112684620519479,6.155496043463549,6.198958496948084,6.133069605429967,6.197922411163648,6.202925547858079,6.183714068730673,6.181990313430628,6.187064099510511,6.136740320523581,6.178764895101389,6.19214262833198,6.181196663876375,6.1830438612898195,6.242388584514461,6.231461683710417,6.194651613732179,6.232403823037942,6.225507313807806,6.262457875510057,6.164430872698626,6.121632128258547,6.0554112820823995,6.244628633757433,6.378518065114817,6.385682395001254,6.271123925646147,6.20733127286037,6.216164488395055,6.188109347422918,6.166902523835501,6.140489864250025,6.174125107427439,6.191939435203871,6.173533958991369,6.288033899863561,6.2248902725179995,6.078852424820264,5.639162704447902,4.58453192075093,4.726429394980265,8.13314591070017,8.583163389166208,6.849095067580545,7.4986962132652675,6.830400406618917,6.225291041632495,5.817772990961867,5.529919005235032,5.523459286590412,5.834535942872363,5.703590154548483,5.63228961964448,5.884893951614697,5.768297622104484,5.728070265253383,5.543931405146912,5.431035800774888,5.446094070076938,5.639648738404112,5.625952670772866,5.725990395744638,5.739950579901533,5.711505370636778,5.852227065761882,5.885315689643222,5.972899438341458,6.033632602294285,6.081323531468708,6.075041698416073,6.038798487981159,6.040006459554036,6.05857045551141,6.092374082108339,6.124921928842863,6.070238317151864,6.063726921578247,6.156448762615522,6.166058998902638,6.192113979955515,6.152735257049402,6.120730765958627,6.090374292333921,6.121946053405603,6.13721457262834,6.145071274836859,6.103362761636576,6.188447668751081,6.171281057794889,6.169050730069479,6.180913228889307,6.148256637354691,6.182494100232919,6.224592695434889,6.228606575926145,6.187242712279161,6.201647978325685,6.207367495199045,6.17889147212108,6.142000543971857,6.170367121001085,6.239216811259588,6.231774882574877,6.1654012971123064,6.225130929549535,6.154963234563669,6.185486929317316,6.20912012209495,6.204704831441244,6.180079623361429,6.153082545300325,6.190436060627302,6.230642919739088,6.179964797099432,6.147818339665731,6.188871754904588,6.19541608085235,6.125479787190756,6.0972431470950434,6.153958594997724,6.160738446315129,6.162794275184472,6.185793194671472,6.136942735811075,6.193357279201349,6.203999761839708,6.098899997969469,6.169942059417566,6.120197181900341,6.193263865907987,6.2583623634775485,6.203872601886591,6.195571837027868,6.193303087254366,6.22718708773454,6.156443164845308,6.131623594959576,6.13695532520612,6.188425679107508,6.125628423293432,6.126976908346018,6.198670897086462,6.22979639907678,6.247790233989557,6.236326623161634,6.186127440830072,6.205456635256609,6.201573926111063,6.143762436111769,6.164802217682203,6.109243954320748,6.130452521046002,6.0290139838059735,6.059886808892091,6.065278650720914,6.069370256861052,6.1738505517443025,6.153815348943075,6.12434870024522,6.093916391928991,6.134345657428105,6.073860767384369,6.1131446929772695,6.153564904530843,6.159196135898432,6.099338117142517,6.161266813178858,6.14561674108108,6.163224955399832,6.184743057390055,6.126536401410898,6.083000085552532,6.135264333983263,6.144446687301,6.092778085668881,6.103700984617074,6.148588386972746,6.09639549334844,6.066878016193707,6.107473421593507,6.111993585725625,6.10831693371137,6.185012968381247,6.204671278794607,6.209213704963526,6.239078487356505,6.408055658837161,6.327106326719125,6.286825650235017,6.2931093250711765,6.25182677825292,6.2827863474686945,6.335814080437026,6.2446837597092,6.219649680157503,6.214367372294268,6.232045085330805,6.195164395471414,6.196384842296442,6.217102967699369,6.222347782452902,6.25661558230718,6.215775347550711,6.216238270600638,6.246387146910032,6.263556679387888,6.285190017720064,6.2012423150738085,6.208722815712293,6.2441143964727726,6.209857275386652,6.204093315203985,6.18608931829532,6.1813298462828,6.2406279920538275,6.216762446065745,6.214627394278844,6.128195086916288,6.13257894208034,6.168899107476076,6.158401034375031,6.183287744422754,6.230684807499252,6.1931817372639975,6.263404474457105,6.176470830341181,6.128343441088995,6.130960059066614,6.1241921274860704,6.116605762739977,6.164681401451429,6.186703269978365,6.16990653326114,6.150824527343115,6.177384868462881,6.187960886855921,6.09583889057239,6.141403255959352,6.127814550598463,6.132895576258501,6.103918235500653,6.14849342217048,6.179717567165693,6.201005495091279,6.107832749088605,6.169706009229024,6.105240963598091,6.083009689648946,6.059452945192654,6.074214446147282,6.142944616576035,6.145457136233648,6.193304648598035,6.273171333273252,6.325813530584177,6.184351162513098,6.271223846276602,6.2670922570427265,6.203156652053198,6.224150646229585,6.267247036298117,6.238536828955015,6.1915305944283805,6.2290879820783935,6.174931892355284,6.149906277855238,6.14889269342025,6.169838130374749,6.209964880545934,6.183724200030168,6.18833732744058,6.171211138864359,6.178939773639043,6.193545169432959,6.1838905530174575,6.095381214221318,6.114641100962957,6.22267270286878,6.208092886110148,6.129960754712423,6.168621610601743,6.149145211180052,6.101687124272188,6.123876408537229,6.087051026423771,6.072479128440221,6.098457381029923,6.07689746638139,6.164124945004781,6.197815267046293,6.131483507057031,6.110184556742509,6.185571398039659,6.216402943631014,6.2159920935829485,6.0988468029101695,6.197091497679552,6.251226745446523,6.237704885204633,6.188902795513472,6.145485950609048,6.169474154611429,6.145745779176553,6.163807833095392,6.14681065817674,6.1518931310375535,6.156026606758436,6.131956761976084,6.173920095165571,6.2335094623764356,6.2127942492564525,6.158528964718182,6.092564292152722,6.179036190112432,6.2002732061346375,6.208032200535139,6.139568962951501,6.137061124046644,6.166162864466509,6.099573403199514,6.10994528700908,6.1696284579237295,6.188726808627447,6.168941709299883,6.17098757793506,6.121010779937109,6.15262225051721,6.182545139094194,6.212121866246065,6.208636531134447,6.223449900050959,6.180387407441934,6.164526797135672,6.15115604331096,6.174458101888498,6.152612169285615,6.197540584405264,6.167256660660108,6.144665524264177,6.200194924970468,6.193605813284716,6.124613962372143,6.121723690529664,6.147973198195299,6.260594039162,6.271981676419577,6.25459678431352,6.275282400747141,6.344453097780547,6.3576429246862745,6.42529525568088,6.731338294049107,6.829999835391843,7.323863120575752,7.688304978211728,7.65484291454157,7.658325002094117,7.663424830635397,7.838978019257395,7.685422525604573,7.644096390505639,7.590575123031941,7.613996184368936,7.553405894537774,7.540650660892335,7.80094935586056,7.969305581947177,7.804394657512514,7.988861196537821,7.779947544535009,7.781730261643736,7.719572889705507,7.714342539807168,7.609383740921823,7.687843907972184,7.9146662487586426,7.969915635486453,7.839502800305692,7.712945900758115,7.460218738218156,7.4258148952325245,7.4992085572083855,7.692379827400056,8.08692513724169,7.892967864771692,7.687121527095643,7.771704568465558,7.6157379679878625,7.534331563909856,7.341146925290432,7.507884290715066,7.519528786738721,7.466015883584824,7.489253216882554,7.506604065795747,7.4125467430551915,7.521175596018639,7.559544787605611,7.535933370788899,7.550258358915654,7.549385734995213,7.500632264812794,7.430431448419896,7.571934811671582,7.6783722292383585,7.476657564540711,7.439943663974609,7.437542947729435,7.439732272823658,7.627107051809636,7.707657290597765,7.702446222205964,7.688034088214246,7.7600574024518405,7.846812308033316,7.705888096292821,7.606144371827451,7.554848255713787,7.163092975517119,6.821382948358857,6.627157958050572,6.5149635263284065,6.762284902532898,6.880564224024617,6.857414246400201,6.8020663308103915,6.797340218921506,6.861576061447465,6.946302286287152,6.93629454215368,6.960400890906657,6.886212925513589,6.970677265127503,6.848395211597287,6.880835242172086,6.877357025643193,6.75568264504274,6.601032385726772,6.479661548932395,6.352773491938909,6.395169631441436,6.629050418039165,6.72788616528114,6.6545313148697245,6.720954731007421,6.613384804924332,6.517530071636044,6.296796572407087,6.216207162340482,6.201358545323213,6.331504672964415,6.32577248354753,6.4719858469565725,6.495117960472904,6.471736761828265,6.406434619327388,6.323843426605066,6.218148485322794,6.233040221830209,6.240232558747133,6.296383833785853,6.385858365496001,6.3649489625295015,6.2759494884808875,6.286522991855939,6.286907054682573,6.243021640976272,6.289352368613084,6.287215408881505,6.2731683992346134,6.3125964771707865,6.316569671531519,6.288772857983908,6.296446560223898,6.2521929799517,6.260376326044401,6.248963772555193,6.265273713966211,6.259258949955305,6.2579789980252585,6.276497068305811,6.247960449059804,6.2720359464486455,6.270168261726698,6.307930141290029,6.297047392626604,6.302053080101809,6.298520816465219,6.18295577933391,6.253945537706216,6.163686450024446,6.19989606221517,6.22991167296966,6.2118561120828,6.171963269909224,6.197371224661668,6.17018608947595,6.2022586222489675,6.227089437146982,6.212550597687563,6.127333095868429,6.151355238457521,6.19511588772138,6.2180681662758195,6.1598302500446644,6.182981875737508,6.166385284264883,6.20249478061994,6.198897677560648,6.2407118867834415,6.193737510641416,6.206271340747675,6.267931335469087,6.313107508321604,6.246823395987352,6.197981344064077,6.203337567945322,6.180376061995824,6.190670616229376,6.211974462767443,6.247166204055151,6.2642492549618085,6.274448231657346,6.181818526585897,6.2163643192251525,6.123877622683843,6.197748712201913,6.168880449136099,6.125154925485452,6.166590348680814,6.168967523773512,6.194122732480367,6.181038364370664,6.141867996056874,6.1819365506370865,6.1395737220843625,6.122832986315092,6.164714034994444,6.111968303223452,6.1242073752482735,6.133901682992777,6.120269902547201,6.160857146879038,6.21047685255607,6.245670583446821,6.280162465174994,6.261417804559073,6.184140671094259,6.203921921451887,6.215567034383615,6.227230858107408,6.289964472552141,6.277854030330976,6.243221082588037,6.232876480122408,6.23304858704408,6.20620065321525,6.209650119741758,6.219129829009375,6.257687694032987,6.252863948245843,6.228761827250322,6.192578270335993,6.199198371072611,6.239700764616331,6.236905587514242,6.280828160544237,6.277142850359281,6.287780130108198,6.220370633204778,6.245069211026033,6.2574451061089835,6.224141133626302,6.219152785440286,6.252840120395025,6.239304876228174,6.278591113885244,6.26969408651193,6.221064339180788,6.226781182785829,6.22747198243936,6.268283938666185,6.224578063686689,6.242684160967668,6.303805135091146,6.312139282723269,6.351710436840854,6.344396623869738,6.365748329957328,6.353545552094779,6.3459804814060545,6.336701000829539,6.3496570761998505,6.41240099122127,6.4057740189631796,6.2271730079253516,6.229588746627172,6.3119280519088115,6.313467000623546,6.252890346248945,6.373853764434657,6.4412948401769015,6.436346107025943,6.455909001429877,6.45745136310657,6.455698921581111,6.289393219550451,6.212501225670179,6.179994277854761,6.019861574073632,5.996027517517407,6.013426779409247,5.841359121104079,5.843444127937156,5.913970096011955,5.856125267644721,5.946090910335381,6.044792510469754,6.012090349098046,6.032895981868108,6.1509435426195465,6.082628775139649,6.117580908735594,6.192142479320368,6.236227573355039,6.266346732576689,6.203219211896261,6.135389872988066,6.177264419098695,6.133985657890637,6.157683399220308,6.0549597169955565,6.156057371099791,6.18989342113336,6.121741743584474,6.128382156689963,6.093276144464811,6.168975484569867,6.121350180407364,6.079349508186181,6.146404908498128,6.182303013404211,6.1275530295570695,6.128429538508256,6.159646110435327,6.1336881109078725,6.137637148996195,6.055226447780926,6.067053211828072,6.116374671657881,6.137644041379293,6.104794015189012,6.118295303185781,6.11335029621919,6.2065456675489745,6.216831133564313,6.204958543082078,6.194880360563596,6.2125551470120755,6.162553666730722,6.1261703999837245,6.153933619757494,6.1474836339553205,6.082421967585881,6.136364499827226,6.128294945259889,6.161865712304911,6.086897140642006,6.063347219725449,6.038815475900967,6.050467558105786,6.082582379182179,6.065185104807217,6.145068154235681,6.134098300834498,6.06858590175708,6.082531151076157,6.110357620020708,6.118759039243063,6.11585872878631,6.064157746036846,6.076387416919072,6.139317119618258,6.139306206007799,6.078450818558533,6.09767162044843,6.122136978705725,6.161588107546171,6.115185894270739,6.167873762150606,6.1183580114444105,6.153896767099698,6.124078212579092,6.147549855311712,6.056379206975301,6.024186333417891,6.0341796149810145,6.0118724776307735,6.0623544486363725,5.922933315833409,6.012226715286572,6.119867523809274,6.105282490154107,6.184802119930586,6.070397077997525,6.070540609856447,6.132192383905252,6.169970215161642,6.171011010905107,6.119761201639971,6.146889546414217,6.186335176130136,6.120056131680807,6.086772709687551,6.110390579303106,6.122885067661604,6.200376783808073,6.125610091586908,6.10920341004928,6.10238033314546,6.088369129796823,6.226373644073805,6.2223744498689975,6.11580333908399,6.18959060539802,6.400307765205703,6.354534297486147,6.198247897227605,6.158071181972822,6.096112148662408,6.019223675032456,5.83032458533843,6.0266193666060754,6.030787439246971,5.89903584440549,5.878888260622817,5.928592336972553,5.978387195964654,5.9826592614253356,6.003300037582715,5.994877532919247,6.018969306548436,5.861879102190334,5.999234111507733,5.979740670820076,5.95769645979007,5.91784339537223,5.975102137525876,5.998052707513173,5.998678293426831,6.018200034399826,6.05263193955024,6.04159993280967,5.9456601511438665,5.987739552160104,5.9772995125253985,5.989503497382004,6.005110109349091,6.009231216212113,6.029597597618897,6.030662340720494,6.050071129103501,6.036780124803383,6.0173070799311,6.050528822143872,5.982773896952469,6.037735375364621,6.0206959580381705,6.035145470698674,6.09695969124635,6.062707096834977,6.030526877244313,6.0463110296924905,6.02291246732076,6.011414188345273,6.033397150238354,6.0522027422984435,6.074019298156101,6.095206196804841,6.1393336271246275,6.116603107353052,6.12968092729648,6.129503870209058,6.297010871370634,6.344782587190471,6.368572887976966,6.332074959476789,6.383921419580779,6.2865255086620655,6.409863494833312,6.418569216330848,6.525543618400893,6.5820427902539596,6.4848336415489545,6.4920349096258505,6.442245511909327,6.275421234269938,6.276294688781103,6.359388461013636,6.271538846989473,6.153132946391901,6.177114586134752,6.254041167994341,6.2104029523332915,6.173415645559629,6.211635916729769,6.171998431583246,6.206235410471757,6.242975163956483,6.251410089035829,6.2109691413243615,6.20146678497394,6.237223800619444,6.208510302503904,6.2343083946903555,6.250864360531171,6.267493671973547,6.210250439842542,6.193933962782224,6.150249833961328,6.170339977343877,6.163708681662878,6.170704514284929,6.204449531336626,6.273572514255842,6.273725732167562,6.292307785948118,6.1363487922151885,6.168571362396082,6.187860267957052,6.190652342339357,6.1953915842374165,6.168436918159325,6.16389446725448,6.116912143429121,6.102009107371171,6.180936352511248,6.122311831911405,6.118684283097585,6.103930638631185,6.22730622937282,6.1330472757418955,6.144883162577948,4.1158078565200125,4.439069252510859,5.487581028540924,6.064299928744633,5.9653795166810335,5.779460352261859,5.7706183948119465,5.816822099586326,5.840981958409149,5.949974715610344,6.030615293582279,5.987825845678646,5.945974259277184,5.905511880417664,5.9453085710604965,6.020143246849377,6.063956768413384,6.114449084897837,7.1827886190017125,8.861981104214998,8.467544730802388,7.06440520693859,6.617689130206905,6.343151178260646,6.298923137684665,6.292163839240869,6.356083271404109,6.319277519484363,6.297359370489915,6.285392689605556,6.198245415886244,6.18825221379598,6.193788223167261,6.246097287138305,6.259074007471404,6.250927242835363,6.245464287598928,6.153553162415823,6.140040071209272,6.177528788646063,6.221483814915022,6.218862222035726,6.219078820844492,6.190306253929934,6.149188376267752,6.189932991762956,6.205910718043645,6.213692876895269,6.242719340225062,6.315255602200827,6.442938805719218,6.578561004896962,6.570184808572136,6.448934738834701,6.508847036560379,6.488575673003994,6.5326618887980805,6.586678241391979,6.723964216609798,6.751713487108551,6.659784975846611,6.577460055251919,6.5550496750076634,6.7326026164492,6.6846653782328,6.612263453503452,6.621613324781261,6.606793176730476,6.635731896956765,6.59770136078199,6.578511488040291,6.571499012907349,6.4245117937525125,6.422122645576796,6.450900069673858,6.406393367250762,6.274482527871927,6.352161729832492,6.437766038378081,6.454832086165748,6.427393935223422,6.391430801947913,6.386729195018611,6.371583045323692,6.3575956924756385,6.386374533673129,6.314135447045169,6.396079894502959,6.268912666340669,6.1837379685044285,6.205564940770468,6.166945004065832,6.253617580135664,6.240270695288976,6.199361997743448,6.274091974397501,6.180117490192255,6.217148611148199,6.303397723933061,6.213852926393351,6.3110534777243945,6.316281604667505,6.303729647894702,6.338317745824656,6.52030017902454,6.638160257836185,6.589527063568436,6.684187475045524,6.877429200907552,7.142991420825328,7.245415289600695,7.572641177078095,7.690683610041943,7.851735098262635,7.655370373328534,7.375278384288158,7.935333695014327,7.177797669967021,8.34203526188931,8.069763287802546,8.207711078127236,7.752574695249406,8.551639461119981,8.004648981889098,10.461717825134608,8.756722605129095,10.113404804964876,8.853725109001012,11.238276370962465,9.502427972753855,9.797571040292594,12.00420772602161,8.774674760003895,11.486979952653256,9.380087516804549,11.03699375828108,10.256901005109164,10.372165896495197,11.256411054333057,10.168817992111062,10.095065516730164,10.273429784079408,10.433012227614734,9.756865790088984,10.061679020722723,10.517951384087416,10.228055878182268,9.96005842407546,10.200223066707467,10.835504002769799,9.545967034896229,10.08050704379878,10.8082137455543,9.149400382240627,12.190060275693735,9.515233968396995,10.451849975188587,10.565709360440586,10.658147677083821,10.966332319279523,9.804397255380962,11.730529860158764,9.874621779819343,9.857191201647137,10.513228000899169,10.779280915160987,11.11307753284773,9.992786162694308,10.994988427062838,10.806963155468315,9.885927581985806,11.414189876814689,10.605231704910606,10.138304583330966,10.987494479318471,10.22669821520648,10.717056494255871,9.610899308522557,10.680685116549347,10.160473751028395,10.310996896823262,9.320068981548163,10.239454429050301,9.615631385942313,9.417799458702419,9.679170509179448,9.655603365798806,8.986292700370164,8.84938729842505,9.036034243305537,9.175536042650554,8.53596843500933,8.702723185022682,8.43448687573275,8.286723095377296,8.821123959024758,7.833826651771873,8.420784586270662,7.7377649458249484,7.951883766849844,7.789996099372713,7.690403886338082,7.493794732888546,7.480279908378926,7.473269872268048,7.302301431496944,7.113733598788584,7.124955444236601,6.926437802811469,6.992355190118158,6.765429448684061,6.840526153047883,6.757466465731466,6.7607328583796855,6.636813973685109,6.541952048142754,6.653789422412716,6.657030454476677,6.503803842266404,6.48335428406795,6.421242357989154,6.313467031915983,6.348049504359564,6.3175134881337485,6.32364680906137,6.422775865991912,6.489234437545142,6.36756612857183,6.354756053288779,6.272194187541803,6.178346612056097,6.159342231651148,6.1051286839445424,6.004267295897006,5.974130695660907,5.73706943184137,5.850098503728706,5.8524312969048795,5.881256546874839,5.781981410582858,5.817930134435493,5.953923844297725,5.901831622024376,5.790357679327326,5.793525258799391,5.826033270557719,5.9418870984514545,5.75313699920972,5.934296818574268,6.001751494010289,5.932693767150242,5.9332229246695825,6.095013233025868,6.065822528501351,6.080614779194196,5.914658933877944,6.079943440457185,6.084604833026726,6.093249953587851,6.118147680064043,6.071202242275079,6.108323159714539,6.098594997425875,6.042639072438081,5.995910944243271,6.138035772343477,6.202175809939702,6.181996058126291,6.08740123917659,6.121353610654671,6.115626782377562,6.139517097671826,6.147919088502724,6.145296011467774,6.189477241834005,6.215214098890623,6.198834417959055,6.228238814075788,6.227396114071211,6.250338753958544,6.161144015093644,6.096755398710568,6.178652212818464,6.150136736830076,6.104341345032055,6.187348761757216,6.168675735791523,6.242689546545347,6.249956196447214,6.300478892525038,6.497333452304207,6.460780849953495,6.413491521974406,6.292929597099624,6.327221061487994,6.263909771343073,6.2294509934385625,6.282932814558348,6.270043936868509,6.288124405046305,6.37014776637157,6.518737332125507,6.433228206237159,6.5068692367275585,6.349328396519026,6.303587528367839,6.294365102847418,6.296439754565557,6.260802233119806,6.245830983122191,6.246003099282583,6.332288086016974,6.252378185292085,6.361680374940238,6.425375157495341,6.3717605521281575,6.354196347494922,6.33513549466928,6.3045298721392955,6.33343884964784,6.292910886605581,6.30109833051761,6.169163465698561,6.27263834943374,6.294861567815145,6.300954395731292,6.326757463713488,6.340979203184447,6.33217759003242,6.346126584609351,6.346367007394633,6.337469799121222,6.288228399952253,6.24116265287002,6.226583428581556,6.205341019829115,6.240908067723115,6.171232958336671,6.266245638330779,6.2970011796553935,6.322057650287948,6.31073969145616,6.272361807425817,6.246949598987897,6.239384278555711,6.260521711011729,6.2707207982738815,6.257061392565569,6.274956449468931,6.196960305770238,6.1688577391703925,6.190754232903322,6.120804772575696,6.1452906470497455,6.171404474874338,6.174275767703851,6.224260542591413,6.239447018702825,6.312715127368769,6.377172946532569,6.31231054176887,6.2399470000465715,6.189980471034845,6.186637557943662,6.231967412730058,6.215799291630586,6.197672943075498,6.185989827116331,6.232992251416047,6.171232330401739,6.154940884311994,6.1809480853875485,6.287289434870084,6.1820139931639035,6.224052048226198,6.2231463249524435,6.2593452756603565,6.205363185604414,6.134176777203877,6.156781014601389,6.702526644666993,6.887714081307256,6.770611974199617,6.319166269203029,6.273398361106714,6.281508354743323,6.294685126443705,6.3411089389522886,6.273591756423315,6.228444131215414,6.236762710114321,6.176857966085276,6.1975372957189885,6.160807726879915,6.0611929207046815,5.879931837817031,5.690320383807021,5.618891067405538,5.935591138799984,6.088595235248407,5.85389535208543,5.780837171574432,5.675969171226021,5.390949020286396,5.240612122615172,5.417728415032222,5.5224171253045355,6.065252132614453,6.8782871245344515,6.899721373220289,6.462563373645148,6.050073632498582,6.025205479462941,6.0929177459081005,6.011564659376939,6.10034917106231,6.082234425445397,6.042119476695855,6.074596929152806,6.0035582040747,6.019033550520737,6.06229238619407,6.058904678126176,6.107209454377493,6.131602005859216,6.109675354560217,6.091516916056474,6.095939373870691,6.167459143598873,6.1426906849940615,6.195944744249186,6.211164760490259,6.275333967705568,6.185660330851873,6.193954496582349,6.199816379149755,6.189850132664045,6.215226055880388,6.218386488159498,6.169865514238676,6.181189004381498,6.124607518812021,6.121303757031759,6.104698397417864,6.166287134190401,6.216385829051336,6.151500908037027,6.1627039839824045,6.167711772521336,6.186694524784883,6.110891333123047,6.114718254407247,6.144623265465101,6.156849838693937,6.155310474832853,6.11810392220815,6.092489093442757,6.091014308234056,6.085662259658178,6.13181426336368,6.14952156295379,6.135759524305662,6.160228910644849,6.150348114569982,6.143577469487985,6.1428781681259474,6.174534726937611,6.12287960877021,6.114242582221826,6.086816836496195,6.113971872826418,6.152239159246286,6.1094388269384705,6.117834737797579,6.146295973857244,6.12745852847894,6.082182581027348,6.140329207976659,6.169140657981237,6.164054245551427,6.190441660483678,6.133719116946062,6.129185555179914,6.189583591123422,6.113042647441229,6.082682638665039,6.108024493356546,6.0996106754740085,6.112189406951269,6.1184438969691595,6.136792438824972,5.998372390170891,6.016422457893689,6.074614677925904,6.063479955991109,6.019605446060498,6.068689069946606,6.187930287917456,6.096351921161015,6.047398702700932,6.105402550896008,6.1352348213394485,6.169651652773222,6.151166677673658,6.130636242528757,6.162202915449938,6.102413383622963,6.186806153853735,6.224927764733633,6.168443883856138,6.220958875914415,6.234400095244249,6.265762896140417,6.262527782221635,6.203275554676851,6.188994414707025,6.200520074268183,6.184200033744177,6.18639129926761,6.15547608156999,6.178429568310579,6.180768815775712,6.192767335673174,6.1766794075568505,6.198083992799123,6.168715526958307,6.161136410137018,6.096513762076695,6.119425471921762,6.063812336822351,6.125507671137651,6.140668647487959,6.141142509182295,6.114758719106516,6.132187322278818,6.1976629926761,6.188622068067392,6.187126373847326,6.154226669569811,6.175289830168088,6.140150087376436,6.123224503596624,6.138298331101736,6.205250554581483,6.07574930657943,6.05677279104789,6.130084294875463,6.151881580551466,6.145247073968252,6.154864242871603,6.193801815708479,6.190603841145833,6.184107734461626,6.1452483724554385,6.131022358735403,6.1267449848850575,6.2658163850506154,6.196541270216306,6.218492123087247,6.225267179807028,6.240376027425131,6.245854138632617,6.277868531545003,6.268739393552145,6.313256674607596,6.331999950011573,6.332356187601886,6.335435420771441,6.395623977979025,6.313384221990905,6.41680142303308,6.602894697089993,6.606465327640377,6.65898506989082,6.809129096766316,6.8936522551377655,6.952102698584401,7.070188349386061,7.1312542956074125,7.075494756599272,7.105930029948557,7.256226658125724,7.184854983588066,7.377449806829301,7.316761966546383,7.473005072673168,7.610720849533883,7.384259144266452,7.262362668116892,7.278915494283045,7.298990015288199,7.708877828915921,7.808892792065946,7.482147577603664,7.298757907946911,7.368159250219669,7.338279060920086,7.325250675578918,7.377601231237259,7.467228319247571,7.323057765265312,7.443802702327576,7.282662722369041,7.27096489479145,7.239665551384296,7.190341797669735,7.123604371746387,7.0735416023929965,7.146809473236408,7.035525596638525,7.071268160243834,7.111280875702704,7.239697450598086,7.269884706934298,7.281598265369739,7.2429282804330235,7.273348319133127,7.235700126787032,7.40895004500946,7.272181837757433,7.259626168509329,7.497733398874606,7.544015650947895,7.427764051457253,7.582579361399022,7.521799252231922,7.4691727988918695,7.645097687741128,7.486816732188073,7.498309348722306,7.514451303382722,7.445928980608788,7.3486337759097475,7.359137909611072,7.488861468931046,7.571323481996862,7.791316481729356,7.781038928528635,7.748439694543688,7.4391787972052965,7.434044581850376,7.447442764838542,7.532282419105378,7.350822438200321,7.536559998591748,7.222808780868855,7.1497285865744,7.1063522400458705,6.890910077889764,6.894036511977519,6.916969092984998,6.727245487471424,6.548104463716351,6.581619415283205,6.75139014353355,6.69508464833101,6.574309982558094,6.243706624110541,6.189976245860258,6.456588146587214,6.098524003823598,5.8964732587337485,6.008072505593299,6.005128881235916,5.9588479697704315,5.930191457470256,5.994115233023961,6.005772252380847,5.917165194551148,6.0681663595636675,5.972546395858127,5.998712719281514,5.939018497665723,5.990241415699322,5.827499906718729,5.877293200890222,5.919094198544818,5.8567392143607115,5.899751298129558,5.945172769625981,5.887404640515644,5.780948154926298,5.737573176920412,5.71807878176371,5.593451182047522,5.682375153799849,5.755056050419804,5.770096509059267,5.870753554602462,5.783106364210443,5.686019043227033,5.604742812712984,5.650617517530915,5.577611810465649,5.705145499904948,5.465035280783966,5.608583895067372,5.582247757315632,5.643221042255557,5.817452545960743,5.751018167336778,5.7595178222656225,5.77141897946596,5.920527709921199,5.900575489302474,5.835105013449985,5.894986522694427,5.963012245496113,5.9109352459510145,5.9413402225573835,5.85336323191722,5.882292769352594,5.8782467645406715,5.822376743555067,5.9764165549476935,5.755420116484163,5.802611214816568,5.779466977417467,5.831638832290966,5.80498228450616,5.825432473023731,5.784934229751426,5.8709927092989265,5.872107367118198,5.846323405106861,5.955634608169395,5.999071770509083,5.973039012551307,6.008101962407429,6.003794337411721,5.984472693105538,5.972216474612553,5.953213335176307,5.944763559599716,5.982203884919484,5.96476551045974,5.975380415221054,5.983687801857789,6.026197348733742,6.024944547017415,6.035238938232262,6.064589576323827,6.04150680532058,6.075869465967019,6.022061397929986,6.0135269935925795,6.045221046408017,6.024637805124123,6.0226333512862515,6.016885671516259,6.074229640861351,6.026991249819596,6.045787370403607,6.096530924042066,6.098135834534963,6.0770082687338185,6.123455442686876,6.105954311092695,6.068013172050317,6.075530276795227,6.0860346539815255,6.180897823770842,6.128216013511021,6.115462608834108,6.068346040745576,6.1125119467576345,6.12164248128732,6.1061169784267735,6.2188331394394245,6.272164342900117,6.225752119918664,6.167655819257101,6.208350982864698,6.254279240270456,6.239413047929605,6.193462404211362,6.24655226190885,6.194658276041349,6.177085018952688,6.126130369504293,6.191280136903128,6.292735122640928,6.33477728476127,6.244546663363775,6.163656611343225,6.163508074184259,6.173784528871377,6.161523438592752,6.154840656419595,6.138999791344007,6.150591668685276,6.164349498947462,6.1560334127148,6.189324507017931,6.179427482684454,6.192441951831182,6.179397953649362,6.1775700100262965,6.196357581516107,6.123164735039076,6.216473080118497,6.486943178077541,6.610052613516651,6.4795826124151565,6.236371945043406,6.109962656398615,6.0739905320604635,6.121973922451337,6.1663827766974775,6.111058890422186,6.149899032016595,6.148152901728948,6.179860740502676,6.136492668886978,6.046336613794167,6.120215762456258,6.101942792435486,6.153372724850973,6.113653603394827,6.178432931800684,6.153834894796213,6.170967093904814,6.17956984659036,6.128735732336839,6.120262492199738,6.139281807740528,6.115780075391134,6.144802093406518,6.155717981954416,6.088159581323464,6.092204248507817,6.128320865829786,6.1150848214825,6.08526515563329,6.071360387702782,6.114281855424245,6.1293821900089585,6.083561153014501,6.1724675409992535,6.123790835638841,6.139564852019151,6.177755404909452,6.219109455247721,6.2054912098248804,6.126028830905756,6.10014575501283,6.188995888133844,6.137269201179346,6.110658739109835,6.1034388472636545,6.157808989485106,6.147274615665277,6.0877002849181485,6.093752185006935,6.1503847574194275,6.119959860046705,6.068570996125539,6.10055237074693,6.183189742167791,6.252059462567171,6.132734905680021,6.086599329610666,6.121037359436354,6.136842627127965,6.00440751214822,6.06935346742471,6.101412148376305,6.094739961822827,6.116246662934621,6.120813447435697,6.109706507821878,6.118023969431717,6.10382524540027,6.102547444899877,6.136900661488374,6.149793884356817,6.134699202080568,6.066334125002225,6.144024976094563,6.164403023620447,6.0918760215242695,6.077977559467156,6.119341235061487,6.078455079694589,6.087069124182064,6.067976673146088,6.1011706807216015,6.129822167058786,6.156210034986337,6.050658996601899,6.073818329771359,6.052672310074169,6.020094038546084,6.09962966610988,6.022652455170949,6.037471584578355,6.079146751662095,6.115562651058038,6.126930113335451,6.125828847487768,6.1102205180128415,6.109330095251401,6.127425267299016,6.040550021727879,6.08063239534696,6.1115633748968445,6.110344805916149,6.119344252546629,6.095383547445139,6.099796431561312,6.081261967321236,6.0768165542682,6.126818302472433,6.1533737533291175,6.131798463960488,6.168177945216497,6.16082898726066,6.1134236206611,6.123490096231302,6.146854978104432,6.077865027685959,6.126431595583757,6.088571579655011,6.113447994490464,6.148225791951021,6.14692776610454,6.10481954862674,6.107007471223673,6.165544767578443,6.139020108779272,6.126883184214433,6.10523897488912,6.10918000837167,6.1349777211745575,6.12411684413751,6.083632158835728,6.097323751052221,6.0994768946369495,6.139790783127149,6.143296241362889,6.128485181530317,6.139009611805281,6.133942316075166,6.180970103045305,6.12628900696834,6.128887535830339,6.14131432880958,6.13602252771457,6.099791755874952,6.1078558595975245,6.151305095156034,6.128026653130849,6.067892545362313,6.105183370312054,6.129714551766714,6.129769763251146,6.113423402508101,6.100428607066472,6.129287120600542,6.173116671343645,6.09940447618564,6.117509009738764,6.166669752498467,6.232136997481188,6.162518173058828,6.136531707843145,6.148519110878309,6.173395768602689,6.137046336134275,6.162531955738863,6.187414698203405,6.1584487925966584,6.172276719709238,6.1165489511688556,6.130524167915186,6.149703417321047,6.174527741869291,6.162835367520651,6.160034670432409,6.14459353407224,6.199318719108899,6.295230646630128,6.269031590421995,6.18116796930631,6.1894108336170515,6.210030574103197,6.196873212059339,6.156788727839788,6.154320709904035,6.193415566881498,6.138107857306799,6.123065286179383,6.095879508753617,6.129441346128782,6.177031715412935,6.114291123052437,6.1484492303927745,6.163383558293184,6.209794922371706,6.122685220738252,6.1246226348479595,6.155208315749963,6.22122851540645,6.2126888932784405,6.144794675906499,6.077726451953251,6.129621601899464,6.188857422967752,6.120120287438233,6.0614915077884985,6.112733946641286,6.186675188740095,6.180490105648836,6.125003871818384,6.113982837100823,6.158790428241093,6.098379511435826,6.1474036308129625,6.129120418330034,6.160197404225667,6.148305838008722,6.16286120971044,6.147179309924444,6.189079967637857,6.169709822734197,6.126876309116682,6.143344713350137,6.148068627913793,6.174194777508576,6.129903260072073,6.0669231565793345,6.091569907565912,6.172282332380613,6.158939655025799,6.118484666248163,6.117699744602045,6.194361476202806,6.177763298650583,6.137628056009611,6.100895823438963,6.200077337821325,6.206659034689268,6.161472698648771,6.137161857088407,6.205270978113016,6.161987011929353,6.129656490882238,6.161670786639055,6.171942041416964,6.199348184963068,6.252692533334097,6.162459962864717,6.119778110583623,6.102652335663637,6.154087712367376,6.1839099027713145,6.1606642236312235,6.169790630539259,6.148775107165177,6.1672710483272875,6.191173489888509,6.10177541365226,6.1183213554819424,6.131303252776465,6.124104571839174,6.094062182803948,6.097878513832887,6.090755528112251,6.083568882246811,6.067671824892361,6.169363260765871,6.124982070823511,6.119573082526525,6.099457131226857,6.148940783341726,6.169494566222032,6.112932395537695,6.1146197586258255,6.1638307379682855,6.099605160852272,6.156544167896112,6.158287152846655,6.150270182689031,6.090334929128487,6.138306469817957,6.091441081364949,6.121054469843704,6.138905414839586,6.129731966753801,6.129476842482885,6.082243040998776,6.105330266555151,6.1148529328902566,6.097794161637624,6.109755960007509,6.116334904929002,6.047028103073437,6.113253657122453,6.157008093198141,6.113728717466196,6.070742763777573,6.0353819044431045,6.104428430994351,6.086268873711427,6.037377808888753,6.04662461866935,6.078881835540135,6.057113687594731,6.182055324812731,6.0479494573672605,6.170521975954374,6.161582764883836,6.125067401429018,6.137333699663481,6.188497643073401,6.203290494879087,6.185845706363519,6.172433301409086,6.222799144883951,6.167898434897264,6.130150359173616,6.144691217144331,6.167345655163129,6.1647271819909415,6.187137537201246,6.231433571775755,6.22695319523414,6.220099677344163,6.278703009088835,6.305883675714334,6.2416650908192,6.202900832196077,6.216163346668085,6.230837987263998,6.182887961467108,6.160068763991197,6.15136226763328,6.116954576571783,6.107661726971468,6.1307312416036925,6.152290947337945,6.14713347752889,6.159058834215005,6.105970455010731,6.098038425346215,6.132800962825616,6.174990536173185,6.125206957360109,6.131213048597178,6.130042980213959,6.138589376409849,6.108432840009531,6.1114083906014764,6.113261828025181,6.1622399913271275,6.075638857682545,6.097257609268029,6.1128609322508165,6.118661049803098,6.089572560687859,6.088856918712456,6.062560709019501,6.050194716950257,6.133263165851434,6.180338960190614,6.1127831267317125,6.109919266303381,6.123932061096033,6.104567854305109,6.137153322597345,6.130595046480497,6.157891598244508,6.142957000931104,6.1347606067856155,6.1130316724379865,6.127960419853529,6.118020931680998,6.1670933934052785,6.145602171023687,6.145478972395262,6.05959876914819,6.0165142001708345,6.133148750861486,6.202516823013624,6.177745239337286,6.141974944969019,6.121853195925554,6.142626149853071,6.14666173328956,6.109117978711923,6.12329854597648,6.130747897525628,6.139040336509546,6.086904952724774,6.123742035528024,6.181380539139112,6.2122017036875095,6.16140646626552,6.213934142192205,6.233122541507085,6.2812953763206805,6.342001313765845,6.3549239825209,6.243739438553652,6.154210229714712,6.126662518282732,6.073910708924134,6.072571378250916,6.068872995277245,6.051321045060952,6.016703148980935,6.084750707646211,6.0616877656181645,6.066364185412724,6.066332769592602,6.108932576974232,6.0979148431619015,6.09949385513862,6.096365604003271,6.021281519134838,6.066027120550473,6.097621689339478,6.058693682452042,5.982204615672429,6.100492133696874,6.085730027159054,6.044817437132199,6.065729543169339,6.094447704752286,6.133497196932634,6.12632870366176,6.08262817253669,6.115194507439932,6.119480771621069,6.044054256876309,6.085554774006207,6.093734180827936,6.132902331550916,6.148447276254496,6.110144742627939,6.106845576663813,6.1510821040471395,6.140037632485231,6.163871434529622,6.150545444687208,6.133068960805734,6.088361534376938,6.1055370392402,6.052417067786057,6.085239763756593,6.044996907313664,6.079973249932129,6.050871864457925,6.125888672669729,6.0745302959283185,6.053682111700375,6.110974731942019,6.137104713817438,6.140235649247964,6.146608822544416,6.097772183020909,6.110401252110799,6.0505235468347855,6.046941913564999,6.1274809040625895,6.087295700212319,6.124019658466181,6.045529655416805,6.061829365988571,6.098840536077817,6.082826015253861,6.057855352063973,6.026903299887974,6.1274500488241515,6.11132296582063,6.04045514901479,6.035802696545918,6.079931778808434,6.136259902318319,6.153985909422239,6.084747076531252,6.0772196747859315,6.109015765984854,6.105697933336099,6.140186297198137,6.122062788208326,6.136875283916791,6.108381665845712,6.138721147080263,6.099697107871374,6.1421158732970556,6.0856108524401975,6.0781047527988745,6.088817781408627,6.098131534357865,6.078205006619294,6.118084188302358,6.085366409321625,6.122340442736944,6.128780381580194,6.121123745640119,6.077661369939644,6.1100227012236905,6.10074309994777,6.095127604504426,6.090500989456971,6.124249434967836,6.082051189740498,6.125189142425856,6.1202707843979205,6.148248403867086,6.2139733200271925,6.153690068026384,6.174978165527185,6.174594918688139,6.166661377151808,6.183667074640592,6.156823824246725,6.2253645764788,6.1737727652986845,6.162044251163801,6.176310873230299,6.148730750878652,6.196129114826521,6.176661698718866,6.14735138018926,6.114144485791525,6.1361813997228944,6.154412164886793,6.2035700966914495,6.170180483063063,6.189210404952368,6.214999349017939,6.199627658327421,6.169006391664347,6.175207134385904,6.191026752491792,6.116587487061818,6.189586678047975,6.21391233076652,6.233499078055223,6.193716757496198,6.145663540263971,6.191294299562773,6.141305023928484,6.149540588756403,6.097864288290341,6.107848575909932,6.144867851932844,6.173991771241029,6.142021381457647,6.16044534911712,6.149957551856836,6.0830647413929295,6.167286349137624,6.173800820608933,6.132700070937475,6.114247775872549,6.094944598873456,6.021266485651333,6.104276431997616,6.111409690876802,6.120211794277033,6.1567371880014745,6.140051085849604,6.085873026748498,6.057966065307458,6.135102387269338,6.095579907496769,6.09741518308719,6.101745962997278,6.076503893633682,6.067008992135524,6.082512113948663,6.129575337966283,6.079750088353952,6.054178213377793,6.059060995181402,6.13297175993522,6.0822112967570625,6.03855694403251,6.143702547152838,6.145881974895795,6.1502769147356355,6.103827436467012,6.1271691059072815,6.183526628514131,6.180152853031953,6.143881164987882,6.148028406997522,6.163525845607122,6.183972216149171,6.152916956444582,6.172283199330171,6.1531130405267085,6.200898854931196,6.145731416245301,6.1581367956598605,6.165367665191492,6.235823340614637,6.171109060545763,6.206244672437509,6.153620704611143,6.145231859286627,6.156406428714593,6.127359745105108,6.11277397086223,6.072135441501935,6.069757653474808,6.162286929686864,6.13215799321731,6.177864903410276,6.124072385330994,6.130454618831476,6.11925581385692,6.11504249115785,6.087548608084519,6.090164921482403,6.131980683406194,6.106285710831482,6.164541228910288,6.1332785185178125,6.095949808259806,6.119264083107313,6.134250269730886,6.147361318369706,6.120362403889498,6.11343496253093,6.151348555584749,6.160322337349256,6.154473157425722,6.198183907469114,6.188557124038538,6.179514842828115,6.1150292115410165,6.148597663243612,6.083981289764246,6.173999495108923,6.129311198492846,6.155866010089715,6.139908752044042,6.12774167140325,6.171466951270898,6.180017426212629,6.186391486426195,6.204493600030741,6.186708990534147,6.116036465962728,6.108652991255124,6.132312269409497,6.120569803019365,6.070940196414789,6.105924903353055,6.165387395521005,6.129078459938367,6.087468148370583,6.148551785846552,6.182498677273592,6.164464608331522,6.158437882562478,6.168811981280645,6.154970034261545,6.183084779878458,6.165441602071127,6.197650687595209,6.1807292847832045,6.161589173873264,6.138608707686266,6.162691936393579,6.164244499405226,6.143417354424795,6.134783492287,6.1851213445266096,6.178621036609014,6.147738054593405,6.151216803391775,6.149220504363378,6.192143508692583,6.149840464790661,6.121149118145308,6.124113711019357,6.1595997857054074,6.10606471469005,6.143423356612524,6.119197430511316,6.1604552914698925,6.119456788500149,6.092328413923581,6.071459225316842,6.142875962158045,6.094491459329922,6.177443646391233,6.116255790193876,6.148884324630102,6.176875697275003,6.143970435162386,6.128752542038759,6.153338250716527,6.152314256926378,6.1317468919356655,6.145497748156389,6.159520018597444,6.189862892528375,6.2052330644925435,6.182418806453546,6.205916537841161,6.165156954129538,6.143375576337179,6.151994211872419,6.1557253055771195,6.180636666317781,6.221823586424192,6.21275798012813,6.177313011189302,6.159238049288591,6.145900218685468,6.0765260579188665,6.099328503509363,6.116648526092371,6.147850783665976,6.138208058079084,6.1678178377946224,6.135660141607126,6.150741555889448,6.1284601949652036,6.1084563269217815,6.115721168716749,6.157809990247091,6.1346840574344,6.1418178315957395,6.1637607951958975,6.176118105252584,6.165917308827241,6.182477423747381,6.157702628274759,6.153353400727114,6.185780724187692,6.171173240443071,6.124010170300801,6.176717640360197,6.145439113577208,6.14976939012607,6.108445711930593,6.183026461203894,6.161518828471502,6.182363797326883,6.2269456260403,6.187044594784578,6.1515387915571536,6.203593406577905,6.157533067067464,6.17190701832374,6.148439146478971,6.154508317907652,6.165874529679616,6.213376243909201,6.238434353669485,6.229611723323663,6.2417545880874,6.232548091014227,6.240634787579378,6.258103299339613,6.217870958646139,6.193450092573961,6.219770214160284,6.251416016717752,6.198300939699014,6.175965638061365,6.263169694443544,6.287784707446893,6.288283162911734,6.312811400492986,6.339269081552825,6.406399735112987,6.419079793592296,6.342268986304602,6.369035162528357,6.410557902654014,6.4022361659010265,6.4557891421516755,6.48332054336866,6.499060876270138,6.44364136238893,6.441706633170448,6.397580561240516,6.375333189566931,6.300471884508928,6.3093563996752104,6.347900634010634,6.312566141088804,6.319749453564485,6.303344249924025,6.322274981935819,6.278193181653818,6.235094869931539,6.26607190301021,6.268513849576315,6.340755118330321,6.3409671314557405,6.343288718958697,6.370222858687243,6.519669457276665,6.616732354660831,6.5677626409133305,6.478315479358039,6.382380368014179,6.30182454576095,6.295073411663374,6.312470442851385,6.288045252760252,6.253450022836526,6.246508540709814,6.297635989089807,6.212527257402738,6.209641389747461,6.21998019238313,6.288249369462331,6.274770207007727,6.225657983620962,6.241471848686537,6.291683079799017,6.388182983001075,6.389835885663829,6.391484095056853,6.341223780115447,6.322504093547662,6.248990373512111,6.284654607673486,6.319620733757815,6.299661630888781,6.366125621696315,6.398635735114417,6.429494813581309,6.50527708222469,6.699204048713052,7.107813163598383,7.297291023631897,7.079250396390761,7.151904733081664,6.929696411987149,7.025623092850054,6.923655144770945,6.9983088990052575,7.170601411958541,7.688779390354958,7.658162258168069,7.381176848610249,7.273186981578674,7.307465045948829,7.5000031550725375,7.671361984809247,7.891388314267008,8.024171486695616,7.912028079529612,8.08880099793276,7.760961850484221,7.849308560391275,7.685287609299031,7.508197073837128,7.338533871074524,7.3649191003044505,7.315972419877853,7.253028031786288,7.250780132313576,7.239892021616306,7.038618701299035,7.180581077833977,7.268558814724292,7.108742883106078,6.925534680088366,7.172947130103912,7.183942384918535,7.111289578278866,7.115568370719756,7.16630130877098,7.141803481777514,6.995352443357314,6.956085007985438,6.941883587737883,6.919669693311061,6.989130259652938,6.996471477051581,6.948458790679776,6.917802802522981,6.93088338096937,6.9451201893885965,6.809843711455667,6.826225537856423,6.827095005710923,6.895123975773656,6.976959608693923,7.059767979880179,6.945202195843065,6.908900005122031,6.880306103726232,6.869157385726774,6.953641455372179,7.210347162087764,7.397019516726341,7.351446560223903,7.226405644317474,7.327965007921066,7.088484438856447,7.071710500021781,7.032904159625376,6.99495887835821,6.98555035134157,6.991925569673384,6.922834676106775,6.849017476340139,6.849112156828248,6.7941749524076815,6.80492649217447,6.821396341522538,6.857377667923772,6.822872016032541,6.661369906266533,6.675401789744699,6.672373421688878,6.601305643816792,6.498179786105953,6.3983293761809685,6.3959171791871405,6.347148039241634,6.45096676160892,6.4866651164492,6.462283741136394,6.435801595052085,6.469625719686351,6.506046576996646,6.515265922447048,6.563195588191353,6.692514168222749,6.607757889529072,6.623064574797951,6.650700699289643,6.569142790039382,6.661482329269253,6.916145763893926,7.1304967631896385,7.048544024725759,7.00570834477743,6.908890439470613,6.881390812893712,6.9192964958151215,6.780879894395673,6.685904053350292,6.833685105045641,6.901665761073435,6.8433845206101775,6.934426480134333,6.753813155492151,6.740129933555925,6.8374241583546045,6.728272491892183,6.721030854781472,6.738978806038701,6.705619341929758,6.897660234173142,7.102974207599963,7.099299511810148,6.965455536146963,6.957740007241571,6.825606469710672,6.769125036497914,6.633240477641426,6.604651769300305,6.574452497561776,6.56269006152948,6.532474169929824,6.676667878528439,6.684423341949785,6.717969929774605,6.635215586920582,6.99083244701227,7.430171990295257,7.4180424930652045,7.806835926373808,7.48935943116745,7.709227416416017,8.21288427611193,8.7777966635426,8.35169713695845,8.570615616639465,8.700963624914499,8.280489384432643,9.640400998791073,8.477678240736335,10.165669009586189,9.831062390704965,9.411993406017634,11.683759365280473,9.661585324009273,11.037722203036157,10.502489386697624,10.161379838486527,11.243355966707076,9.964334544440124,11.33366307576498,10.49906043370566,10.837162992854921,10.883681441148132,10.51976442863545,11.578329569300019,9.476543533404682,11.811549563606581,10.119126252134656,10.673339630564065,10.673384680946679,11.488121866484489,10.342501875360822,10.49531164278588,11.538576549490296,10.059207166035986,11.703656446834406,11.040950164099543,10.642164377470822,11.376553094585743,10.375034488340232,11.012365533014147,10.934271669288487,10.71238389690718,11.374965470929943,10.05532390793166,11.6141187508901,10.598623005052419,10.462811036308619,10.921512592037526,11.1495028530558,10.501438278456542,10.578318788309906,11.6178474115332,10.737120375533909,10.911886670490114,10.238546645243979,11.32634917904934,10.59079756667218,10.03709427585206,10.619633186360211,10.177264796694136,11.139949597616999,10.157090830107542,11.03132350673279,9.195321175058696,11.00500027020773,9.670707391401146,10.92079878558716,9.444220944245668,9.925377797087048,10.174885392387724,9.813890636463974,9.970277518232677,10.044615806241843,9.570769429703567,9.527070860167358,9.81625344773135,9.143087766071172,9.92085153539977,8.411393501361221,8.762925993700833,8.92079627831778,8.840100046296927,8.641019711991161,8.72604703684649,8.23804754247269,8.263436772724003,8.072778000732272,8.13218507160744,8.059911577602236,7.929000926216451,7.872264399727194,7.759512106378881,7.779389634927121,7.962372526427118,7.826309327383843,7.706148689289895,7.4231108974417115,7.244985299309101,7.259936853249874,7.100707928438985,7.185899215539301,6.987789563139285,6.868123946984613,6.756006944080196,6.646562915047013,6.623221149345242,6.57818844308456,6.578034314711891,6.526709426542125,6.60280356516441,6.594098928471409,6.572329713006817,6.549677232404552,6.5612805249293675,6.43301190664371,6.387617920835814,6.315312749942145,6.270641989012559,6.3675536655386304,6.343551978965602,6.356300722857318,6.313172252674898,6.35274838914474,6.326436976095041,6.328713484009107,6.355932468970618,6.274362960656484,6.244886062045892,6.300668379863104,6.281953166921934,6.269672453006109,6.261799504657587,6.217596291800341,6.302229398091635,6.284132144053778,6.281797217031322,6.214124958415827,6.219235502978166,6.274219501813253,6.275788890024028,6.248099988003572,6.1231255968411755,6.156078583498796,6.229903071423372,6.2314904438455905,6.23886778374513,6.213380734821161,6.233392752607664,6.273281625111898,6.159739868541559,6.17461941977342,6.267539588113626,6.263070527513822,6.2518172531326615,6.262419645090898,6.163232617576917,6.232698448201021,6.188438700040182,6.148240862091383,6.179895276327929,6.164230821629365,6.202988658150037,6.2230856864651045,6.18403114159902,6.1970653354128205,6.22341044386228,6.215024768610796,6.22629705597957,6.178437418838342,6.165507059892019,6.191307098170122,6.208147672911485,6.199720677038034,6.200962141950925,6.2091697554787,6.190924712320169,6.1946264093120895,6.177647085686525,6.18425474246343,6.141284464200338,6.134557505746683,6.15780866821607,6.119321568806966,6.1621976487835255,6.212541720767816,6.178103753228982,6.154969732065996,6.15368627568086,6.170883397658665,6.111386047502358,6.142430420120556,6.136777160962423,6.153719117244085,6.1988770588239035,6.236630600889524,6.164454959233602,6.182425212462744,6.206966159244379,6.201828661461672,6.136968360145887,6.160411083896955,6.173668608566126,6.146024314363797,6.1461495729287465,6.134613941510519,6.183035356303057,6.205060562988122,6.213802879353365,6.211914095481237,6.191284551223119,6.18389157285293,6.164728844662508,6.144870789845785,6.2047716884811726,6.147341822584471,6.148993361194929,6.15888010253509,6.117551533480485,6.131350881656012,6.105118178029856,6.211860155661901,6.303758637209734,6.298102439840636,6.3007694079478584,6.267520393927893,6.291511970957121,6.196210592885812,6.156282113691171,6.201698723336062,6.238819444378217,6.218321418662867,6.128020921250185,6.2127862625320756,6.154885901113351,6.185947524507841,6.1403293066223466,6.135001560648282,6.156398267050585,6.2019295852382985,6.200157679518064,6.1529294731219615,6.167084255417189,6.180108135839304,6.201141574879488,6.187042269309362,6.161429654260477,6.139624445041021,6.1842376654346785,6.148882746895155,6.1046363829573,6.182747162779172,6.2527359118064245,6.257648903628191,6.283840795059999,6.26154632528623,6.281360156138739,6.312629290123781,6.322321585019431,6.271225552757581,6.2228818052013715,6.237212218244871,6.245544484456381,6.1922929136951765,6.211093914409479,6.253950272699197,6.318891226549945,6.269108169873556,6.269269314010939,6.295685262580713,6.26413513471683,6.212514070173105,6.243733321328958,6.28498290826877,6.239611553152403,6.306974983115992,6.26805708428224,6.302321768005689,6.322528545459112,6.3208691467841485,6.295772576828798,6.286283474763235,6.243894431789716,6.223440903027853,6.266560393472513,6.242531058986983,6.268053288360438,6.235124932726225,6.225148544510206,6.242147951324781,6.173519976635775,6.233665694495042,6.255592629214128,6.180128489037355,6.2340071534117065,6.207911894520124,6.191798702677091,6.235524748762449,6.2307013150056205,6.21095800002416,6.181189366479715,6.253396358688673,6.1842025714119275,6.166470837493737,6.179065608580908,6.190728516777357,6.21460056980451,6.171204379995665,6.165800104041895,6.200220705767473,6.195603574415048,6.19336783250173,6.186892774601778,6.212673222323259,6.217373447616896,6.19805974205335,6.1281631358464566,6.178592919607958,6.204764817555746,6.150289191504319,6.1307590435942005,6.194330002566179,6.219209019740423,6.107290443380673,6.091020935078462,6.148367769916852,6.157265363236268,6.135983329017957,6.114630665679773,6.099869230985641,6.190890550812086,6.098769936164221,6.105181013842424,6.080879533191522,6.127633959849676,6.117843622465929,6.1298131414254495,6.1303381930788365,6.160804839034876,6.162680965562662,6.11334039558967,6.171156774659952,6.180624104042848,6.088464719255764,6.124792801936468,6.197934844096502,6.182334395249685,6.131251511474451,6.195990379651388,6.22578780134519,6.221226542492708,6.217378778954347,6.168656446834405,6.1713481350739805,6.150659626921018,6.136355093618233,6.156430556674799,6.168717008431753,6.148387937744459,6.219594783981641,6.212935801943144,6.203844023843606,6.185671579738458,6.124871450265249,6.163899271388849,6.193749439318975,6.162293125291666,6.1041073538859685,6.103349299927552,6.169602637489637,6.12575315674146,6.175428948601088,6.182969674666723,6.192821518381437,6.136392472883066,6.178679580291113,6.282103284498056,6.2204724197586385,6.2322851752241455,6.211146846612295,6.214576867421468,6.154364323516687,6.220214908619722,6.185574234028658,6.246496617098651,6.183571956952413,6.186315577824911,6.204241318007311,6.194060576160749,6.159678681691488,6.223204362293085,6.161785575052103,6.134192206462225,6.15943220337232,6.117564500172933,6.226305813690028,6.248714949389299,6.177985317309698,6.119747208853562,6.094643744726975,6.188395319481691,6.174781042238077,6.155907826324304,6.253181834717593,6.194761577447256,6.196378825207551,6.182409482498964,6.149288789530596,6.201351935168108,6.192076337536176,6.179563987751802,6.176738197108111,6.181137294669947,6.219800821741423,6.1909617309769,6.193643603523572,6.237485865553221,6.196869847973188,6.1405534618099535,6.173606348534426,6.199245037635168,6.200910753508409,6.217516821225485,6.211234118839105,6.2301962508757915,6.183089115818342,6.195239933927854,6.1482290871938075,6.203046416838964,6.2069816105564435,6.150040177007517,6.1249254049857464,6.196960015197595,6.183231049676737,6.137161503632864,6.116211646695932,6.134057193001111,6.115838922162851,6.085007415314514,6.138512812753519,6.179617159863313,6.145533828039964,6.093772801061472,6.058774584134419,6.111250489552815,6.056843893428643,6.032324141462643,6.005322010119755,6.035117706259091,6.090698225100835,6.077486503620942,6.03705458809932,6.126898212035497,6.158974941869577,6.0649694823225335,6.090661785801251,6.153846955597401,6.201696798106035,6.128859799404938,6.1636674316724145,6.221381249626478,6.204992909928163,6.217830572326978,6.2655797781546925,6.271412398119768,6.258069172700248,6.2285410221417745,6.1891808800896015,6.207957394023737,6.202710390289625,6.236590329309305,6.210759642918905,6.195809731384119,6.244395202000936,6.259615462025007,6.174205934305986,6.142539972563585,6.194397919078669,6.136025758882364,6.205008807082971,6.174366119404635,6.1633877040942515,6.2086752041180935,6.236000455518564,6.187486109038194,6.172337485750517,6.250972101589045,6.2434838922818505,6.2023305769761405,6.110442614157995,6.102411202987035,6.1669902419050535,6.182833932240804,6.111421372195085,6.171888226171335,6.163409924705824,6.156974149545034,6.141528141995272,6.1756394996245705,6.208689804871877,6.140100821753343,6.165180391569932,6.145853802462418,6.15536132534345,6.1707578434546795,6.207347830136618,6.165115929146608,6.142541493376097,6.193595590194067,6.1801157211263975,6.163769464393457,6.173400789697966,6.146760285993418,6.146844431658586,6.195880073507627,6.145137195487817,6.145087111194929,6.14823817183574,6.178774678607782,6.1732611434658375,6.147910217543443,6.163720220228036,6.207870580454668,6.134431640108427,6.1224348880847295,6.111210119028886,6.120912910600504,6.149639825721581,6.1240166490276655,6.0941800071795775,6.130479045708975,6.122309059401354,6.125060547788938,6.136400364836057,6.171444799502691,6.129957505663237,6.140868280430635,6.157567485471567,6.138510682781538,6.132293141980966,6.116497127314409,6.158040007551511,6.207157427569231,6.134616360267004,6.150076307853063,6.147277992566427,6.151822240551313,6.109659650822481,6.184385450681051,6.177726190884909,6.087449569304783,6.1125239037474,6.159132896562418,6.166036445399126,6.149456848700842,6.182107526560625,6.170394096871217,6.157471247812112,6.139057682355245,6.1430347024401035,6.191613666911921,6.161092751224836,6.0871125852068255,6.0837058742841075,6.093518573244412,6.13484849413236,6.161377918620905,6.106898156305155,6.141595862408479,6.126419570346673,6.086778011818727,6.095309904416402,6.138656031986078,6.074802589615185,6.096251792808374,6.09551821311315,6.1315883969267215,6.1228155188759175,6.133741942246755,6.191677082379659,6.162010363241037,6.1628005998333295,6.202159938712915,6.17684218754371,6.195908648868402,6.139699935217699,6.131260875364145,6.109076681037744,6.13956452091535,6.104167071481545,6.117083121438821,6.10268594910701,6.164129643936953,6.105850460728009,6.050512216587861,6.129016990562279,6.162709392507871,6.185002044339975,6.142349575360616,6.121773905058702,6.101592604120572,6.117712464531263,6.11365301390489,6.225797715683779,6.223445231815179,6.119792365034422,6.121099686523279,6.115758072634538,6.064688837130864,6.119836093684038,6.125563386877378,6.113602667351563,6.084841233988602,6.104463118811448,6.148228559990724,6.1452781646450365,6.114047535856564,6.133071105678876,6.1713995497425405,6.200218966205915,6.1607417963941895,6.178398792942366,6.109758346279461,6.162538776000341,6.173051184316477,6.08890519609054,6.125604779322941,6.112129716177781,6.10224508603414,6.083649309178193,6.11468707104524,6.107765853305657,6.136873425443968,6.1007076587279645,6.087096535762152,6.104180481930574,6.071549966533978,6.0793866803248715,6.0910695802172015,6.054312749107678,6.021062604685624,5.9910508762796715,5.987950715919335,5.983657176991303,6.001628260513146,6.069836892386276,6.043557261129219,5.990320686896641,6.041913138826687,6.055628051360447,6.021111178894837,6.013456506331761,6.059361027975877,6.043966930409272,6.049972338577111,6.018531542917092,6.066347737809021,6.0746574323376015,6.083650464912255,6.0968664809068045,6.1149814801414815,6.152695104380449,6.168242885967096,6.134491073985895,6.120321887930235,6.111768462856611,6.039617647429306,6.088473936816057,6.140805126627287,6.178800561626753,6.107940836151442,6.1215635850032175,6.136594808896383,6.137430817981562,6.194568582077822,6.140082269509634,6.138840789993605,6.114805347224077,6.128084594209989,6.189449593325456,6.150358187456926,6.170193098386129,6.114002323349316,6.104275950690111,6.126272420783837,6.107640978594621,6.185662830372652,6.119712408085665,6.111379067500433,6.155886637767155,6.1925041960676515,6.154812085529169,6.1041540740927065,6.127359132965405,6.175362737973532,6.127749570210775,6.119435122509798,6.161590182383856,6.20167301317056,6.174088307817778,6.1416920902331675,6.110736693342528,6.09342136790355,6.202507502635321,6.097170389791329,6.033997562726338,6.037221631010373,6.137813712557158,6.10703103919824,6.0806690104802446,6.075999995966753,6.155064297219118,6.1081072091062865,6.108034728666146,6.095401924153169,6.126619051595529,6.135310977896055,6.151401990850767,6.083705251415569,6.113204781909784,6.123592668076356,6.070478258927662,6.088763394852479,6.07469250937303,6.100950936575731,6.0645406799515085,6.100692749818166,6.107749425073464,6.131431704660257,6.108500907917818,6.136593744953473,6.062523858745892,6.056918716629346,6.076019832094509,6.086255296667416,6.06972207446893,6.078750466605027,6.093856409986813,6.095264306565126,6.118737005790074,6.070558719833691,6.088727796276411,6.111022943456968,6.127018529077372,6.143610787590345,6.1127805252869925,6.079857590993245,6.141185251673063,6.111943063636621,6.175430703659853,6.088507042129834,6.110062161584696,6.09306318004926,6.1429818742473925,6.0677808551987,6.078418463667233,6.127856378157934,6.130571869810423,6.148742986520132,6.198180788656076,6.2208404972155895,6.144508426984151,6.123945020635923,6.093421417673429,6.086355542143185,6.064756713708241,6.05899966229995,6.078388615747292,6.095712773104509,6.082596164842447,6.059181338449318,6.021083257397015,6.038338580926259,5.998955547710259,6.002898866732915,6.040662264724571,5.928896554311114,5.906602603991826,5.963213139673074,6.042751790483792,6.094722247620423,6.092665319343407,6.047290078600247,6.115053050716718,6.04078927685817,6.003293996949989,6.024516985913117,6.0898458259304356,6.0535428308447194,6.0119420017798735,6.05848355491956,6.134625102480253,6.088956814905007,6.083755814929803,6.143274491628011,6.090395811398825,6.092686454852423,6.133788220187028,6.0593350346883135,6.067879333694775,6.123593555291494,6.117617005308469,6.07933524151643,6.042704369624455,6.071940376957257,6.0772494607170415,6.057740143736202,5.992127855916817,5.99195958962043,6.036830003758269,6.07209841688474,6.010711928506692,6.056989994545777,6.0844526602824525,5.996795284350712,5.75287271638711,5.646993735929326,5.531410158177213,5.5856164686878484,5.584245827396707,5.633248079319791,5.681012061436969,5.629172213276224,5.648698810537653,5.730838468869524,5.681889662643271,5.534002010126905,5.567988053758935,5.779385086496669,5.722686342497664,5.754937245746452,5.955598313411076,6.10296872695287,6.070444128413994,5.917635856767495,6.007860662539799,6.053861176272233,5.993391690154869,6.125513925453028,6.052944940229257,6.08057710637649,6.156567943592867,6.202778132756553,6.186122645040354,6.187703992327055,6.266130677362285,6.289128051598867,6.253859702547391,6.301010190149149,6.394080743094287,6.358314694960914,6.294525326093038,6.289136328001818,6.323899195094905,6.340236425300441,6.364056081970534,6.407488508721194,6.3342368506391855,6.38051346798738,6.392321302791438,6.504182655115925,6.432448747058711,6.380376174946628,6.382434807022414,6.396406260927519,6.367069975336395,6.423531483014426,6.460297033091388,6.371596059103808,6.290707816978296,6.316906527181467,6.371159818371138,6.250253432591757,6.1926790138085686,6.26049512376388,6.303176636000476,6.277009270687899,6.289433087607225,6.268816493650279,6.268601089616617,6.208305120368799,6.2584838973482455,6.236343635817369,6.2226596059401835,6.212508027156194,6.230532356103262,6.271805488963922,6.249760812719663,6.2639459269245465,6.179633028109869,6.142284950514635,6.241039526363214,6.213428318103155,6.16027267475923,6.180462722082933,6.223895524938902,6.231298373838266,6.1528510983785,6.1969102575381605,6.176446123023828,6.162784795363745,6.170673881073793,6.19030670752128,6.204148184259733,6.259408996899923,6.23066918094953,6.249174517293771,6.2552183087666835,6.179589103360971,6.146278363068899,6.177844530244669,6.2149786048134175,6.226658603151639,6.179081616302332,6.254307396908602,6.322484038372836,6.361786664326988,6.428803817232452,6.49972492893537,6.759100117286049,7.042905241449677,7.134698814352358,7.317736333509292,7.3054560007651705,7.39170667459568,7.364149982829895,7.3024391948183425,7.350835642119255,7.385333466728534,7.438185256322231,7.340077818830814,7.416592216690387,7.281428074141349,7.282565966745223,7.437894052465762,7.201897826095427,7.327373021741714,7.275873676439132,7.408106267650928,7.419448514183369,7.250670094986763,7.148095405002441,7.430609916051236,7.102139212687815,7.207935815950241,7.420786802669372,7.360130747457351,7.263721655507888,7.13377432306608,7.124852984746302,7.0752136852343925,7.163027555247153,7.2721144630511665,7.211752226253356,7.087214570840206,7.027251653869952,6.947053630848731,6.958455863793696,6.939358831544722,7.058142522176111,7.024829449852312,6.919409619470441,7.023552562495078,6.8822325481971145,6.777236309548223,6.785017900963628,6.777167855401838,6.822889917095506,6.761043043633306,6.827541270752752,6.824205824931466,6.960583118697013,6.96185018887123,6.869227590759599,6.802471760710084,6.826375597616041,6.918462978204096,6.8839967729647995,6.843794858356321,6.983647293349112,6.965506169100608,7.0325802784164795,7.184287994702662,7.05909317006668,7.241930291851368,7.233450741668547,7.106515191694106,7.038062972923125,7.064061008890475,6.962767761548365,6.992197762628401,7.119163851936663,7.139770333965625,6.95653518279394,6.922201908429468,6.860422802468145,6.771784897049272,6.6686488216122015,6.776123031874501,6.767055096824968,6.727286655505501,6.638669889171921,6.768634368379915,6.818817691107594,6.698729214270912,6.59967978169521,6.541605830093228,6.4624167337020255,6.458632363279662,6.449805852969489,6.492092975576721,6.420842470725379,6.495823067923389,6.410075068076453,6.382079757352671,6.348808549543223,6.368696964581809,6.230020887752374,6.220648080011209,6.23700587083896,6.235996882518133,6.188610401948293,6.2325027819474546,6.262754447956881,6.247799055178961,6.279978140195211,6.298013711770376,6.3279549761613225,6.261783642669519,6.206290272970994,6.2219231506188715,6.245960375865302,6.199645000596842,6.199369347890219,6.203595439990362,6.241670144100985,6.207283027966818,6.213856807847818,6.272414652009806,6.235517929991087,6.223505378266176,6.3020175003012024,6.288971691628298,6.264284405012926,6.19880911697944,6.254444125195345,6.259381649096807,6.231940875848135,6.211154488821824,6.244267589648565,6.226327362557253,6.193522408803305,6.15709033270677,6.2122555922468505,6.220989192326864,6.186767705877623,6.184656521280607,6.144559117754301,6.17783399005731,6.2182082130511604,6.1692762975891435,6.19323315491279,6.146491022308668,6.178275846143564,6.243605203231176,6.235872298379739,6.228522059520086,6.279007584353288,6.236532471080621,6.277728207608065,6.23201051970323,6.1502065967520085,6.202239148815473,6.194779960115751,6.171281087597211,6.16844789882501,6.259278200765452,6.153703017135461,6.1764880483349165,6.169792421360811,6.202069929142794,6.170247579117617,6.142886248727638,6.171276501913866,6.217391461630663,6.1505693795283625,6.204933169086774,6.1698988383015,6.214706743856271,6.146231917043528,6.166113412578901,6.155227717359861,6.188010287483533,6.1561043523748715,6.1405726911624265,6.138467914660772,6.220459916492303,6.1891687547167145,6.165572161277136,6.144113663931688,6.164250577588876,6.197693774302801,6.199465779264768,6.205385750134786,6.264665413697562,6.267596870263419,6.199423828025659,6.179805426796277,6.218601829608282,6.12271981616815,6.1809796508153285,6.1955161937077845,6.179359969099363,6.1855443124969804,6.225907722314199,6.280117507775625,6.2951984845598545,6.3362122224768,6.253143661518892,6.217292289038499,6.264166440566381,6.269036843081316,6.290331238408884,6.242141478856405,6.298686889906724,6.315694970091184,6.2779785062869395,6.256748977204165,6.294176957507928,6.19695189913114,6.240687201221784,6.252868138750395,6.279027388294538,6.236808053453764,6.2477107428510985,6.285521685381731,6.283006732364496,6.262116847832998,6.260291413267454,6.204783137043318,6.224631428321203,6.273455695708593,6.284079140325388,6.203315105040868,6.214192022581895,6.284363506337007,6.26548457612594,6.260494106312595,6.282852019866308,6.298736360271772,6.25350328018268,6.2458162747820225,6.255627916951974,6.26097810258468,6.240376290579637,6.1852951799829805,6.244435650308927,6.263123624523481,6.153769637544951,6.2111457546552025,6.251163661380609,6.237029639383158,6.227942378421625,6.163580832382044,6.1577292807896935,6.165577010114988,6.152710795303186,6.190602891047796,6.259925523002943,6.1986175151666005,6.181534506877264,6.176583346029123,6.25829968949159,6.259400674005351,6.147879634400209,6.173515494962533,6.188447722097238,6.204086147447428,6.198478568394979,6.217372187574705,6.202574279507002,6.130286396642525,6.138640907903511,6.19292263319095,6.235190705557665,6.2096907018621765,6.174060081144173,6.14351968040069,6.132503937383493,6.1238711609443035,6.164952523609003,6.113682733972868,6.200105500121912,6.2267886843283975,6.173003927369913,6.161450858016809,6.186017222007116,6.1637895949681605,6.152473952074845,6.236605702539285,6.251307609875997,6.256009330352148,6.2425318660338736,6.226637412210306,6.207109286983808,6.162296120425066,6.180271913607916,6.170700656374296,6.158442896207174,6.212279589076838,6.1669354604681335,6.1517179690798125,6.208780950506529,6.208874271710714,6.175136974354586,6.20537389566501,6.2000669126709305,6.144915724893411,6.159133174618086,6.144165260990461,6.123807219763597,6.140907229383787,6.160441685517629,6.074731359978516,6.085195533633232,6.143491911788782,6.1083736227949466,6.096751707990965,6.104648669560749,6.107523356278738,6.07371074904998,6.142649672826131,6.1214844586451855,6.127799507280191,6.1056160806616155,6.108320339222749,6.13017140497764,6.112965041895708,6.151641957660517,6.1780848278601965,6.159342623849709,6.133757325013479,6.140467677315076,6.096577276190121,6.065869437058766,6.13029715081056,6.161519691844781,6.167162897189459,6.16338601877292,6.158273240526517,6.176003333230812,6.14346014370521,6.088741065760453,6.060580042799313,6.11282429476579,6.130122519036133,6.096068036754925,6.089276872475941,6.0793578611811,6.096437379916508,6.068681306739648,6.103606210847696,6.150623621543249,6.150098252197106,6.158446482320626,6.123352273901304,6.129481603105863,6.118874617417654,6.138784941037496,6.155385072131952,6.189612506826719,6.206186303993067,6.158632226288319,6.117916162808736,6.135083846946558,6.174823417564234,6.181433424254259,6.173112360735734,6.115291707416376,6.142900712986788,6.156340118547281,6.138576083978018,6.0812112080057465,6.094011514683565,6.113179489870866,6.059480652113756,6.058588694532712,6.061806296904881,6.051932523449262,6.119939420421917,6.092249665458997,6.102058340509733,6.079287948211033,6.072886555393536,6.072746682663758,6.093948082228501,6.136337678631146,6.083585576613744,6.053114892741044,6.117566611369451,6.160729649265607,6.135728402932485,6.133046236236891,6.159020457764467,6.196484970351061,6.166110345919927,6.115091377993424,6.110824011166891,6.164105192323526,6.162357458670934,6.13313068886598,6.152716937859854,6.229605053563913,6.220390691955885,6.196951678593954,6.156138881941636,6.211280553539594,6.189242081244787,6.152044814427694,6.1159054531653725,6.157028011580309,6.18157338788112,6.2063142790397015,6.179945436914762,6.179794969161352,6.216697038312754,6.2414280872543655,6.193476844032606,6.142603953977426,6.239908813734851,6.253474786182245,6.162658532758554,6.187981145878633,6.153953560789427,6.16732133915027,6.182141590317091,6.2026191096504535,6.179633548458417,6.1867806087931,6.138849142094454,6.10368997623523,6.196467249294122,6.220252935190996,6.17309867878755,6.142960164745649,6.1549183895190565,6.164640551706156,6.149596718152364,6.175096867581209,6.139633722802004,6.143558391531309,6.153867177565893,6.133633503218492,6.1834212182958925,6.147717780073484,6.069533539315064,6.163172058363756,6.174630533655485,6.155213132103285,6.140849640866121,6.11142530699571,6.140756273170313,6.121609370311102,6.108744939466318,6.151579575141271,6.109501387675603,6.083735760947069,6.08046843846639,6.049222969313462,6.126233059366545,6.124237491091093,6.075098304053147,6.078943195541699,6.137510209282239,6.127769893010457,6.095319263537724,6.118925545712313,6.1814011706908545,6.142764367361862,6.189406947096189,6.132804871698221,6.093202351828415,6.11399537195762,6.179571274717649,6.1593579535683,6.081705843110878,6.0906678624947865,6.145013893743356,6.088564222951729,6.040602430899937,6.019137774606545,6.067519099016984,6.098715993364651,6.066049874325593,6.105904839535554,6.199900764425596,6.132521622081598,6.085620123644669,6.125625690420469,6.102404419084389,6.133392764230569,6.103007574578125,6.13515045841535,6.199919434984525,6.2133789478739105,6.110744094153246,6.110114267667135,6.13719764937957,6.118097524841627,6.110063723822435,6.080191096862157,6.137254870434601,6.176165992220243,6.109034138818583,6.1306657948096595,6.149675030310948,6.146363326807817,6.081594248612721,6.067444089551766,6.128927232225736,6.140963421066602,6.125130693515143,6.112596228023371,6.140756074686846,6.146753709514936,6.168920923670133,6.132960008879503,6.094807073672613,6.090831554730732,6.1609236307938895,6.115811123152574,6.152411723931631,6.172989847560724,6.202692464788755,6.155109139283499,6.140601297219593,6.13772123148044,6.154852668245634,6.1634695555766426,6.129430484374365,6.105347810586294,6.144832707246145,6.138286056121191,6.158967715104421,6.133166414697965,6.118105306824048,6.085761534472307,6.1016963689525925,6.1394827087720225,6.125076217552026,6.1276660432418195,6.166291482051214,6.118415101965269,6.121254429717859,6.16057752986749,6.136710428794226,6.14796462794145,6.117282072802385,6.1151080738504735,6.150272906621297,6.1605362101395915,6.144221735199292,6.1184068649013845,6.135438350041707,6.169201599856218,6.138070290883382,6.117791292568047,6.129415690501531,6.157517039974531,6.165780198772748,6.155450288256009,6.141957445343336,6.171966625650724,6.202415072818598,6.153939840694269,6.1159677689274154,6.146027740140756,6.1453433885176985,6.142445346315702,6.184548066755136,6.132087377508482,6.132588012417158,6.1526378648479785,6.1445931731661165,6.126879218717416,6.174460635383924,6.203936454256376,6.239396287997564,6.128979002734025,6.108193392356237,6.182565390666326,6.145297520955404,6.1028066407640775,6.124583344658216,6.123351838787396,6.121177299817402,6.10246001859506,6.129511076410612,6.139447106619676,6.126806530257067,6.062789709170659,6.123235870202382,6.17605691899856,6.117640752394993,6.117067973812421,6.202068444391092,6.1792491461833325,6.1780259134372075,6.122253280778725,6.156561943789324,6.134393298526605,6.143526491721471,6.128289674719175,6.141240057249864,6.114797347088655,6.129405181606611,6.162830442090829,6.124436797102293,6.129773475428423,6.173845944007238,6.162611310382684,6.132832280000051,6.178594984014829,6.170734353562197,6.136235836942991,6.136393403311571,6.184228872557481,6.151518431802591,6.186272310515245,6.115313105781873,6.114156928857167,6.128131820162136,6.143448070486387,6.126473826666674,6.1400253065427135,6.1036526130636535,6.1444594546159115,6.1653444998463,6.119658942421278,6.107204141517481,6.105440568824609,6.130529557963213,6.183392292459806,6.154189319511255,6.125054546495279,6.163463638027509,6.113408172925314,6.144495811363061,6.1519605158766115,6.12861124744018,6.161762507458527,6.16213896771272,6.141053722401461,6.117001530726751,6.118943537374338,6.078729795416195,6.11925926287969,6.144335510631403,6.163038495083651,6.103253027995428,6.130649493833382,6.170947304268679,6.18891269226869,6.177504115303358,6.165355113943418,6.124382625718912,6.139554952581724,6.14713409592708,6.139589814444383,6.098407752712567,6.1240524401267376,6.153327608307202,6.155823854108652,6.147610216041406,6.109345715840658,6.109390014012654,6.092434132297833,6.089460549851258,6.128849259515603,6.126715096135935,6.123730206390222,6.10976078202327,6.093879383703072,6.139473434885343,6.168009030719599,6.1441501893599835,6.119138836463293,6.155017771621545,6.113540105720362,6.159435079892477,6.148279842634996,6.1425950395067535,6.174680934449038,6.103846916457017,6.114273059864839,6.156730506618818,6.14055188169082,6.096942885716756,6.1171445139249165,6.130343788762888,6.079820891221363,6.12576989253362,6.1635671355326975,6.23563912888368,6.184043268760046,6.166933183570703,6.1673217277725545,6.2035291709502545,6.128649050792059,6.17914605965217,6.104292670389017,6.155883069237074,6.191617053945859,6.164306903680166,6.1028749774893125,6.100233278771241,6.135340002079805,6.078244112630684,6.111944745381674,6.128108715315659,6.156511640449366,6.1222719504435865,6.180651605327925,6.137122752567132,6.178986654480298,6.140769917865595,6.18795991798242,6.160926310320695,6.182726834913095,6.146043255229792,6.165295578142008,6.193995841940245,6.2164285539587345,6.1092094876368845,6.1053975405295695,6.154702715476354,6.234572264452776,6.151803299983343,6.119204583962759,6.1666564585765204,6.110582493444283,6.103853572805723,6.135021459062894,6.152875864406427,6.114569709499676,6.144507957001526,6.173701327641806,6.1434637098511065,6.1907385077079145,6.30466798533996,6.304287947614988,6.260860773225627,6.25735676576694,6.289617469509443,6.252090092202028,6.263850991030535,6.517787930568061,6.492116434772811,6.732621228893601,6.89401366134485,6.972616915901506,7.27062199970087,7.284918974538649,7.351596402128544,7.642508396406976,8.670555719335885,7.5077855410178564,9.054352749784801,8.2743084849914,8.448056713541359,8.409336953063816,9.107287224133822,8.395129916270584,9.792655915518615,9.308546731968733,10.336751744647835,10.875702899893133,9.731006352206085,12.415483804841836,9.809287226398801,10.998631032605976,10.9092926200231,10.378174781103942,11.598628509839381,11.169924774368612,10.449024932285162,10.971245319147915,11.855176322062812,10.221482652326442,11.750276878078783,10.646294559439035,11.465611719091736,10.752514078517766,11.180717703004683,10.778164103229852,11.121876886387675,10.918603185315936,10.70722678532204,12.06791455914577,11.029717432161181,10.34080508400998,11.399798889358845,9.770937150617454,12.318846526344617,9.969490156372402,11.476164075334871,10.883370982607216,10.833264336486666,10.508648598392817,11.131200902660696,10.98862465818724,10.371139298578116,11.76430870463451,10.59936278929314,10.535561337073657,11.648923586805664,10.468178097506376,11.552122079630697,9.652268598278376,11.90662801851829,11.344168808360903,10.673016871412607,9.860209894378993,12.302948107322056,10.21442388315997,11.512587366600835,10.578794620235774,11.523495347400512,10.46142672946057,11.251067419250813,10.454949597915027,10.238549489577627,11.455772988100852,9.35618569036326,10.263528420229768,10.030074100395058,10.054328225751732,9.563100930353018,9.340280204614016,9.590435748895022,8.92093004425368,9.118204806943744,8.676178425153108,8.69649798979363,8.997520518203588,8.835632128020139,8.369674087067455,8.567509986360879,7.888356168170779,8.05420984884104,7.737273951073496,7.695082535346356,7.607451329727975,7.366319847901668,7.3370479383071325,7.179153801699486,7.109931149979437,7.011581801970805,7.135496249993647,6.9410141282280335,6.908245127995814,6.8717979331811305,6.750163584550225,6.624301899274193,6.6381131773193705,6.624172025223576,6.566396945615612,6.495971131821475,6.5279724102218974,6.50414769758781,6.399931856890521,6.470693486531577,6.469577207465968,6.390311395426592,6.342644615074001,6.416302669246993,6.389610842367015,6.387780673106513,6.372901392777762,6.423218312164149,6.421661044557891,6.369284157057605,6.310033716162046,6.288974406321844,6.2789625750978795,6.2893025057514516,6.279137948950132,6.267222374578319,6.305866699417432,6.276176886757216,6.261162028511367,6.289579590161642,6.288406203289827,6.324579021831354,6.2923918287952745,6.269378882249198,6.265074638624986,6.265580511291822,6.263611483772596,6.247333657344183,6.242326361139615,6.339943136175475,6.375106667180858,6.3164016564687095,6.3135180102785435,6.328419399162135,6.235015555818876,6.2556429346402505,6.25143666257461,6.2111257689197865,6.225260125299295,6.251363840301832,6.213750989039739,6.303656618495783,6.3004147677620255,6.297151814599832,6.298670253058276,6.1981465168794,6.211333866914114,6.274696703155836,6.228436043163141,6.1869969402750336,6.14891827960809,6.128846554656824,6.150340037842592,6.155445361634096,6.151874851485093,6.1753890713055934,6.201367680331072,6.226720343430838,6.235806362529596,6.235982773502668,6.213873816331228,6.199161501427492,6.211359066863855,6.168358391125997,6.203626173933348,6.180587277015051,6.1810385470589,6.202549521227678,6.1871979423364,6.1521614678700765,6.197439993818602,6.246223566134771,6.200250238974889,6.195994245608648,6.200110977490743,6.1564122440417615,6.147528447707494,6.148226760824522,6.122414128084978,6.16773818453153,6.169995185335478,6.152067654927572,6.126326030393442,6.17366507579883,6.174426668186983,6.171011312802633,6.1060423656304685,6.142288858195147,6.0909206070502595,6.126766565640768,6.166445393760999,6.157006573279699,6.15911853035291,6.221336662073931,6.221243950923284,6.1307401647170385,6.1580083014567695,6.242420389254888,6.164657579561075,6.1788459848364194,6.124283473094305,6.164965566595396,6.175826680262884,6.156240260799726,6.129441546698412,6.170700310667356,6.182783897121748,6.190253761907419,6.229839129348596,6.203841806252798,6.157965652545293,6.1443589787681905,6.1922590010364855,6.187837116022905,6.127289361854395,6.100370829900106,6.141685081024965,6.171460643013319,6.1720713641246165,6.130542375048002,6.139501546521981,6.153573350210985,6.171191884477934,6.161660229166349,6.155164984961351,6.110552748640378,6.148096524675688,6.13366301526626,6.129012299378713,6.082639711697896,6.120700903733572,6.160336024363836,6.12527170320352,6.115841303666433,6.13662572224935,6.1136343755324685,6.126653111775717,6.167325986524423,6.125275522371133,6.101110140283903,6.169058754642805,6.103449416359266,6.13033142944177,6.177084273298582,6.101759418149788,6.11562348206838,6.120870939095815,6.144376685818036,6.130353796680768,6.094187890489895,6.139134621818861,6.122246351440748,6.1688133101662,6.120045043726763,6.1692374058564505,6.193447288473448,6.195962360103925,6.147288205822309,6.2107021813591325,6.140019353230794,6.1275496434172,6.171805397172769,6.129823062916597,6.142391305764517,6.146584622462591,6.142692888875803,6.200592528482279,6.168404107590517,6.130487221678098,6.177292938729128,6.190039346118769,6.133776644368967,6.1242056112488115,6.14841924627622,6.104385563333828,6.0973019709189735,6.143603750964006,6.142605090041956,6.210983036061128,6.169659120341143,6.179145755072435,6.089165154298146,6.11248982956012,6.135786527295908,6.106478062172731,6.125711323519548,6.172663703163465,6.185466691156229,6.142839886148771,6.144451140662035,6.1421122037371,6.155919637878736,6.199505922695002,6.194545718332132,6.2069193040331205,6.17519358833631,6.174929700692495,6.165378804107507,6.15328288068374,6.194489614566168,6.238508653541406,6.105534767111143,6.102846833666166,6.172211827834448,6.2235242863496145,6.194434623022874,6.192429416974386,6.245559514363609,6.362748464544616,6.446971891423068,6.54798332800468,6.657980118890606,6.703603588541352,6.701757252713048,6.762986746331059,6.808617955644929,6.831340850194299,7.0707979716857325,7.107848022778834,7.116590062876547,7.056326890190447,6.915155605872477,6.994223581155146,7.093232067724074,7.186767593820896,7.158646661539879,7.228702867229786,6.976803052922095,7.152612016995753,7.274975412090625,7.422185316582528,7.332624097665157,7.501700829168168,7.317495820720996,7.172536944349612,7.1805648388465295,7.243907557030524,7.401533329983558,7.370542128880825,7.138365273078287,7.170628206928576,7.138807607193793,7.159368195136394,7.07218982269367,6.952146125336493,6.944050380786265,6.961934802730883,6.956317829390372,6.862458832164609,6.9074931069215175,7.08168032576641,6.959909168978536,6.966691999038066,7.016491858263816,6.848480263849103,6.806110645135248,6.87011794974407,6.901573865016306,6.980722852249945,6.891537869473302,6.770299586852396,6.757908112307393,6.954452848037089,7.038588698108996,6.8344201134642,6.988871436019743,7.042303060491885,7.021641871829832,7.031818130513037,6.902610290249194,6.954133523007239,7.136781594355906,7.124569319983328,7.4737245040138625,7.294138690729942,7.259634034236278,7.273137998779621,7.288391384383049,7.1570016314586065,7.110550759633388,7.119134841461982,6.911829389532412,7.004466057618464,7.015527070661391,6.922763687570895,6.875463696618879,6.859206365247571,6.8245575903852815,6.670399884780251,6.886528396805131,7.032524450918044,6.77173545678457,6.841239457329118,6.825757565399015,6.763470817108953,6.679759139915311,6.57951365609964,6.625269196828209,6.650688793559872,6.6669625317057,6.510248734553658,6.375276535352072,6.4231588911016795,6.41283434679111,6.497086464067303,6.46282241066297,6.387520847817264,6.476811381479107,6.3234610702594125,6.26694137354692,6.26387050618728,6.310168084402879,6.3011931626995406,6.27725882490476,6.2503912579019865,6.219933952291807,6.247591688235601,6.26894203623136,6.256238780518373,6.251261094113192,6.204384485681852,6.219725094934305,6.223036676545938,6.242691078384718,6.243318842252096,6.237134666939577,6.215467883547148,6.214623640080293,6.232565958698591,6.243626601000627,6.267794287701448,6.24349789818128,6.2031691052516305,6.190011120339235,6.238765778740247,6.203936731119951,6.227350205977758,6.194920096000036,6.240521813233694,6.236735986371835,6.19965975155433,6.180044012268385,6.168892250855764,6.177205281456312,6.210224522252878,6.157178499301275,6.178791435559591,6.218498718341192,6.216953373452028,6.1734766798218095,6.206136228044828,6.22654639561971,6.220743575294813,6.163653714557488,6.215685568352541,6.228101926942667,6.247780960996946,6.257693401475749,6.261073194642862,6.258257219692072,6.286114640434583,6.2143395029505095,6.204421298106512,6.18631473561128,6.1505425172050785,6.184652286966642,6.224968589444956,6.160141523679097,6.211623101731142,6.208279778261979,6.232605396111807,6.216031329830488,6.181541811426481,6.200827010770639,6.235246010025342,6.1988108118375145,6.18625777622064,6.170138456424078,6.21381650586923,6.142658068140348,6.140715640385946,6.177831893761953,6.203876665731271,6.218909476002057,6.173604610462984,6.219431070586046,6.221225533088049,6.2427774923046435,6.241109591623148,6.174993165334066,6.176806642015776,6.185006984968981,6.18837131847938,6.160767089625199,6.155625495811303,6.150646215279896,6.1290262662371,6.1406698991854975,6.222375650902589,6.192456444998583,6.202899985214075,6.173576537271341,6.166837806900343,6.224312931497892,6.184148242076239,6.156760951181253,6.1856416906913125,6.168575871785482,6.17027280886968,6.175155539413294,6.16427402039369,6.1859405075510345,6.197813362975916,6.172480451663335,6.182059945364793,6.197991222043832,6.238758949240049,6.241999425192675,6.246200130184492,6.2897757129867875,6.239639106889567,6.180750377078851,6.189897510906061,6.196838729580244,6.19055358906587,6.157320627470812,6.187405700584253,6.212131971021494,6.186014711757501,6.202437299688658,6.331466641028723,6.396609317560992,6.29024780591329,6.226701376636823,6.198292132814726,6.191969719727834,6.113399336536725,6.180953699251017,6.190598221619925,6.162852512796721,6.185724028547606,6.2138087426622715,6.228549401660761,6.197801279922327,6.190645851691564,6.14765544017156,6.195282075603803,6.207473294039568,6.178279338975748,6.196632665594419,6.199034431477388,6.203809823294481,6.238096550007661,6.172195793588957,6.169943112929662,6.151648889382681,6.196829734643301,6.156469730337461,6.150364624162515,6.130086537798246,6.152989290853342,6.140985235770544,6.199250898559889,6.159639294644197,6.134967634578547,6.146611240704854,6.207525236805281,6.129627117117247,6.168459145923456,6.143735366960367,6.203946267267068,6.221519745190939,6.174594561358293,6.176639589866002,6.190982779463132,6.15854511876901,6.140525888105234,6.1895531569918,6.143526579042276,6.179055333634218,6.162151108880838,6.223790050943693,6.274620883365473,6.199746936162313,6.191608928342661,6.24309169759353,6.222074018915495,6.248582684298358,6.216552310188612,6.270185333689054,6.271070606907209,6.298580313523611,6.226444961031278,6.2078120802839605,6.204375137587388,6.23275261660417,6.206591757138571,6.178390963574251,6.22798608382543,6.151198995610079,6.2326835872729625,6.257874492605529,6.274459729691347,6.246587789555391,6.262152807017169,6.229682802756629,6.296147023936113,6.26749230225881,6.277599188586077,6.236758587261042,6.21864303757747,6.202379677792391,6.20726957966884,6.212853872676691,6.19963328798612,6.2126550214489304,6.2391245307525,6.222753839095434,6.179344162841638,6.2314418723185865,6.217945839663347,6.17309076478084,6.199729085465273,6.243125064273677,6.194897299309572,6.148824722369512,6.1565717335542045,6.150213071306547,6.202854895492395,6.17922737022241,6.247518306275209,6.248405825694403,6.199314058919748,6.189911093314489,6.201587582131228,6.184843535919985,6.190012148221334,6.163424571057161,6.197590786417326,6.22741240521272,6.226551292141279,6.1559725900491085,6.1718740122516955,6.193392893572649,6.178150397141775,6.141239329179128,6.173632084627947,6.183743222554525,6.183703904946645,6.2085466076930365,6.178101608653864,6.206792267759641,6.22454379161199,6.159554015298685,6.147685412069162,6.1695030139883364,6.183363621135553,6.080863691767056,6.117178596456846,6.175820907553037,6.216467787226041,6.160874761839708,6.219158716698488,6.187762989302477,6.223410482307275,6.212921983798346,6.202987362643083,6.231018267770609,6.174735913773378,6.158467884560427,6.184330335160097,6.170346039136251,6.157833247979482,6.183528171082338,6.154476223488649,6.202030706902345,6.222877498765786,6.212736950119337,6.189814193149408,6.1347197245558105,6.17218191643556,6.1260185872515045,6.138208617766699,6.2087971286972365,6.214734894533953,6.148968445857366,6.176602908273538,6.206629672547182,6.24535530080398,6.251594544847807,6.285040931900343,6.3945527090628955,6.454696683486304,6.458284689386687,6.405339208443961,6.414591612120471,6.432573368450007,6.356899711688361,6.276274297734103,6.241971045335134,6.26209659298261,6.173962751527628,6.033360542555649,5.964685785075028,6.026957957645257,6.027876844902832,6.100227582057316,6.10598974754413,6.092953647275765,6.128254690368969,6.173545447786649,6.111224121650059,6.12775848766168,6.181639656623205,6.154572893877824,6.127294303675493,6.186685158809026,6.180081162055334,6.193960471053918,6.127823811670145,6.156325299640497,6.161470551987489,6.174558955331644,6.157363223036131,6.176867220600446,6.147940585215887,6.174970213671526,6.143601495226225,6.165556152661642,6.147900137503942,6.162196395595869,6.2718838547666875,6.212041028936705,6.175198498566946,6.221114670832952,6.20272051503261,6.166321852405867,6.166849501927694,6.173378764291605,6.211040050586065,6.191474324961503,6.166419771810373,6.1489585792024934,6.15382310350736,6.2097402407725655,6.185827985902628,6.155655552645524,6.150014700790246,6.140144771238169,6.100122623344261,6.153212752540907,6.147031458516916,6.148310380776723,6.136302588184675,6.155666213532289,6.163491478463015,6.168266421457132,6.131907443304857,6.168307436903318,6.114698158701262,6.152098078330358,6.160069773395857,6.16610823293527,6.136706856091817,6.148186453481515,6.120015515287718,6.152934707601865,6.129102917214235,6.140457933743795,6.164574882586797,6.1461976944406835,6.1640153621633855,6.193164476056894,6.1821655707558,6.2136826326449714,6.15844169964393,6.123420179088911,6.116400891145071,6.1639425735672315,6.164712667961916,6.169489829440912,6.202786916097006,6.208392903705438,6.1751226135094965,6.1683481888969744,6.102303084631761,6.129594210882982,6.095975517531235,6.086355137427648,6.199734602471193,6.183863324721655,6.209275878866514,6.21017124881347,6.247594220240911,6.177552664180597,6.196534557839235,6.165204713245234,6.162983641227087,6.166264801224073,6.210827289720377,6.219886752565702,6.141231648524602,6.142944771846135,6.189474699695905,6.203775414129098,6.2067527466019,6.232007161577543,6.202569426794847,6.177584938307604,6.1683034648497905,6.2050059606631605,6.136254957218964,6.201299726565679,6.24388929416736,6.204363033970197,6.147714569469294,6.112403569122156,6.1348217131694165,6.1550748436649645,6.1925182717045155,6.158537341852983,6.185872371693453,6.114703282018503,6.139792843957741,6.153094308873018,6.134152475496133,6.11976841946443,6.142098080714543,6.12556504746278,6.142079119284948,6.125820241471132,6.134510781665643,6.176455822487672,6.178296636839708,6.122535566588243,6.124174915452799,6.20478100736936,6.119157153566679,6.121594157417616,6.13100328405698,6.081494627495607,6.1345920826991405,6.159607922931513,6.142168966134388,6.1427500488360725,6.13745009024938,6.102864588697752,6.145143922468026,6.149669638474783,6.090570489962895,6.142626444001993,6.133665304978689,6.1376977165540065,6.139111385544141,6.132162916262945,6.124885898431143,6.132351366182169,6.128854305644831,6.098504407902558,6.121915723582109,6.143092929025491,6.094685244758924,6.073824588855108,6.123394639392693,6.134911484320959,6.116653754015764,6.090364819069704,6.126243651707967,6.120011049111684,6.107492388387522,6.086869568427403,6.0889248450597115,6.192040310402712,6.137844985922178,6.085514841874439,6.073074862261612,6.124426908691724,6.1252928562959035,6.1694451936086026,6.15988705833753,6.142835076948007,6.156360708077749,6.144417315324147,6.10043824960788,6.11066734512647,6.052340438266595,6.018519755204518,6.059002775152524,6.101029426058132,6.130887165864309,6.1309173794587455,6.121051311095556,6.123173028727373,6.163944286008676,6.17236750861009,6.130606959660849,6.110873962243398,6.098073483904202,6.167376603384813,6.178310076793036,6.181071680088838,6.2211994193991025,6.205592121978601,6.179948197205862,6.153543383677801,6.1103175898393,6.11235348512729,6.1384068294366205,6.071682659884293,6.092142467399437,6.151913658281168,6.183290955921015,6.161830651064714,6.1242480312784515,6.137015775640806,6.130106359322866,6.135646754105887,6.0698509218295404,6.072170434792835,6.176725886662801,6.155803548892339,6.089332239230473,6.091961330374081,6.102275636394819,6.10555247803529,6.090437095065911,6.122810289760431,6.113872634967168,6.114827103813489,6.0226040588816,5.933337709804374
