10.100000023841858,5,10.199999988079071,5,7.399999976158142,5.700000047683716,5.799999952316284,3.700000047683716,5.799999952316284,8.600000023841858,5,12.100000023841858,5,8.5,5,12.299999952316284,5,5,12.400000035762787,5,11.5,5,10.199999988079071,5,13.300000011920929,5,5,13.599999964237213,5,5,10.900000035762787,5,11.800000011920929,5,11.799999952316284,5,5,11,5,9.900000035762787,5,11.300000011920929,5,11.199999988079071,5,11.699999988079071,5,5,12.899999976158142,5,12,5,5,9.700000047683716,5,12,5,10.399999976158142,5,9.399999976158142,5,11.600000023841858,5,9.600000023841858,5,9.899999976158142,5,8.5,5,8.5,5,11.300000011920929,5,9.300000011920929,5,12,5,10.799999952316284,5,9,5,11.5,5,9.600000023841858,5,11,5,11.199999988079071,5,5,8.099999964237213,11.5,5,5,8.5,10.300000011920929,5,11.300000011920929,5,5,8.299999952316284,11.400000035762787,5,5,10,5,9.399999976158142,5,11.5,5,8.699999988079071,5,10.899999976158142,5,8.600000023841858,8.600000023841858,5,7,5,8.899999976158142,8.699999988079071,5,8.800000011920929,5,7.199999988079071,8.400000035762787,5,9.399999976158142,5,9.199999988079071,5,11,5,8.300000011920929,5,11.600000023841858,5,7.599999964237213,10.600000023841858,5,5,11,5,8.199999988079071,11.099999964237213,5,5,8.800000011920929,11.100000023841858,5,5,10,5,7.099999964237213,7.900000035762787,5,7.799999952316284,9.100000023841858,5,8.300000011920929,5,6,8.599999964237213,5,8.5,9.800000011920929,5,10.900000035762787,5,9,5,11.399999976158142,5,9.5,5,9.699999988079071,5,7.900000035762787,5,8.599999964237213,5,10.400000035762787,5,7.299999952316284,8.300000011920929,5,7.699999988079071,9.900000035762787,5,6.899999976158142,5,8,7.699999988079071,5,9.900000035762787,5,7.099999964237213,7.300000011920929,5,9.100000023841858,5,8.300000011920929,10,5,11.399999976158142,5,9.199999988079071,5,10.800000011920929,5,11,5,5,9.399999976158142,5,12,5,8.400000035762787,5,9.399999976158142,5,7.5,8.400000035762787,5,8.899999976158142,8.600000023841858,5,8.099999964237213,5,9.199999988079071,5,11.400000035762787,5,8.699999988079071,5,10.600000023841858,5,12.399999976158142,5,10.399999976158142,5,12.5,5,5,12.900000035762787,5,11.899999976158142,5,5,11.800000011920929,5,13.100000023841858,5,5,13.299999952316284,5,12.700000047683716,5,5,11.5,5,13.100000023841858,5,5,12.800000011920929,5,11.199999988079071,5,5,11.899999976158142,5,11.600000023841858,5,14.399999976158142,5,5,11.900000035762787,5,5,11.699999988079071,5,13.399999976158142,5,5,13,5,11.100000023841858,5,5,11.899999976158142,5,14,5,5,13.300000011920929,5,11.199999988079071,5,5,12.5,5,13.5,5,5,13,5,11.800000011920929,5,5,11.800000011920929,5,13,5,5,13.300000011920929,5,11.099999964237213,5,5,12.199999988079071,5,13.300000011920929,5,5,13.300000011920929,5,11,5,5,12.5,5,13.100000023841858,5,5,13.399999976158142,5,11,5,5,12.5,5,13.399999976158142,5,5,13.200000047683716,5,10.699999988079071,5,5,12.399999976158142,5,13.100000023841858,5,5,13,5,10.599999964237213,5,12.5,5,5,13.5,5,5,13.200000047683716,5,10.899999976158142,5,12.5,5,5,13.600000023841858,5,5,13.699999988079071,5,11.300000011920929,5,5,12.5,5,13.399999976158142,5,5,13,5,11.899999976158142,5,5,12.700000047683716,5,12.399999976158142,5,5,10.899999976158142,5,9.800000011920929,5,12.199999988079071,5,12.700000047683716,5,5,9.899999976158142,5,9,5,8.199999988079071,9.800000011920929,5,12.199999988079071,5,5,9.699999988079071,5,11.800000011920929,5,9.699999988079071,5,9.400000035762787,5,10.099999964237213,5,11.5,5,12.399999976158142,5,5,13.600000023841858,5,12.100000023841858,5,5,11.599999964237213,5,12.699999988079071,5,5,12.800000011920929,5,12.600000023841858,5,5,9.699999988079071,5,12,5,13.5,5,5,10.5,5,11.699999988079071,5,13.100000023841858,5,5,12.300000011920929,5,11.599999964237213,5,5,11.5,5,14.600000023841858,5,5,12.5,5,10.300000011920929,5,12.5,5,5,13.599999964237213,5,5,12.900000035762787,5,9.899999976158142,5,11.5,5,12.899999976158142,5,5,13.300000011920929,5,5,12.300000011920929,5,12.699999988079071,5,5,11.100000023841858,5,12.599999964237213,5,12.5,5,5,14.400000035762787,5,5,12.699999988079071,5,11.699999988079071,5,5,11.599999964237213,5,10.5,5,14.900000035762787,5,5,12,5,5,12.800000011920929,5,13.699999988079071,5,5,12.300000011920929,5,9.699999988079071,5,10.099999964237213,5,11.5,5,5,9.900000035762787,5,12.800000011920929,5,12.199999988079071,5,5,10.199999988079071,5,11.399999976158142,5,13.600000023841858,5,5,11,5,12.100000023841858,5,12.899999976158142,5,5,10.600000023841858,5,10.199999988079071,5,11.599999964237213,5,12.700000047683716,5,5,11.599999964237213,5,11.900000035762787,5,11.199999988079071,5,5,10.699999988079071,5,11.899999976158142,5,12.300000011920929,5,5,13.199999988079071,5,12.900000035762787,5,5,12.599999964237213,5,12.300000011920929,5,5,11.5,5,10.800000011920929,5,12.5,5,5,10.899999976158142,5,11.200000047683716,5,11.799999952316284,5,5,10.700000047683716,5,10.399999976158142,5,11.300000011920929,5,12.899999976158142,5,5,10.100000023841858,5,10.699999988079071,5,8.300000011920929,5,8.300000011920929,9.099999964237213,5,8.600000023841858,5,11.199999988079071,5,9.699999988079071,5,11.199999988079071,5,12.200000047683716,5,5,11,5,11.699999988079071,5,10.099999964237213,5,11.400000035762787,5,12.300000011920929,5,5,10.899999976158142,5,10.300000011920929,5,10.599999964237213,5,12.700000047683716,5,5,10.799999952316284,5,11.700000047683716,5,10.5,5,13.799999952316284,5,5,10.300000011920929,5,13.199999988079071,5,5,12.200000047683716,5,9.199999988079071,5,9.5,5,14.5,5,5,11.199999988079071,5,12.399999976158142,5,5,12.200000047683716,5,7.599999964237213,5,11.300000011920929,5,13.5,5,5,13.100000023841858,5,10.5,5,11.5,5,5,12.899999976158142,5,10.699999988079071,5,11.5,5,5,10.300000011920929,5,10.199999988079071,5,8.600000023841858,5.5,5,4.699999988079071,3.400000035762787,3.5,5,7.100000023841858,7,4.099999964237213,3.600000023841858,3.5,4.100000023841858,5.900000035762787,6.800000011920929,6.799999952316284,5,4.700000047683716,4.899999976158142,3.199999988079071,2.800000011920929,3.900000035762787,4.100000023841858,3.400000035762787,3.100000023841858,3.5,3,3.600000023841858,4.199999988079071,3,2.699999988079071,2.900000035762787,3.300000011920929,3,3.300000011920929,2.900000035762787,2.699999988079071,3.100000023841858,3.300000011920929,8.199999988079071,11.200000047683716,5,12.299999952316284,5,5,10.300000011920929,5,11.199999988079071,5,8.5,5,8.5,5,8.400000035762787,7.300000011920929,5,9.5,5,10.099999964237213,5,10.300000011920929,5,10,5,10.199999988079071,5,9,5,6.800000011920929,6.199999988079071,7.399999976158142,5,7.699999988079071,6.200000047683716,5,6.5,5,6.5,5.899999976158142,5,4.100000023841858,4.199999988079071,7.899999976158142,9.600000023841858,5,7.599999964237213,5,7.700000047683716,4.799999952316284,4.200000047683716,3.5,4.099999964237213,3.5,3,3.100000023841858,3.400000035762787,3.199999988079071,3.300000011920929,2.900000035762787,2.699999988079071,3.600000023841858,4,3.699999988079071,3.199999988079071,3,3.100000023841858,3,3.199999988079071,3.5,3,2.900000035762787,2.800000011920929,2.900000035762787,7.100000023841858,11.5,5,12.199999988079071,5,5,10,5,9.299999952316284,5,10.700000047683716,5,9.299999952316284,5,8.400000035762787,6.5,5,5.199999988079071,5.100000023841858,3.699999988079071,3.199999988079071,3.199999988079071,3.300000011920929,3.199999988079071,3.600000023841858,3.300000011920929,2.800000011920929,2.800000011920929,3.600000023841858,3.900000035762787,3.600000023841858,3.199999988079071,3,3,3,3.199999988079071,2.900000035762787,2.900000035762787,2.900000035762787,2.900000035762787,3.600000023841858,3.800000011920929,3.699999988079071,2.600000023841858,2.800000011920929,3.100000023841858,2.900000035762787,2.699999988079071,3.100000023841858,3.5,3,2.900000035762787,2.900000035762787,3,3.199999988079071,3,3.400000035762787,2.699999988079071,2.900000035762787,3.5,2.900000035762787,3.5,3.699999988079071,3.300000011920929,3.5,3.100000023841858,3.300000011920929,3.300000011920929,3.199999988079071,3.5,3.100000023841858,8.699999988079071,9.300000011920929,5,8,5,8.599999964237213,11,5,5,13,5,12.300000011920929,5,5,9.699999988079071,5,9.100000023841858,7,5,6.199999988079071,5.100000023841858,5.899999976158142,10.699999988079071,5,12.600000023841858,5,5,11.5,5,11.600000023841858,5,5,9.399999976158142,8.800000011920929,5,6.899999976158142,5,6.199999988079071,6.600000023841858,6.600000023841858,11.199999988079071,5,5,12.300000011920929,5,12.199999988079071,5,5,9,7.800000011920929,5,6.799999952316284,6.100000023841858,5,6,6.100000023841858,8.600000023841858,5,13.399999976158142,5,9.400000035762787,5,12.599999964237213,5,5,10.300000011920929,5,9,5,8.300000011920929,5.599999964237213,4,3.600000023841858,4,4.199999988079071,3,2.800000011920929,7.5,8.199999988079071,5,9.800000011920929,5,9.5,5,6,6.199999988079071,4.900000035762787,5,5,5.300000011920929,6.5,7.199999988079071,5,6.899999976158142,5.699999988079071,5.300000011920929,4.900000035762787,5.099999964237213,4.100000023841858,5.399999976158142,7,5,9.5,5,8,9.800000011920929,5,6.699999988079071,6.800000011920929,5,5.399999976158142,5.5,4.400000035762787,4.399999976158142,5.100000023841858,3.199999988079071,2.900000035762787,7.400000035762787,7.799999952316284,5,9.600000023841858,8.199999988079071,5,8.100000023841858,5,6.800000011920929,4.599999964237213,4.5,3.600000023841858,3.599999964237213,3.600000023841858,4.800000011920929,9.900000035762787,10.399999976158142,5,5,13.100000023841858,5,11.699999988079071,5,5,9,11.599999964237213,5,5,6.800000011920929,6,5.5,4.400000035762787,6.799999952316284,5,6.200000047683716,9.399999976158142,5,8.100000023841858,10.199999988079071,5,7.300000011920929,5,6.099999964237213,5,3.600000023841858,3.399999976158142,3.5,3.699999988079071,3.300000011920929,3.199999988079071,8.400000035762787,10.799999952316284,5,8,5,10.200000047683716,5,6.299999952316284,6.800000011920929,5,4.699999988079071,5.100000023841858,4.300000011920929,7,6.5,7.900000035762787,5,5.899999976158142,6.800000011920929,8.5,5,8.199999988079071,5,7.699999988079071,6.600000023841858,5,5.599999964237213,6,3.5,3.700000047683716,6.300000011920929,7.199999988079071,7.100000023841858,5,5.699999988079071,6.5,7.600000023841858,5,8,10.199999988079071,5,13.399999976158142,5,5,11,5,9.699999988079071,5,10.900000035762787,5,7.099999964237213,5,7.400000035762787,5.899999976158142,6.400000035762787,5,10.699999988079071,5,12.699999988079071,5,10.699999988079071,5,11.199999988079071,5,5,9.300000011920929,5,7.5,7.5,5,6.699999988079071,7.400000035762787,9.899999976158142,5,12.400000035762787,5,5,10.599999964237213,5,11.699999988079071,5,10.400000035762787,5,10.5,5,10,5,7.699999988079071,5,9.199999988079071,5,8.800000011920929,5,10.300000011920929,5,9.699999988079071,5,6.699999988079071,6.5,5.5,5.699999988079071,5.5,5,4.900000035762787,5,3.5,4.900000035762787,6.400000035762787,11,5,9.799999952316284,5,12.400000035762787,5,10.199999988079071,5,9.100000023841858,5,8.299999952316284,5,8.200000047683716,5,8.5,5.5,5.699999988079071,5,4.199999988079071,4.400000035762787,8.300000011920929,11.100000023841858,5,13.699999988079071,5,5,13,5,5,10.099999964237213,5,11.900000035762787,5,8.599999964237213,5,7.200000047683716,7.899999976158142,5,11.199999988079071,5,12.900000035762787,5,5,11.599999964237213,5,10.100000023841858,5,8.899999976158142,5,6.600000023841858,5.699999988079071,3.600000023841858,3.899999976158142,3.699999988079071,3,7.400000035762787,6.599999964237213,10.400000035762787,5,8.799999952316284,5,9.300000011920929,5,7.400000035762787,5.599999964237213,5,4.5,3.5,3.600000023841858,3.800000011920929,3.699999988079071,3.400000035762787,6.800000011920929,7.399999976158142,6.5,5,5.100000023841858,5.199999988079071,4.600000023841858,5.199999988079071,4.800000011920929,4.5,5.200000047683716,5,4,3.5,3.699999988079071,3.699999988079071,3.300000011920929,3.5,3.600000023841858,2.800000011920929,2.699999988079071,2.699999988079071,3.400000035762787,2.800000011920929,2.900000035762787,2.800000011920929,2.900000035762787,3.100000023841858,2.699999988079071,2.900000035762787,2.900000035762787,3.199999988079071,2.699999988079071,2.800000011920929,2.900000035762787,3.100000023841858,2.699999988079071,2.900000035762787,3,3.199999988079071,2.800000011920929,3.900000035762787,5.800000011920929,9.699999988079071,5,12.800000011920929,5,8.199999988079071,5,8.400000035762787,7.299999952316284,5,5.800000011920929,6.100000023841858,5.699999988079071,5.100000023841858,4.399999976158142,3.300000011920929,3.800000011920929,3.599999964237213,4,3.199999988079071,3.199999988079071,3.400000035762787,3.100000023841858,3.100000023841858,3.699999988079071,3,3.600000023841858,3,3.300000011920929,3.600000023841858,3.199999988079071,3.300000011920929,3,3,2.800000011920929,3,3.100000023841858,2.800000011920929,2.699999988079071,2.800000011920929,3,2.699999988079071,2.699999988079071,2.900000035762787,2.900000035762787,2.900000035762787,2.800000011920929,2.699999988079071,2.900000035762787,3.300000011920929,2.800000011920929,2.699999988079071,3,3.199999988079071,2.900000035762787,2.800000011920929,2.800000011920929,2.900000035762787,2.800000011920929,3.199999988079071,3.199999988079071,3.5,3.800000011920929,3.199999988079071,2.800000011920929,2.800000011920929,2.900000035762787,3,2.800000011920929,3,2.900000035762787,3.199999988079071,2.800000011920929,2.800000011920929,2.900000035762787,2.900000035762787,4.400000035762787,6,8.600000023841858,12.399999976158142,5,5,10.300000011920929,5,8.699999988079071,5,7,7,5,6.199999988079071,5.300000011920929,3.699999988079071,4.100000023841858,3.400000035762787,3.600000023841858,4.100000023841858,2.900000035762787,2.900000035762787,3.400000035762787,3.400000035762787,3.900000035762787,2.800000011920929,2.800000011920929,3.100000023841858,2.900000035762787,2.800000011920929,3.300000011920929,7,6.900000035762787,4.5,3.799999952316284,3.800000011920929,3.699999988079071,3.699999988079071,3.800000011920929,4.199999988079071,3.300000011920929,3.400000035762787,3,3,3.199999988079071,3.300000011920929,2.699999988079071,2.699999988079071,2.900000035762787,3.100000023841858,2.699999988079071,2.800000011920929,3,3.199999988079071,2.900000035762787,3.199999988079071,2.699999988079071,3.199999988079071,3.300000011920929,4,3.199999988079071,2.800000011920929,3.699999988079071,3.900000035762787,3.5,8.199999988079071,6.900000035762787,5,5.099999964237213,4.200000047683716,3.800000011920929,3.699999988079071,3.900000035762787,4,5.199999988079071,5.5,5.5,5.800000011920929,8.699999988079071,5,12.700000047683716,5,8.899999976158142,5,8.800000011920929,5,6.5,6.300000011920929,5.699999988079071,5.899999976158142,5,4.5,3.300000011920929,3.400000035762787,3,3.300000011920929,3.699999988079071,3.199999988079071,3.100000023841858,4,4.300000011920929,3.900000035762787,3.400000035762787,3.199999988079071,3.600000023841858,3,3.100000023841858,2.800000011920929,2.699999988079071,2.900000035762787,2.900000035762787,3.199999988079071,2.600000023841858,3.100000023841858,2.900000035762787,3.199999988079071,2.699999988079071,3,2.900000035762787,3.199999988079071,3.100000023841858,3,2.800000011920929,2.800000011920929,3.199999988079071,2.600000023841858,2.699999988079071,2.800000011920929,3.400000035762787,2.800000011920929,2.699999988079071,2.800000011920929,2.800000011920929,2.800000011920929,3.199999988079071,2.800000011920929,2.900000035762787,2.900000035762787,3,3.300000011920929,4.100000023841858,3.600000023841858,3,2.900000035762787,5.600000023841858,6.399999976158142,6.900000035762787,8.899999976158142,5,8.5,5,8.899999976158142,5,7.800000011920929,5.199999988079071,5.900000035762787,9.399999976158142,5,10.600000023841858,5,12.099999964237213,5,5,8.5,7.5,5,7.300000011920929,6,5,5.899999976158142,3.5,3.199999988079071,3.400000035762787,3.699999988079071,3.100000023841858,2.800000011920929,2.900000035762787,3.199999988079071,3.699999988079071,3.600000023841858,2.800000011920929,2.800000011920929,2.900000035762787,2.900000035762787,3.300000011920929,2.800000011920929,2.800000011920929,2.800000011920929,3.400000035762787,2.699999988079071,2.699999988079071,2.699999988079071,2.800000011920929,3,3.300000011920929,2.900000035762787,3.600000023841858,3.800000011920929,4,3.100000023841858,2.900000035762787,2.900000035762787,3.100000023841858,2.800000011920929,3.199999988079071,2.699999988079071,2.900000035762787,2.600000023841858,2.600000023841858,5.600000023841858,6,6.800000011920929,8.399999976158142,5,8.5,5,8.199999988079071,6.400000035762787,4.599999964237213,3.400000035762787,2.699999988079071,3,2.900000035762787,3.900000035762787,6.100000023841858,6.199999988079071,4,3.300000011920929,2.900000035762787,2.699999988079071,3,4.699999988079071,6.5,10.400000035762787,5,10.399999976158142,5,12.899999976158142,5,5,8.600000023841858,11.800000011920929,5,5,9.699999988079071,5,8.399999976158142,6.400000035762787,5,6,6,5.5,5.699999988079071,5.800000011920929,5.300000011920929,5.099999964237213,5.100000023841858,5,5.300000011920929,3.599999964237213,3.399999976158142,3.400000035762787,3.299999952316284,3.199999988079071,7.5,7.600000023841858,5,6.300000011920929,3.5,3,2.900000035762787,3,3.699999988079071,3.300000011920929,2.699999988079071,2.600000023841858,2.800000011920929,3.100000023841858,3.199999988079071,3.400000035762787,3.5,3.300000011920929,7.400000035762787,7.899999976158142,5,9.100000023841858,8,5,8.399999976158142,5,5.5,4.100000023841858,4.299999952316284,4.100000023841858,4.300000011920929,4.5,4.100000023841858,3.100000023841858,5.400000035762787,6.399999976158142,7.699999988079071,9.100000023841858,5,9.899999976158142,5,6.900000035762787,5,9,10.699999988079071,5,5,12,5,9.699999988079071,5,9.699999988079071,5,12,5,8.400000035762787,5,9.099999964237213,5,9.199999988079071,5,9.600000023841858,8.800000011920929,5,8.099999964237213,5,10,5,7.300000011920929,7.400000035762787,5,6.299999952316284,6.300000011920929,6,5,7.300000011920929,12,5,10.199999988079071,5,10.699999988079071,5,5,10.399999976158142,5,10.200000047683716,5,9.5,5,5.299999952316284,4.600000023841858,7.100000023841858,6.5,9.699999988079071,5,8.399999976158142,5,9.199999988079071,5,7.700000047683716,9.399999976158142,5,9.800000011920929,5,10,5,9.099999964237213,5,7.400000035762787,10.300000011920929,5,7.899999976158142,5,10,5,6,6.099999964237213,5,5.100000023841858,5.399999976158142,5.900000035762787,6.399999976158142,8,5,10.899999976158142,5,12.800000011920929,5,10.800000011920929,5,5,11.399999976158142,5,8.900000035762787,5,8.199999988079071,8.199999988079071,5,7,7.300000011920929,5,7.699999988079071,8.5,5,10.600000023841858,5,11,5,8.599999964237213,5,8.5,5,6.200000047683716,4,3.799999952316284,4.300000011920929,3.600000023841858,2.900000035762787,6.800000011920929,7.899999976158142,9.800000011920929,5,9.400000035762787,5,7.699999988079071,5,6.599999964237213,5.300000011920929,5.800000011920929,4.600000023841858,6.299999952316284,5,6.400000035762787,8.399999976158142,5,6.199999988079071,6.400000035762787,7.599999964237213,5,6.900000035762787,7.899999976158142,5,6.199999988079071,5.400000035762787,5,5.800000011920929,5.699999988079071,7.399999976158142,5,6.900000035762787,7.800000011920929,5,5.600000023841858,5.699999988079071,7.300000011920929,6.699999988079071,5,7.699999988079071,6.100000023841858,4.799999952316284,4.100000023841858,4.199999988079071,3.100000023841858,3,5.100000023841858,6.099999964237213,6.900000035762787,7.300000011920929,5,5.799999952316284,5.5,4.200000047683716,3.899999976158142,3.600000023841858,5.400000035762787,6,6.799999952316284,9.700000047683716,5,8.599999964237213,5,8.400000035762787,6.799999952316284,5,5.400000035762787,5.699999988079071,4.199999988079071,4.199999988079071,4.400000035762787,4.699999988079071,3.300000011920929,7.600000023841858,8.300000011920929,5,10,5,8.799999952316284,8.800000011920929,5,6.800000011920929,5,5.5,5.600000023841858,4.599999964237213,4.699999988079071,5.200000047683716,3.399999976158142,2.900000035762787,6.900000035762787,7.699999988079071,9.300000011920929,5,8.399999976158142,5,8.300000011920929,5,6.599999964237213,5.800000011920929,5.900000035762787,4.299999952316284,5.300000011920929,6.5,5,7.600000023841858,7.099999964237213,5.600000023841858,5,7,6.800000011920929,7.599999964237213,5,7.900000035762787,6.099999964237213,5,4.900000035762787,5.099999964237213,3.900000035762787,4.300000011920929,7,7.5,7.600000023841858,5,4.800000011920929,5.199999988079071,7.5,7.699999988079071,5,7.399999976158142,5.700000047683716,5,6.199999988079071,4.399999976158142,4.400000035762787,3.799999952316284,6,5.600000023841858,6.300000011920929,6.799999952316284,5.5,5,5.400000035762787,7.300000011920929,7.699999988079071,5,7.199999988079071,6.300000011920929,6.300000011920929,5,4.799999952316284,5,4.100000023841858,3.699999988079071,3.300000011920929,3.199999988079071,3.300000011920929,3.600000023841858,3.400000035762787,2.900000035762787,3,3,2.900000035762787,3,3.199999988079071,2.800000011920929,2.800000011920929,3.5,3.5,3.800000011920929,3,3,3.199999988079071,2.600000023841858,2.699999988079071,3.100000023841858,2.800000011920929,3,3.400000035762787,2.699999988079071,2.699999988079071,2.600000023841858,2.699999988079071,2.800000011920929,2.600000023841858,2.699999988079071,2.699999988079071,2.699999988079071,3,2.900000035762787,3.100000023841858,3.100000023841858,3,3.199999988079071,2.800000011920929,2.900000035762787,2.900000035762787,2.900000035762787,2.900000035762787,2.800000011920929,2.699999988079071,3,3,3.100000023841858,2.800000011920929,2.699999988079071,2.600000023841858,2.699999988079071,2.900000035762787,2.699999988079071,2.900000035762787,3,3,2.699999988079071,2.699999988079071,2.900000035762787,3,3.100000023841858,5.800000011920929,5.199999988079071,5.100000023841858,3.899999976158142,3.600000023841858,3.400000035762787,3.100000023841858,3.199999988079071,2.900000035762787,3,2.800000011920929,3,3.100000023841858,3.199999988079071,2.800000011920929,2.800000011920929,2.800000011920929,2.900000035762787,2.800000011920929,3,3,2.800000011920929,2.699999988079071,3.300000011920929,2.800000011920929,2.699999988079071,2.699999988079071,2.600000023841858,2.600000023841858,3.5,3.699999988079071,3,4.100000023841858,6.100000023841858,4.899999976158142,3.900000035762787,3.5,3.600000023841858,3.199999988079071,3.100000023841858,2.900000035762787,3.199999988079071,3.699999988079071,4.199999988079071,4.400000035762787,3.600000023841858,3,2.900000035762787,3.100000023841858,3.199999988079071,2.900000035762787,2.900000035762787,3.100000023841858,3.300000011920929,3.199999988079071,3.300000011920929,3,2.800000011920929,3.100000023841858,3.400000035762787,2.900000035762787,2.800000011920929,2.900000035762787,3.100000023841858,3.400000035762787,2.699999988079071,2.600000023841858,2.699999988079071,2.900000035762787,2.800000011920929,2.699999988079071,2.800000011920929,3.400000035762787,2.900000035762787,3.300000011920929,2.800000011920929,2.900000035762787,2.800000011920929,2.800000011920929,3.199999988079071,3.5,3,2.800000011920929,2.699999988079071,2.900000035762787,3.100000023841858,2.699999988079071,2.699999988079071,2.800000011920929,2.699999988079071,2.600000023841858,2.600000023841858,2.800000011920929,3.199999988079071,3,3.100000023841858,2.900000035762787,3.100000023841858,2.800000011920929,2.900000035762787,2.800000011920929,8.300000011920929,9.5,5,10.699999988079071,5,10.800000011920929,5,10.399999976158142,5,8.300000011920929,5,7.699999988079071,5,6.300000011920929,5.800000011920929,5.899999976158142,6.5,5,7,5.400000035762787,5,5.300000011920929,5.299999952316284,5.200000047683716,5.099999964237213,5.100000023841858,5.099999964237213,4.800000011920929,4.800000011920929,4.800000011920929,4.899999976158142,4.900000035762787,4.899999976158142,4.899999976158142,5.100000023841858,3.100000023841858,3,2.900000035762787,2.800000011920929,3.100000023841858,2.600000023841858,2.699999988079071,3.400000035762787,2.900000035762787,3,2.800000011920929,3,2.699999988079071,2.600000023841858,2.699999988079071,2.699999988079071,2.699999988079071,3,3,2.900000035762787,3,3.100000023841858,2.800000011920929,3.600000023841858,3.300000011920929,2.600000023841858,2.600000023841858,2.699999988079071,2.900000035762787,3,2.699999988079071,2.699999988079071,2.800000011920929,2.699999988079071,2.600000023841858,3,3.100000023841858,3.199999988079071,2.699999988079071,2.900000035762787,2.900000035762787,2.800000011920929,2.800000011920929,3,3.100000023841858,3,2.800000011920929,2.800000011920929,3.699999988079071,3.900000035762787,3.400000035762787,3.699999988079071,3.100000023841858,3,3.400000035762787,2.699999988079071,2.800000011920929,3.400000035762787,2.900000035762787,2.800000011920929,2.800000011920929,2.900000035762787,2.900000035762787,3.100000023841858,3,3.199999988079071,3.600000023841858,2.900000035762787,2.800000011920929,3,2.800000011920929,3,2.699999988079071,2.900000035762787,2.600000023841858,2.5,2.900000035762787,3.199999988079071,3,2.800000011920929,2.800000011920929,3.300000011920929,3,2.900000035762787,2.699999988079071,2.800000011920929,2.600000023841858,2.600000023841858,2.699999988079071,2.900000035762787,2.699999988079071,2.699999988079071,9.400000035762787,9.799999952316284,5,12,5,5,10.399999976158142,5,10.100000023841858,5,8.100000023841858,7.699999988079071,5,6.699999988079071,6.300000011920929,5,4.599999964237213,4.100000023841858,3.600000023841858,3.5,3.5,3.400000035762787,3.300000011920929,3.199999988079071,3.5,3.800000011920929,3.900000035762787,3.900000035762787,3.400000035762787,3.5,3.699999988079071,3.900000035762787,3.5,3.400000035762787,3.5,3.300000011920929,3.199999988079071,3.100000023841858,3.199999988079071,3.199999988079071,3.400000035762787,3.600000023841858,3.199999988079071,3.100000023841858,3.300000011920929,3.5,3.400000035762787,3.5,3.199999988079071,3.100000023841858,3.400000035762787,4,3.199999988079071,3,3.100000023841858,2.800000011920929,2.900000035762787,2.900000035762787,3,2.800000011920929,2.900000035762787,2.900000035762787,2.800000011920929,3,3,3.100000023841858,2.900000035762787,3,2.900000035762787,2.800000011920929,3,3.5,3.300000011920929,3.100000023841858,3.300000011920929,3.400000035762787,2.800000011920929,2.800000011920929,2.600000023841858,2.600000023841858,2.699999988079071,3,2.800000011920929,2.800000011920929,3,3.300000011920929,2.800000011920929,2.699999988079071,2.800000011920929,2.900000035762787,2.800000011920929,3.199999988079071,2.900000035762787,2.900000035762787,2.699999988079071,2.800000011920929,2.800000011920929,3.100000023841858,3.300000011920929,3,3,8,11,5,8.199999988079071,5,10,5,7,6.100000023841858,5,5.100000023841858,4.799999952316284,3.300000011920929,3.199999988079071,3.5,2.900000035762787,6.800000011920929,6.600000023841858,9.399999976158142,5,7.5,5,9.600000023841858,6.399999976158142,5,9.300000011920929,5,9.599999964237213,5,10.900000035762787,5,10.599999964237213,5,9.700000047683716,5,11.299999952316284,5,9.600000023841858,5,10.199999988079071,5,5.699999988079071,4.900000035762787,5,3.800000011920929,3.299999952316284,3.300000011920929,3.300000011920929,3.900000035762787,4.900000035762787,6.100000023841858,6.899999976158142,9.800000011920929,5,8.5,5,8.399999976158142,6.800000011920929,5,5.100000023841858,5.399999976158142,3.800000011920929,4.5,6.300000011920929,7,7,5,5.699999988079071,6.399999976158142,6.400000035762787,6.5,5,7.699999988079071,5.899999976158142,5.700000047683716,5,5,3.899999976158142,3.699999988079071,6.5,6.300000011920929,5,6.600000023841858,5.5,5.599999964237213,6.5,6.5,5,6.699999988079071,7.400000035762787,5,6.199999988079071,4.399999976158142,4.900000035762787,4.199999988079071,3.100000023841858,6.900000035762787,6.699999988079071,7.800000011920929,5,5.799999952316284,5.5,7.400000035762787,5,7,7.399999976158142,5.5,5,5.600000023841858,4.300000011920929,4.699999988079071,3.199999988079071,2.900000035762787,7.199999988079071,8.300000011920929,5,7.5,6.100000023841858,6.699999988079071,5,6.699999988079071,7,7.400000035762787,5,6.199999988079071,5,5.300000011920929,4.399999976158142,3.300000011920929,7.300000011920929,7.399999976158142,5,9.399999976158142,5,5.400000035762787,5.599999964237213,7,7.5,5,7.200000047683716,5.599999964237213,5.5,4.100000023841858,4.5,3.300000011920929,3,6.900000035762787,6.5,8.099999964237213,5,5.400000035762787,5.599999964237213,7.600000023841858,5,7,8.399999976158142,5,5.900000035762787,6,5.299999952316284,5.600000023841858,3.300000011920929,5.399999976158142,6.300000011920929,6.300000011920929,9.300000011920929,5,8.599999964237213,5,8.699999988079071,5,6.100000023841858,5.199999988079071,5.100000023841858,4.300000011920929,4.299999952316284,4.200000047683716,4.699999988079071,3.199999988079071,4.600000023841858,6.100000023841858,7.300000011920929,9.199999988079071,5,8.399999976158142,5,7.699999988079071,6.300000011920929,5,5.100000023841858,5.199999988079071,3.5,3.100000023841858,3.300000011920929,3.900000035762787,2.900000035762787,7.100000023841858,6.899999976158142,9.900000035762787,5,7.899999976158142,5,8.800000011920929,5,6.800000011920929,5.399999976158142,5,3.5,3.100000023841858,3.300000011920929,3.300000011920929,3.100000023841858,2.800000011920929,7.199999988079071,8,5,9.200000047683716,8.299999952316284,5,8.100000023841858,5,6.699999988079071,5,5.300000011920929,4.199999988079071,3.5,3.300000011920929,3.300000011920929,3,5.100000023841858,6.099999964237213,7.700000047683716,9,5,8.399999976158142,5,7.800000011920929,6.5,5,5.5,5.5,3.5,4.300000011920929,3.400000035762787,3.5,3.5,7.199999988079071,7.200000047683716,9.799999952316284,5,8.300000011920929,5,8.600000023841858,5,6.899999976158142,6.5,5.5,5,3.600000023841858,3,3.199999988079071,3.100000023841858,3,6.699999988079071,7.600000023841858,9,5,8.399999976158142,5,8.700000047683716,5,7.099999964237213,6.300000011920929,5.800000011920929,3.800000011920929,5.599999964237213,6.300000011920929,5,7.100000023841858,7.199999988079071,5.800000011920929,5,6.599999964237213,6.300000011920929,7.300000011920929,5,7.300000011920929,6,4.399999976158142,4.800000011920929,3.399999976158142,2.900000035762787,3,2.800000011920929,2.699999988079071,3.100000023841858,2.800000011920929,3.400000035762787,2.800000011920929,2.600000023841858,2.699999988079071,2.800000011920929,2.800000011920929,2.900000035762787,3,3,2.900000035762787,2.699999988079071,2.699999988079071,3,3.5,2.699999988079071,2.5,2.900000035762787,2.800000011920929,2.900000035762787,2.699999988079071,2.900000035762787,2.900000035762787,2.900000035762787,3,2.800000011920929,3.300000011920929,2.800000011920929,3,2.900000035762787,3,3.300000011920929,6,5.199999988079071,4.700000047683716,3.099999964237213,2.600000023841858,2.800000011920929,3.300000011920929,3.800000011920929,2.900000035762787,2.699999988079071,2.900000035762787,3.400000035762787,2.800000011920929,2.699999988079071,2.800000011920929,3,3.199999988079071,2.699999988079071,2.600000023841858,2.699999988079071,3.100000023841858,2.800000011920929,2.900000035762787,2.800000011920929,2.800000011920929,2.800000011920929,2.699999988079071,2.800000011920929,2.800000011920929,2.600000023841858,2.699999988079071,2.800000011920929,2.900000035762787,2.600000023841858,2.900000035762787,3.699999988079071,4,3.900000035762787,3.199999988079071,3.100000023841858,3.199999988079071,3.199999988079071,3.400000035762787,2.699999988079071,3,3.199999988079071,3.100000023841858,2.800000011920929,2.800000011920929,2.699999988079071,2.800000011920929,2.900000035762787,2.900000035762787,2.699999988079071,2.800000011920929,2.900000035762787,3.199999988079071,2.800000011920929,2.800000011920929,2.900000035762787,2.800000011920929,2.800000011920929,3.100000023841858,3.199999988079071,2.800000011920929,2.699999988079071,2.800000011920929,3.100000023841858,2.699999988079071,2.600000023841858,2.699999988079071,2.800000011920929,2.800000011920929,3.100000023841858,3.400000035762787,3.100000023841858,3.199999988079071,2.699999988079071,2.699999988079071,2.699999988079071,2.800000011920929,2.800000011920929,3.300000011920929,2.800000011920929,2.699999988079071,2.800000011920929,2.600000023841858,2.699999988079071,2.800000011920929,2.699999988079071,2.600000023841858,2.600000023841858,2.800000011920929,3,2.699999988079071,2.900000035762787,3.100000023841858,2.800000011920929,3,2.600000023841858,2.800000011920929,2.900000035762787,2.900000035762787,2.800000011920929,3.100000023841858,2.600000023841858,2.5,2.699999988079071,2.900000035762787,2.600000023841858,2.699999988079071,2.600000023841858,2.800000011920929,2.699999988079071,2.800000011920929,3,3.300000011920929,2.800000011920929,2.900000035762787,2.800000011920929,3,2.800000011920929,3.400000035762787,2.699999988079071,3,2.699999988079071,2.699999988079071,2.800000011920929,2.800000011920929,2.699999988079071,2.600000023841858,2.699999988079071,2.900000035762787,2.699999988079071,2.699999988079071,3,3.300000011920929,2.699999988079071,2.600000023841858,2.699999988079071,2.800000011920929,2.900000035762787,2.900000035762787,2.699999988079071,2.900000035762787,3.199999988079071,3.100000023841858,2.800000011920929,3.100000023841858,2.900000035762787,2.699999988079071,2.600000023841858,2.800000011920929,2.900000035762787,2.699999988079071,3.300000011920929,2.800000011920929,3.300000011920929,2.600000023841858,2.699999988079071,2.800000011920929,2.800000011920929,2.800000011920929,3,2.600000023841858,3,2.600000023841858,2.5,2.600000023841858,2.800000011920929,2.699999988079071,3,2.900000035762787,3.199999988079071,3,2.900000035762787,3,2.900000035762787,2.699999988079071,2.699999988079071,2.900000035762787,2.800000011920929,3.100000023841858,3.199999988079071,2.5,2.800000011920929,3.300000011920929,3.800000011920929,3.300000011920929,2.5,2.800000011920929,3.199999988079071,2.699999988079071,2.600000023841858,2.699999988079071,2.900000035762787,3,2.900000035762787,2.900000035762787,2.900000035762787,2.800000011920929,2.800000011920929,2.900000035762787,3,3,2.800000011920929,2.900000035762787,3,2.800000011920929,2.600000023841858,2.800000011920929,2.800000011920929,2.699999988079071,2.800000011920929,3,3.300000011920929,3.400000035762787,3,2.800000011920929,2.800000011920929,2.800000011920929,2.800000011920929,3,3,3.199999988079071,2.800000011920929,2.600000023841858,2.800000011920929,2.900000035762787,3,2.800000011920929,2.800000011920929,2.800000011920929,2.699999988079071,2.699999988079071,3,3.5,3.100000023841858,2.699999988079071,2.600000023841858,2.699999988079071,2.900000035762787,3,2.699999988079071,2.800000011920929,3.199999988079071,2.800000011920929,2.699999988079071,2.800000011920929,3,2.699999988079071,2.699999988079071,2.900000035762787,2.699999988079071,2.699999988079071,2.900000035762787,3.300000011920929,3.100000023841858,2.600000023841858,2.699999988079071,3,3.199999988079071,2.699999988079071,2.600000023841858,2.699999988079071,3.100000023841858,2.5,2.699999988079071,2.900000035762787,2.600000023841858,2.5,2.699999988079071,3.600000023841858,3.300000011920929,2.900000035762787,2.900000035762787,3.199999988079071,3.199999988079071,3.199999988079071,3.300000011920929,3,2.900000035762787,3,2.699999988079071,2.699999988079071,2.699999988079071,2.800000011920929,3,2.800000011920929,2.600000023841858,3.300000011920929,2.600000023841858,2.5,2.800000011920929,3,2.800000011920929,3.100000023841858,2.800000011920929,3.100000023841858,2.800000011920929,2.699999988079071,2.900000035762787,3,3.100000023841858,2.600000023841858,2.699999988079071,3.199999988079071,2.900000035762787,2.600000023841858,2.800000011920929,2.800000011920929,2.600000023841858,2.600000023841858,2.699999988079071,2.800000011920929,2.900000035762787,3,2.900000035762787,3.300000011920929,3.300000011920929,2.699999988079071,2.699999988079071,2.800000011920929,2.900000035762787,2.699999988079071,2.600000023841858,2.699999988079071,2.800000011920929,2.600000023841858,2.699999988079071,2.699999988079071,2.600000023841858,2.600000023841858,2.699999988079071,2.800000011920929,2.800000011920929,3.300000011920929,2.900000035762787,3.400000035762787,2.699999988079071,2.800000011920929,2.900000035762787,3.100000023841858,2.600000023841858,2.900000035762787,3.199999988079071,2.900000035762787,3,3,2.699999988079071,2.699999988079071,2.900000035762787,2.600000023841858,2.800000011920929,2.699999988079071,3.300000011920929,3.600000023841858,2.900000035762787,7.800000011920929,8.199999988079071,5,10.100000023841858,5,8.800000011920929,9.199999988079071,5,7.100000023841858,5,5.800000011920929,5.899999976158142,5,4.900000035762787,5.199999988079071,4.099999964237213,6.600000023841858,5.300000011920929,7.199999988079071,5,9.800000011920929,5,10.199999988079071,5,6.699999988079071,6.800000011920929,5.100000023841858,5.399999976158142,5,3.800000011920929,3.699999988079071,4.400000035762787,2.900000035762787,4.800000011920929,6.5,7.699999988079071,9.200000047683716,5,9.799999952316284,5,6.300000011920929,6.199999988079071,5,4.400000035762787,4.5,3.5,2.900000035762787,3.100000023841858,3.300000011920929,3.199999988079071,6.699999988079071,6.700000047683716,9.799999952316284,5,7.5,5,9.400000035762787,5,6.699999988079071,5.5,4.600000023841858,3.599999964237213,3.400000035762787,3.199999988079071,3.699999988079071,3,2.900000035762787,7.199999988079071,7.900000035762787,5,9.599999964237213,9,5,8,5,6.900000035762787,5.599999964237213,5.800000011920929,5,5,4.699999988079071,4.800000011920929,3.900000035762787,5.199999988079071,6.400000035762787,8.300000011920929,9.199999988079071,5,10.199999988079071,5,5.800000011920929,5,5.899999976158142,4.699999988079071,5.100000023841858,3.100000023841858,2.699999988079071,7.699999988079071,6.600000023841858,6.600000023841858,5,5.299999952316284,4.900000035762787,7,6.599999964237213,7.300000011920929,5,5.699999988079071,6,4.600000023841858,4.699999988079071,3.800000011920929,3.600000023841858,5.599999964237213,6,6.699999988079071,7.100000023841858,5,5.800000011920929,4.300000011920929,3.799999952316284,3.900000035762787,3.100000023841858,5.699999988079071,6.600000023841858,9.5,5,7.699999988079071,10,5,5.400000035762787,5.699999988079071,5,4.399999976158142,4.5,3.699999988079071,3.400000035762787,3.699999988079071,3.900000035762787,3.400000035762787,6.900000035762787,6.599999964237213,9.5,5,7.100000023841858,5,9.399999976158142,5.800000011920929,5,5.899999976158142,5,5.200000047683716,3.699999988079071,3.699999988079071,3.800000011920929,3.5,4.300000011920929,6.600000023841858,7.599999964237213,9.300000011920929,5,8.5,5,8.300000011920929,5,7.100000023841858,4.399999976158142,4.5,3.399999976158142,2.900000035762787,3.300000011920929,3.300000011920929,3.5,5,6.100000023841858,7,10.399999976158142,5,10.400000035762787,5,6.899999976158142,5,6.899999976158142,5.700000047683716,6,4.399999976158142,7.399999976158142,5,7.5,7.700000047683716,5,6.099999964237213,7.199999988079071,6.400000035762787,5,7.199999988079071,7.300000011920929,5,5.899999976158142,4.600000023841858,4.300000011920929,3.799999952316284,3.199999988079071,5.900000035762787,6.299999952316284,6.800000011920929,7.100000023841858,5,5.699999988079071,6.100000023841858,6.699999988079071,7.5,5,7.199999988079071,5.699999988079071,5,5.100000023841858,5.099999964237213,3.800000011920929,3,6.699999988079071,6.400000035762787,7.5,5,5.5,5.599999964237213,6.900000035762787,6.699999988079071,5,8.199999988079071,6.900000035762787,5,5.5,4.399999976158142,4.800000011920929,3.199999988079071,2.800000011920929,6.699999988079071,7.600000023841858,7.199999988079071,5,6,6.900000035762787,6.799999952316284,5,7.600000023841858,7.600000023841858,5,6.699999988079071,4.800000011920929,5.099999964237213,3.300000011920929,2.699999988079071,5,6.300000011920929,6.899999976158142,7.100000023841858,5,6.199999988079071,7.199999988079071,6.600000023841858,5,7.300000011920929,7.399999976158142,5,6,5.400000035762787,5.199999988079071,4.099999964237213,3.600000023841858,6.900000035762787,6.599999964237213,7.900000035762787,5,5.799999952316284,6.300000011920929,7.600000023841858,5,7.800000011920929,7.399999976158142,5,6.199999988079071,5,4.400000035762787,4.599999964237213,3.199999988079071,3,7,7.600000023841858,7.099999964237213,5,6,5.200000047683716,4.899999976158142,4.199999988079071,3.100000023841858,2.899999976158142,3.100000023841858,3.300000011920929,2.900000035762787,3.100000023841858,3.199999988079071,3,3,3.100000023841858,3,2.900000035762787,2.900000035762787,3,3.199999988079071,3,2.800000011920929,2.600000023841858,2.900000035762787,3,2.900000035762787,2.800000011920929,2.800000011920929,3.100000023841858,3.100000023841858,2.800000011920929,2.699999988079071,2.800000011920929,2.800000011920929,3,3.199999988079071,2.900000035762787,3,2.900000035762787,3.199999988079071,2.699999988079071,2.800000011920929,2.600000023841858,2.600000023841858,2.699999988079071,2.800000011920929,3,2.900000035762787,3.300000011920929,3,2.800000011920929,2.600000023841858,2.900000035762787,2.900000035762787,3,3.100000023841858,2.5,2.800000011920929,2.900000035762787,2.699999988079071,3,2.699999988079071,3.199999988079071,2.699999988079071,2.600000023841858,2.699999988079071,2.800000011920929,2.800000011920929,3.199999988079071,2.900000035762787,3,2.699999988079071,2.800000011920929,2.900000035762787,3,5,4.400000035762787,4.400000035762787,3.699999988079071,3.600000023841858,3.199999988079071,3,3.100000023841858,3,3.100000023841858,2.900000035762787,2.900000035762787,3.100000023841858,3.100000023841858,2.900000035762787,3.199999988079071,2.800000011920929,2.900000035762787,2.800000011920929,3,2.699999988079071,2.900000035762787,3.199999988079071,3.300000011920929,2.900000035762787,2.900000035762787,2.900000035762787,2.800000011920929,2.600000023841858,2.800000011920929,2.800000011920929,2.800000011920929,2.800000011920929,3,3.100000023841858,3.199999988079071,2.699999988079071,2.800000011920929,2.800000011920929,3,2.800000011920929,2.600000023841858,2.800000011920929,2.600000023841858,2.699999988079071,3.400000035762787,5.699999988079071,6.800000011920929,7.100000023841858,6.599999964237213,5,6,3.600000023841858,3.899999976158142,2.800000011920929,2.800000011920929,2.699999988079071,2.900000035762787,2.900000035762787,3,2.900000035762787,2.900000035762787,3,3.5,3.100000023841858,3,3.100000023841858,3.400000035762787,3.199999988079071,2.699999988079071,2.600000023841858,2.699999988079071,3.5,3.199999988079071,3.5,2.900000035762787,2.900000035762787,3.199999988079071,2.800000011920929,3,2.800000011920929,2.900000035762787,2.699999988079071,2.699999988079071,2.900000035762787,3.199999988079071,2.699999988079071,2.800000011920929,2.600000023841858,2.800000011920929,2.900000035762787,2.800000011920929,2.900000035762787,3.100000023841858,3.100000023841858,2.800000011920929,2.800000011920929,2.900000035762787,2.900000035762787,2.900000035762787,2.800000011920929,2.800000011920929,2.900000035762787,2.699999988079071,2.800000011920929,2.699999988079071,3,2.699999988079071,3,2.699999988079071,2.900000035762787,2.699999988079071,2.800000011920929,2.900000035762787,2.900000035762787,2.600000023841858,2.600000023841858,2.800000011920929,2.800000011920929,3,2.699999988079071,2.900000035762787,3.199999988079071,3.300000011920929,7.100000023841858,8.5,5,9.599999964237213,5,8.700000047683716,8.599999964237213,5,6,4.199999988079071,3.200000047683716,3.599999964237213,3.699999988079071,2.800000011920929,3.199999988079071,3.800000011920929,5.900000035762787,6,4.699999988079071,4.399999976158142,3.900000035762787,3.100000023841858,2.800000011920929,2.900000035762787,3,3.199999988079071,3.100000023841858,3.199999988079071,3.300000011920929,3.300000011920929,3.199999988079071,2.900000035762787,2.900000035762787,2.800000011920929,2.900000035762787,3.199999988079071,3.100000023841858,3.199999988079071,3.300000011920929,2.900000035762787,3,2.600000023841858,2.5,2.699999988079071,2.900000035762787,2.699999988079071,2.699999988079071,2.800000011920929,2.900000035762787,3.100000023841858,3.199999988079071,2.800000011920929,2.900000035762787,2.699999988079071,2.699999988079071,2.900000035762787,3.100000023841858,2.800000011920929,2.800000011920929,2.800000011920929,3,2.900000035762787,2.600000023841858,2.800000011920929,2.800000011920929,7,9.199999988079071,5,9.400000035762787,5,9.800000011920929,5,9.399999976158142,6.899999976158142,5,4.100000023841858,3.5,3.100000023841858,3.199999988079071,5.800000011920929,6.199999988079071,4.300000011920929,3,2.699999988079071,2.699999988079071,2.800000011920929,2.900000035762787,3,3.199999988079071,3.300000011920929,3.100000023841858,2.699999988079071,2.800000011920929,3,2.800000011920929,3.300000011920929,2.699999988079071,3,3.199999988079071,3.300000011920929,3.600000023841858,3.100000023841858,2.900000035762787,2.699999988079071,2.600000023841858,2.900000035762787,3,2.800000011920929,2.900000035762787,2.900000035762787,2.900000035762787,3.199999988079071,3.600000023841858,3.300000011920929,2.900000035762787,3.600000023841858,2.699999988079071,2.600000023841858,2.699999988079071,2.800000011920929,3,2.900000035762787,2.600000023841858,2.699999988079071,3,2.900000035762787,3.400000035762787,3.800000011920929,3.400000035762787,3.400000035762787,2.699999988079071,3.100000023841858,2.699999988079071,2.900000035762787,2.699999988079071,3.400000035762787,2.699999988079071,2.600000023841858,2.699999988079071,2.600000023841858,2.800000011920929,3,2.600000023841858,2.699999988079071,2.800000011920929,2.800000011920929,2.800000011920929,2.900000035762787,3,3.300000011920929,3,2.800000011920929,2.699999988079071,2.900000035762787,2.900000035762787,3.300000011920929,2.800000011920929,2.600000023841858,3.300000011920929,3.400000035762787,2.600000023841858,2.699999988079071,2.900000035762787,2.5,3,2.699999988079071,2.800000011920929,2.900000035762787,3,3.100000023841858,3,2.600000023841858,2.900000035762787,2.800000011920929,2.800000011920929,3,2.900000035762787,3,3.100000023841858,3.300000011920929,2.800000011920929,2.600000023841858,2.699999988079071,2.699999988079071,2.600000023841858,2.600000023841858,2.699999988079071,2.900000035762787,2.900000035762787,3.199999988079071,2.800000011920929,2.900000035762787,2.699999988079071,4.699999988079071,5.400000035762787,4.599999964237213,3.400000035762787,3.100000023841858,7.800000011920929,8.699999988079071,5,9.800000011920929,5,10.199999988079071,5,6.300000011920929,6.5,5.199999988079071,5.5,5,4.800000011920929,4.5,4.800000011920929,3.900000035762787,5.5,6,7.600000023841858,9.099999964237213,5,8.300000011920929,5,7.800000011920929,6.600000023841858,5,5.599999964237213,5.600000023841858,3.5,3.5,3.600000023841858,3.800000011920929,3.300000011920929,7.300000011920929,7.699999988079071,5,9.5,8.100000023841858,5,8.399999976158142,5,6.800000011920929,6,5.699999988079071,5.100000023841858,4.899999976158142,5.100000023841858,4.5,4.5,7.099999964237213,5,6.300000011920929,9.300000011920929,5,6.300000011920929,9.300000011920929,5,5.699999988079071,5.5,4.5,4.800000011920929,3.799999952316284,3.600000023841858,3.800000011920929,3.800000011920929,3.400000035762787,5.800000011920929,5.600000023841858,6.399999976158142,9.399999976158142,5,8.300000011920929,5,8.100000023841858,6.099999964237213,5.5,5,5.400000035762787,4.099999964237213,3.5,3.400000035762787,3.600000023841858,3.600000023841858,7.900000035762787,8.5,5,9.799999952316284,5,8.700000047683716,8.5,5,7.199999988079071,5,5.899999976158142,6.199999988079071,3.800000011920929,3.5,4,2.800000011920929,3.699999988079071,6.600000023841858,7.300000011920929,9.299999952316284,5,8.200000047683716,5,8.5,6.799999952316284,5,5.300000011920929,5.100000023841858,4.399999976158142,4.300000011920929,7.100000023841858,7.399999976158142,5,7.199999988079071,6.100000023841858,7,5,7.099999964237213,7.800000011920929,5,7.300000011920929,5.699999988079071,5,4.900000035762787,4.299999952316284,3.300000011920929,4.900000035762787,6.299999952316284,7,6.800000011920929,5,5.699999988079071,6.900000035762787,6.800000011920929,5,7.299999952316284,7,5.900000035762787,5,5.5,4.5,5.099999964237213,3.200000047683716,5.400000035762787,6.299999952316284,7.200000047683716,7,5,5.799999952316284,7.100000023841858,5.800000011920929,6.800000011920929,5,6.799999952316284,5.600000023841858,5.100000023841858,4.699999988079071,4.899999976158142,4,4.900000035762787,6.399999976158142,7.199999988079071,5,6.800000011920929,5.599999964237213,6.600000023841858,5,7.300000011920929,6.699999988079071,6.899999976158142,5,5.5,5.900000035762787,4.099999964237213,4.199999988079071,3.400000035762787,3.100000023841858,6.600000023841858,7.5,7.099999964237213,5,5.900000035762787,6.800000011920929,7,5,6.599999964237213,6.800000011920929,5.399999976158142,5.300000011920929,5,4.699999988079071,4.800000011920929,3.800000011920929,6.100000023841858,6.300000011920929,7.199999988079071,7.599999964237213,5,6.400000035762787,7.5,5,6.800000011920929,8,5,6,6.099999964237213,5.199999988079071,5.400000035762787,4.300000011920929,5.599999964237213,6,6.800000011920929,5,9.600000023841858,5,8.799999952316284,8,5,5.700000047683716,4.799999952316284,4.900000035762787,3.699999988079071,3.699999988079071,3.800000011920929,3.900000035762787,3.400000035762787,3.400000035762787,6.600000023841858,7.5,9,5,8.200000047683716,5,8.199999988079071,6.699999988079071,5,5.699999988079071,5.600000023841858,3.5,3,3.100000023841858,3.300000011920929,2.900000035762787,5.300000011920929,6.300000011920929,7,9.5,5,8.300000011920929,5,8,6.699999988079071,5,4.899999976158142,5.5,3.199999988079071,3,3.199999988079071,3.400000035762787,3.300000011920929,6.800000011920929,6.699999988079071,9.5,5,7.100000023841858,5,9.099999964237213,6.5,5,6,4.600000023841858,4.600000023841858,3.5,3.699999988079071,4.199999988079071,3.800000011920929,2.800000011920929,7.199999988079071,7.900000035762787,5,9.199999988079071,8.5,5,9.100000023841858,5,8,4.899999976158142,6,5,4.899999976158142,3.400000035762787,2.900000035762787,3,3.800000011920929,3.199999988079071,5,5.900000035762787,4.199999988079071,4.300000011920929,3.5,3.600000023841858,4,3.900000035762787,4.199999988079071,3.300000011920929,2.800000011920929,2.900000035762787,3.5,3.800000011920929,3.900000035762787,3.400000035762787,3.5,3.900000035762787,4.100000023841858,3.300000011920929,3.100000023841858,3.400000035762787,3.5,3.400000035762787,3.900000035762787,2.900000035762787,2.900000035762787,3.100000023841858,2.900000035762787,3,8.699999988079071,7.600000023841858,5,6.600000023841858,4.799999952316284,4.5,4.800000011920929,5,4.699999988079071,4.200000047683716,4.199999988079071,4.300000011920929,4.400000035762787,3.400000035762787,3.600000023841858,3.600000023841858,3.100000023841858,3.199999988079071,5.100000023841858,4.800000011920929,3.5,3,3.199999988079071,3.400000035762787,3.300000011920929,3.400000035762787,2.800000011920929,3.199999988079071,3.100000023841858,3.100000023841858,3,3,2.800000011920929,2.699999988079071,2.900000035762787,3,2.699999988079071,3.300000011920929,2.699999988079071,2.5,2.800000011920929,3.300000011920929,2.800000011920929,3.100000023841858,2.900000035762787,3.5,2.699999988079071,2.600000023841858,2.900000035762787,3.100000023841858,2.800000011920929,2.800000011920929,2.600000023841858,2.800000011920929,2.900000035762787,2.800000011920929,2.800000011920929,2.800000011920929,2.699999988079071,3,2.699999988079071,3.300000011920929,2.800000011920929,3,2.800000011920929,2.800000011920929,2.900000035762787,3,2.699999988079071,2.900000035762787,3,3,3.199999988079071,3,3.300000011920929,2.600000023841858,2.699999988079071,3.199999988079071,2.600000023841858,2.800000011920929,5.199999988079071,5.600000023841858,4.5,4.199999988079071,3.600000023841858,3.400000035762787,3.400000035762787,3.5,3.600000023841858,3.800000011920929,2.699999988079071,2.5,2.699999988079071,3.100000023841858,3.300000011920929,2.699999988079071,2.900000035762787,2.900000035762787,3.199999988079071,2.600000023841858,2.400000035762787,2.900000035762787,3,3,2.800000011920929,2.800000011920929,2.900000035762787,2.699999988079071,2.800000011920929,3.400000035762787,2.800000011920929,3,2.600000023841858,2.699999988079071,3.300000011920929,2.900000035762787,2.5,2.699999988079071,3.199999988079071,2.600000023841858,2.5,2.600000023841858,2.900000035762787,3.100000023841858,3.300000011920929,2.699999988079071,2.900000035762787,2.800000011920929,2.800000011920929,2.800000011920929,2.800000011920929,3,2.800000011920929,2.800000011920929,3.5,3.100000023841858,2.699999988079071,3,2.699999988079071,3.100000023841858,2.600000023841858,2.699999988079071,3,3.199999988079071,2.699999988079071,3,2.800000011920929,2.800000011920929,2.900000035762787,3.300000011920929,3.199999988079071,2.699999988079071,2.900000035762787,2.699999988079071,2.699999988079071,2.800000011920929,2.800000011920929,2.699999988079071,3.100000023841858,2.600000023841858,2.699999988079071,2.699999988079071,2.800000011920929,3.100000023841858,3.199999988079071,2.800000011920929,3.100000023841858,2.800000011920929,2.900000035762787,3,2.699999988079071,2.800000011920929,2.900000035762787,3.600000023841858,3,2.900000035762787,2.800000011920929,3,2.800000011920929,2.600000023841858,2.800000011920929,2.800000011920929,2.699999988079071,3.199999988079071,2.699999988079071,2.800000011920929,2.800000011920929,3,2.800000011920929,2.800000011920929,2.800000011920929,2.699999988079071,2.699999988079071,2.699999988079071,3.199999988079071,2.800000011920929,2.699999988079071,2.600000023841858,2.900000035762787,2.699999988079071,2.600000023841858,2.800000011920929,2.900000035762787,3.400000035762787,3.400000035762787,2.699999988079071,2.600000023841858,2.699999988079071,2.699999988079071,2.800000011920929,3,2.600000023841858,2.699999988079071,2.800000011920929,3.5,3,2.5,2.699999988079071,3.300000011920929,2.600000023841858,2.600000023841858,2.800000011920929,2.900000035762787,3.100000023841858,2.900000035762787,2.800000011920929,2.800000011920929,2.600000023841858,2.800000011920929,2.900000035762787,3.199999988079071,2.600000023841858,2.5,3,3.699999988079071,3,2.699999988079071,2.600000023841858,2.800000011920929,2.800000011920929,2.800000011920929,3.100000023841858,2.900000035762787,3.600000023841858,2.699999988079071,2.5,2.699999988079071,2.800000011920929,2.800000011920929,3.300000011920929,2.699999988079071,3.199999988079071,2.900000035762787,3.300000011920929,2.800000011920929,2.800000011920929,2.900000035762787,3.100000023841858,2.5,2.699999988079071,3.300000011920929,2.600000023841858,2.800000011920929,2.900000035762787,3,2.600000023841858,2.800000011920929,2.699999988079071,2.800000011920929,2.900000035762787,2.699999988079071,2.900000035762787,3.699999988079071,4.100000023841858,3.400000035762787,3,3,2.900000035762787,3.199999988079071,2.900000035762787,2.800000011920929,3,3.199999988079071,3.100000023841858,2.900000035762787,2.699999988079071,2.800000011920929,3.100000023841858,2.800000011920929,2.900000035762787,2.800000011920929,2.900000035762787,2.699999988079071,3.100000023841858,2.699999988079071,2.800000011920929,2.699999988079071,2.900000035762787,2.800000011920929,2.900000035762787,2.800000011920929,3,3.300000011920929,3.5,2.600000023841858,2.600000023841858,2.5,2.800000011920929,2.800000011920929,3.300000011920929,3.199999988079071,2.699999988079071,2.800000011920929,2.800000011920929,2.800000011920929,2.800000011920929,2.800000011920929,3,3.300000011920929,2.699999988079071,2.800000011920929,3.100000023841858,2.800000011920929,3.100000023841858,2.600000023841858,2.699999988079071,2.699999988079071,2.699999988079071,2.800000011920929,3,3.100000023841858,2.400000035762787,2.699999988079071,2.699999988079071,2.699999988079071,2.699999988079071,2.699999988079071,2.699999988079071,2.699999988079071,2.600000023841858,2.699999988079071,2.600000023841858,2.800000011920929,3.100000023841858,3.199999988079071,3.199999988079071,3.199999988079071,2.600000023841858,2.800000011920929,3.600000023841858,2.800000011920929,2.800000011920929,2.699999988079071,2.900000035762787,2.600000023841858,3,3.199999988079071,3.100000023841858,3.100000023841858,7,8,5,7.900000035762787,6.799999952316284,5.700000047683716,5,5.599999964237213,4.800000011920929,6.699999988079071,6.400000035762787,8.599999964237213,5,7.600000023841858,5,10,5,5.899999976158142,6.100000023841858,4.800000011920929,5.199999988079071,4.099999964237213,5.100000023841858,6.800000011920929,6.699999988079071,7,5,5.899999976158142,6.200000047683716,6.599999964237213,5,6.900000035762787,7,5.799999952316284,5,5.600000023841858,5,5.100000023841858,3.5,5.699999988079071,7.100000023841858,9,5,6.800000011920929,5.899999976158142,7.400000035762787,5,7.199999988079071,7.800000011920929,5,6,5.599999964237213,4.800000011920929,5.199999988079071,3.400000035762787,3.5,6.699999988079071,6.300000011920929,7.5,5,5.899999976158142,6.199999988079071,7.699999988079071,5,7.800000011920929,7.5,5,6,6.199999988079071,4.600000023841858,5,3.199999988079071,4.400000035762787,6.199999988079071,7.199999988079071,6.600000023841858,5,5.5,4.899999976158142,7.399999976158142,7.300000011920929,5,7.900000035762787,5.899999976158142,5.399999976158142,4.5,5,3.300000011920929,2.900000035762787,6.199999988079071,6.099999964237213,6.800000011920929,7.300000011920929,5,5.699999988079071,7,6.900000035762787,5,8.899999976158142,5,5.899999976158142,5.900000035762787,4.5,5,4.099999964237213,3,7,6.600000023841858,7.899999976158142,5,5.800000011920929,6.399999976158142,7.600000023841858,5,8,7.800000011920929,5,4.899999976158142,4.5,4.100000023841858,4.800000011920929,3.299999952316284,3.199999988079071,7.199999988079071,6.300000011920929,9.100000023841858,5,8.599999964237213,5,8.800000011920929,5,7.600000023841858,6.300000011920929,6.099999964237213,5,4.5,3.699999988079071,3.699999988079071,3.300000011920929,4.900000035762787,6.199999988079071,6.900000035762787,9.300000011920929,5,8.399999976158142,5,8.399999976158142,6.5,5,5.800000011920929,5.699999988079071,5.100000023841858,4.899999976158142,5.199999988079071,3.300000011920929,3,7,6.5,9.300000011920929,5,7.300000011920929,5,9.899999976158142,5,6.100000023841858,6.399999976158142,5.300000011920929,3.699999988079071,3.199999988079071,3.300000011920929,3.199999988079071,3.300000011920929,3.5,6.600000023841858,7.699999988079071,9.399999976158142,5,8.300000011920929,5,8.100000023841858,5,6.599999964237213,5.100000023841858,5.399999976158142,4.300000011920929,3.100000023841858,3.100000023841858,3.300000011920929,3,5.699999988079071,6.300000011920929,7.900000035762787,9.299999952316284,5,10,5,5.900000035762787,5,5.699999988079071,4.600000023841858,4.899999976158142,3.300000011920929,2.900000035762787,3.5,3.600000023841858,3.100000023841858,7.199999988079071,7,10.200000047683716,5,8.599999964237213,5,9.100000023841858,5,6.199999988079071,4.899999976158142,4.600000023841858,3.699999988079071,3.5,3.600000023841858,3.5,3.400000035762787,3.5,6.5,7.600000023841858,9,5,8.300000011920929,5,8.5,6.699999988079071,5,6,5.899999976158142,3.5,3.600000023841858,6.800000011920929,6.599999964237213,6.900000035762787,5,5.099999964237213,5.199999988079071,6.600000023841858,6.800000011920929,7.699999988079071,5,6.199999988079071,6,4.900000035762787,5.199999988079071,3.5,3,4.399999976158142,7.5,7.900000035762787,5,7.299999952316284,6,6.400000035762787,5,6.800000011920929,7.299999952316284,7.800000011920929,5,6.5,5.300000011920929,5.399999976158142,4.100000023841858,4.699999988079071,6.900000035762787,5,6.699999988079071,6.5,5,5.300000011920929,7.199999988079071,5,7,7.899999976158142,5,5.600000023841858,5.800000011920929,4.899999976158142,5,5.100000023841858,4.199999988079071,7.400000035762787,7.899999976158142,5,7.100000023841858,5.899999976158142,5,4.900000035762787,4.5,4.199999988079071,2.900000035762787,2.800000011920929,3.100000023841858,3.400000035762787,2.800000011920929,2.800000011920929,2.900000035762787,3.100000023841858,3.199999988079071,3.400000035762787,3.199999988079071,3.100000023841858,3.400000035762787,2.800000011920929,2.800000011920929,2.900000035762787,2.900000035762787,2.699999988079071,3.300000011920929,3.600000023841858,3.300000011920929,3,2.900000035762787,2.900000035762787,2.800000011920929,2.900000035762787,2.800000011920929,2.699999988079071,2.900000035762787,3.300000011920929,3.199999988079071,2.800000011920929,2.800000011920929,3,2.800000011920929,3.300000011920929,2.699999988079071,3.100000023841858,2.699999988079071,2.5,2.699999988079071,2.699999988079071,2.600000023841858,2.600000023841858,2.699999988079071,2.800000011920929,2.699999988079071,3.100000023841858,2.900000035762787,3.5,2.900000035762787,2.699999988079071,5.5,5.900000035762787,4.5,3.699999988079071,2.800000011920929,2.699999988079071,2.800000011920929,2.699999988079071,4.699999988079071,4.800000011920929,3.699999988079071,3.100000023841858,3.5,3.699999988079071,3.400000035762787,3,3.100000023841858,5.900000035762787,6.5,6.299999952316284,4.700000047683716,4.199999988079071,4.300000011920929,3.799999952316284,3.600000023841858,3.300000011920929,3.400000035762787,3.300000011920929,3.400000035762787,3.300000011920929,3.400000035762787,3.300000011920929,3.300000011920929,3.400000035762787,3.199999988079071,3.300000011920929,3.400000035762787,3.900000035762787,2.699999988079071,2.5,2.699999988079071,3,3.199999988079071,3.100000023841858,3.400000035762787,2.900000035762787,2.699999988079071,2.699999988079071,2.600000023841858,2.800000011920929,2.800000011920929,2.600000023841858,3,2.699999988079071,3.100000023841858,2.800000011920929,2.800000011920929,2.900000035762787,3,2.699999988079071,2.800000011920929,2.800000011920929,3,3,3.199999988079071,2.600000023841858,2.900000035762787,3.600000023841858,2.900000035762787,3.100000023841858,2.699999988079071,3,2.800000011920929,2.600000023841858,2.699999988079071,2.699999988079071,2.699999988079071,3.100000023841858,3.100000023841858,2.699999988079071,2.800000011920929,2.900000035762787,2.800000011920929,3,3.100000023841858,2.600000023841858,2.699999988079071,2.800000011920929,3,2.699999988079071,2.800000011920929,2.699999988079071,2.900000035762787,2.800000011920929,2.600000023841858,2.699999988079071,2.900000035762787,2.900000035762787,2.900000035762787,2.699999988079071,2.900000035762787,2.800000011920929,2.800000011920929,3,3.300000011920929,2.699999988079071,2.699999988079071,2.699999988079071,2.900000035762787,2.699999988079071,2.900000035762787,2.800000011920929,2.699999988079071,2.600000023841858,2.699999988079071,2.800000011920929,2.800000011920929,3.300000011920929,2.800000011920929,2.800000011920929,2.699999988079071,2.900000035762787,2.900000035762787,3.199999988079071,3,2.600000023841858,2.5,2.699999988079071,2.900000035762787,2.600000023841858,2.699999988079071,2.800000011920929,3.100000023841858,3,2.699999988079071,3.100000023841858,2.900000035762787,3.199999988079071,2.900000035762787,2.800000011920929,2.800000011920929,2.800000011920929,2.800000011920929,2.800000011920929,3.300000011920929,2.600000023841858,2.600000023841858,2.800000011920929,3.300000011920929,2.699999988079071,2.5,2.699999988079071,2.800000011920929,2.600000023841858,2.699999988079071,2.699999988079071,3,3,3,2.800000011920929,2.800000011920929,2.699999988079071,2.800000011920929,3,3.300000011920929,2.600000023841858,2.900000035762787,3.199999988079071,3.5,2.699999988079071,2.5,2.600000023841858,2.699999988079071,2.900000035762787,2.900000035762787,3.600000023841858,3.699999988079071,4,3.400000035762787,3,2.800000011920929,3,3,3.300000011920929,2.800000011920929,3,2.699999988079071,2.800000011920929,2.600000023841858,2.5,2.800000011920929,2.800000011920929,2.600000023841858,2.600000023841858,2.800000011920929,2.900000035762787,3,3.199999988079071,2.900000035762787,2.699999988079071,2.600000023841858,2.600000023841858,2.800000011920929,3.100000023841858,2.900000035762787,2.600000023841858,2.900000035762787,3.300000011920929,2.900000035762787,2.699999988079071,2.600000023841858,2.900000035762787,2.699999988079071,2.600000023841858,2.600000023841858,2.800000011920929,2.800000011920929,3.300000011920929,2.800000011920929,2.900000035762787,2.800000011920929,2.600000023841858,3,3.100000023841858,2.699999988079071,2.800000011920929,2.900000035762787,3,2.600000023841858,2.600000023841858,2.699999988079071,2.800000011920929,2.600000023841858,2.699999988079071,2.900000035762787,2.800000011920929,3,3,2.900000035762787,2.800000011920929,2.800000011920929,2.600000023841858,2.800000011920929,3.5,2.699999988079071,2.800000011920929,2.900000035762787,3.300000011920929,3.199999988079071,2.699999988079071,3.400000035762787,2.800000011920929,2.900000035762787,3.600000023841858,3.800000011920929,3.100000023841858,3.100000023841858,3.5,3.100000023841858,2.800000011920929,2.699999988079071,3,3,3.100000023841858,3.199999988079071,2.699999988079071,3,3.600000023841858,2.900000035762787,3.100000023841858,2.600000023841858,2.800000011920929,2.699999988079071,2.699999988079071,2.699999988079071,2.900000035762787,2.900000035762787,3.100000023841858,3,2.800000011920929,2.699999988079071,2.600000023841858,2.699999988079071,3.100000023841858,2.800000011920929,2.699999988079071,2.800000011920929,3.100000023841858,2.699999988079071,2.600000023841858,2.699999988079071,2.900000035762787,3,2.900000035762787,2.699999988079071,2.699999988079071,2.900000035762787,3.100000023841858,2.900000035762787,2.800000011920929,2.800000011920929,2.699999988079071,2.800000011920929,3.100000023841858,3.300000011920929,2.600000023841858,2.800000011920929,2.900000035762787,3.400000035762787,2.5,2.600000023841858,2.699999988079071,2.800000011920929,2.699999988079071,2.600000023841858,2.600000023841858,2.800000011920929,3.100000023841858,3.300000011920929,2.699999988079071,2.800000011920929,2.699999988079071,2.800000011920929,2.800000011920929,2.800000011920929,2.800000011920929,2.800000011920929,3,3.300000011920929,3,2.600000023841858,2.699999988079071,2.900000035762787,2.600000023841858,2.699999988079071,2.900000035762787,3.100000023841858,3.699999988079071,2.699999988079071,6.699999988079071,7.5,9.400000035762787,5,6.399999976158142,5,6.300000011920929,3.800000011920929,3.599999964237213,3.300000011920929,7.300000011920929,6.600000023841858,9.399999976158142,5,7.399999976158142,5,9.5,5,6.800000011920929,5.5,5.100000023841858,3.599999964237213,3,3.199999988079071,3.199999988079071,3.300000011920929,2.900000035762787,6.900000035762787,7.799999952316284,9.5,5,8.400000035762787,5,8,5,6.5,5.800000011920929,5.699999988079071,5.300000011920929,4.799999952316284,5,3.300000011920929,3,6,6,7.300000011920929,9,5,8.199999988079071,5,8.300000011920929,6.699999988079071,5,5.5,5.5,3.900000035762787,5.699999988079071,6.300000011920929,7.099999964237213,5,7.400000035762787,6,7,5,6.399999976158142,6.699999988079071,7.300000011920929,5,5.800000011920929,5.399999976158142,5.100000023841858,4.300000011920929,3.899999976158142,6.399999976158142,5.900000035762787,6.399999976158142,7.400000035762787,5,6,6.699999988079071,6.599999964237213,5,6.800000011920929,7.199999988079071,5,6,5.200000047683716,5.199999988079071,3.899999976158142,3.600000023841858,7,6.600000023841858,7.599999964237213,5,5.5,5.900000035762787,7.399999976158142,5,7,7.600000023841858,5.099999964237213,5.200000047683716,4.599999964237213,4.800000011920929,3.5,3.600000023841858,5,6.5,7,6.699999988079071,5,5.699999988079071,5.699999988079071,6.900000035762787,7.699999988079071,5,6.899999976158142,5.699999988079071,5,5.800000011920929,4,4.600000023841858,2.900000035762787,5.100000023841858,6.199999988079071,6.699999988079071,7,5,5.900000035762787,5.799999952316284,7.100000023841858,7.399999976158142,5,7,5.600000023841858,5.199999988079071,4.699999988079071,4.900000035762787,4.800000011920929,6,6.399999976158142,5,9.300000011920929,5,7.399999976158142,9.600000023841858,5,6.099999964237213,6.300000011920929,4.699999988079071,5.300000011920929,3.400000035762787,3.099999964237213,3.199999988079071,3.400000035762787,2.900000035762787,3.800000011920929,6.5,7.300000011920929,8.899999976158142,5,8,5,8.5,6.600000023841858,5,5.899999976158142,5.700000047683716,4.599999964237213,4.5,4.400000035762787,4.599999964237213,4.199999988079071,6.400000035762787,5.299999952316284,5.600000023841858,9.600000023841858,5,8.399999976158142,5,8.5,6.699999988079071,5,5.800000011920929,5.600000023841858,5,4,4.5,3.199999988079071,2.699999988079071,6.400000035762787,6.299999952316284,8.600000023841858,5,7.600000023841858,9.699999988079071,5,6.300000011920929,6.299999952316284,5,4.200000047683716,4.799999952316284,3.300000011920929,3.300000011920929,4,3.400000035762787,4,6.5,7.300000011920929,9.5,5,8.5,5,7.899999976158142,6.5,5,4.600000023841858,4.600000023841858,4.5,3,3.100000023841858,3.300000011920929,3,5.800000011920929,6.300000011920929,8.199999988079071,5,9.199999988079071,10.199999988079071,5,6.300000011920929,5,6,4.900000035762787,5.299999952316284,4.200000047683716,3.599999964237213,3.800000011920929,3.800000011920929,2.900000035762787,6.699999988079071,6.800000011920929,9.199999988079071,5,7.600000023841858,5,9.699999988079071,5,6.300000011920929,6.399999976158142,4,3.800000011920929,3.100000023841858,5.199999988079071,6.300000011920929,6.900000035762787,7.399999976158142,5,5.899999976158142,6.700000047683716,6.5,7.399999976158142,5,7.399999976158142,6,5,5.300000011920929,5.199999988079071,3.800000011920929,3.400000035762787,6.5,6.300000011920929,7.5,5,5.899999976158142,6,7.200000047683716,6.799999952316284,5,7.200000047683716,5.399999976158142,5.600000023841858,4.399999976158142,4.800000011920929,3.300000011920929,3,2.900000035762787,6.400000035762787,7.199999988079071,7,5,5.899999976158142,5.5,4.800000011920929,5.100000023841858,3.699999988079071,3.5,3.300000011920929,3.5,3.100000023841858,2.900000035762787,3,3.100000023841858,3.400000035762787,3.400000035762787,3,2.800000011920929,2.900000035762787,3.199999988079071,3.199999988079071,2.600000023841858,2.800000011920929,2.900000035762787,2.800000011920929,2.800000011920929,2.900000035762787,2.900000035762787,2.800000011920929,3.100000023841858,2.699999988079071,2.699999988079071,2.900000035762787,2.900000035762787,2.699999988079071,3.100000023841858,3,2.900000035762787,3,3.100000023841858,2.900000035762787,3,2.699999988079071,3,2.699999988079071,2.900000035762787,2.900000035762787,2.699999988079071,3,3.5,2.800000011920929,2.800000011920929,2.800000011920929,3,2.800000011920929,2.800000011920929,2.699999988079071,2.699999988079071,2.900000035762787,2.900000035762787,2.900000035762787,3.100000023841858,2.900000035762787,2.699999988079071,2.800000011920929,3.300000011920929,2.699999988079071,3.100000023841858,3.199999988079071,3.800000011920929,2.800000011920929,2.699999988079071,2.600000023841858,2.699999988079071,2.900000035762787,3.5,5.100000023841858,4.399999976158142,4.800000011920929,3.300000011920929,2.800000011920929,3.199999988079071,2.900000035762787,2.699999988079071,2.800000011920929,2.800000011920929,2.800000011920929,2.699999988079071,2.900000035762787,3.400000035762787,3.100000023841858,3.300000011920929,2.800000011920929,2.800000011920929,2.900000035762787,3.100000023841858,2.800000011920929,2.800000011920929,2.900000035762787,2.699999988079071,2.699999988079071,2.600000023841858,2.800000011920929,3.100000023841858,2.600000023841858,2.600000023841858,2.800000011920929,2.699999988079071,2.699999988079071,3.100000023841858,2.900000035762787,2.800000011920929,3,3,2.800000011920929,2.900000035762787,2.800000011920929,2.699999988079071,3,3.199999988079071,2.699999988079071,2.800000011920929,2.800000011920929,2.600000023841858,2.600000023841858,2.699999988079071,2.900000035762787,2.600000023841858,2.800000011920929,3,3.5,2.800000011920929,2.600000023841858,2.800000011920929,3,3.300000011920929,2.699999988079071,2.900000035762787,2.900000035762787,3.400000035762787,2.900000035762787,2.800000011920929,2.699999988079071,2.699999988079071,2.800000011920929,2.5,2.800000011920929,2.900000035762787,3,3.100000023841858,3,3,2.800000011920929,2.699999988079071,2.800000011920929,3.100000023841858,2.699999988079071,2.600000023841858,2.800000011920929,2.800000011920929,2.699999988079071,2.900000035762787,2.699999988079071,3.199999988079071,2.600000023841858,2.699999988079071,2.800000011920929,2.800000011920929,3.300000011920929,3.100000023841858,3.300000011920929,2.699999988079071,2.800000011920929,2.699999988079071,2.800000011920929,2.900000035762787,2.900000035762787,2.699999988079071,2.699999988079071,2.699999988079071,3.300000011920929,2.800000011920929,2.699999988079071,2.699999988079071,2.800000011920929,2.600000023841858,2.600000023841858,2.600000023841858,2.800000011920929,3.199999988079071,2.699999988079071,2.900000035762787,3.100000023841858,2.900000035762787,2.699999988079071,2.900000035762787,2.900000035762787,2.699999988079071,2.600000023841858,2.800000011920929,2.800000011920929,2.699999988079071,2.600000023841858,2.699999988079071,3.199999988079071,2.800000011920929,2.600000023841858,2.699999988079071,2.900000035762787,3,3.400000035762787,2.800000011920929,3.5,2.900000035762787,2.800000011920929,2.900000035762787,2.900000035762787,2.699999988079071,2.699999988079071,2.699999988079071,2.800000011920929,2.600000023841858,2.600000023841858,2.699999988079071,2.699999988079071,2.699999988079071,2.699999988079071,2.800000011920929,3,3.199999988079071,2.699999988079071,2.699999988079071,3,2.900000035762787,2.800000011920929,2.900000035762787,2.900000035762787,3,2.900000035762787,2.900000035762787,2.900000035762787,2.900000035762787,2.699999988079071,2.699999988079071,2.800000011920929,2.900000035762787,2.699999988079071,2.800000011920929,2.900000035762787,3,2.800000011920929,3,2.900000035762787,3.100000023841858,2.800000011920929,3.100000023841858,2.800000011920929,2.900000035762787,2.699999988079071,2.600000023841858,2.699999988079071,3,2.699999988079071,2.600000023841858,2.800000011920929,3,2.600000023841858,3.100000023841858,2.900000035762787,3.199999988079071,3,2.600000023841858,2.600000023841858,2.900000035762787,2.900000035762787,2.900000035762787,3.100000023841858,2.699999988079071,2.800000011920929,2.600000023841858,2.600000023841858,2.699999988079071,2.900000035762787,2.699999988079071,3,2.699999988079071,3,3.199999988079071,2.699999988079071,2.900000035762787,2.900000035762787,2.699999988079071,3,2.900000035762787,3.400000035762787,2.900000035762787,3.199999988079071,2.600000023841858,2.699999988079071,2.900000035762787,2.900000035762787,2.699999988079071,2.800000011920929,3.400000035762787,2.600000023841858,2.600000023841858,2.800000011920929,3.100000023841858,2.699999988079071,3.100000023841858,2.800000011920929,3.199999988079071,3.300000011920929,3.600000023841858,3,3.100000023841858,3,2.800000011920929,2.800000011920929,2.900000035762787,3,3.100000023841858,2.800000011920929,2.800000011920929,2.800000011920929,3,2.600000023841858,2.800000011920929,3.199999988079071,2.800000011920929,2.900000035762787,2.699999988079071,2.699999988079071,3,2.800000011920929,3.400000035762787,2.900000035762787,3.300000011920929,2.900000035762787,3.600000023841858,2.699999988079071,2.699999988079071,2.699999988079071,2.699999988079071,3.100000023841858,2.699999988079071,2.800000011920929,2.699999988079071,2.800000011920929,2.900000035762787,2.800000011920929,2.699999988079071,3.100000023841858,2.699999988079071,3,3,2.900000035762787,2.800000011920929,2.800000011920929,3.199999988079071,3.300000011920929,2.5,2.699999988079071,3.300000011920929,2.699999988079071,2.699999988079071,2.699999988079071,2.800000011920929,2.800000011920929,3.100000023841858,3.5,2.600000023841858,2.699999988079071,2.600000023841858,2.800000011920929,3.5,2.800000011920929,2.600000023841858,2.699999988079071,2.699999988079071,2.699999988079071,2.600000023841858,2.699999988079071,2.699999988079071,2.699999988079071,2.699999988079071,2.699999988079071,2.600000023841858,2.800000011920929,2.900000035762787,2.900000035762787,2.699999988079071,3.100000023841858,2.800000011920929,3,3.199999988079071,3.5,3.100000023841858,7.5,8.100000023841858,5,8,6.800000011920929,5,5.399999976158142,4.800000011920929,4,4.100000023841858,6.5,7.300000011920929,9.399999976158142,5,8.600000023841858,5,8.899999976158142,5,7.5,5.600000023841858,5.699999988079071,3.900000035762787,3.199999988079071,4,3,2.699999988079071,5.100000023841858,6,6.800000011920929,9.599999964237213,5,8.600000023841858,5,8,6.699999988079071,5,5.5,5.800000011920929,4.899999976158142,5.100000023841858,5,5,5.399999976158142,6.400000035762787,7.399999976158142,5,9.5,5,8.699999988079071,8.400000035762787,5,6.899999976158142,5.800000011920929,5,5.800000011920929,5.199999988079071,5.5,5.400000035762787,5.099999964237213,6.800000011920929,6.699999988079071,5,9.600000023841858,5,7.699999988079071,9.900000035762787,5,6.199999988079071,6.5,5,5.5,5.800000011920929,5.599999964237213,5.900000035762787,6.699999988079071,5,7.099999964237213,5.300000011920929,5.800000011920929,7,5,6.699999988079071,7.800000011920929,5,5.899999976158142,6,5,5.400000035762787,4.099999964237213,5.300000011920929,6.300000011920929,6.899999976158142,5,7.100000023841858,6,6.800000011920929,5,5.699999988079071,6.300000011920929,7,6.200000047683716,5,6.399999976158142,3.899999976158142,4.100000023841858,2.800000011920929,5.699999988079071,5.800000011920929,6.600000023841858,7.199999988079071,5,5.5,6.300000011920929,6.399999976158142,7.199999988079071,5,7.100000023841858,5.800000011920929,5.5,4.300000011920929,4.599999964237213,4.199999988079071,4.100000023841858,6.5,6.199999988079071,7.300000011920929,5,5.800000011920929,5.599999964237213,7.200000047683716,6.899999976158142,5,8.300000011920929,5,5.899999976158142,6.100000023841858,5.399999976158142,5.300000011920929,3.399999976158142,5,6.5,6.399999976158142,6.800000011920929,5,5.400000035762787,5.100000023841858,7,6.599999964237213,5,8,5.800000011920929,6,5,4.699999988079071,5,4.100000023841858,5.300000011920929,6.300000011920929,7,7.300000011920929,5,5.699999988079071,6.399999976158142,6.100000023841858,7,5,6.800000011920929,5.5,5.5,3.899999976158142,4.600000023841858,3.299999952316284,2.900000035762787,7,6.699999988079071,9.5,5,8,5,9.300000011920929,5,7,6.199999988079071,5.600000023841858,5.100000023841858,4.799999952316284,5,4.400000035762787,4.099999964237213,7.300000011920929,5,5.800000011920929,8.899999976158142,7.700000047683716,5,10,5,6,6.199999988079071,5,4.599999964237213,4.400000035762787,4.199999988079071,4.399999976158142,4,3.800000011920929,5.800000011920929,5.5,6.600000023841858,9.899999976158142,5,8.699999988079071,5,8.699999988079071,5,6.800000011920929,5.800000011920929,5.899999976158142,3.600000023841858,3.5,4.100000023841858,3,2.600000023841858,6.600000023841858,6.399999976158142,9,5,6.900000035762787,9.5,5,6.399999976158142,7.399999976158142,5,6.800000011920929,5.5,4.600000023841858,3.800000011920929,3.699999988079071,3.399999976158142,3.600000023841858,6.5,7.800000011920929,10.300000011920929,5